0.93303 
0.156901 
0.798189 
1.13905 
1.57747 
0.241977 
0.638486 
0.737769 
0.68384 
0.430782 
0.424584 
1.15307 
1.43335 
1.6438 
3.48296 
1.67011 
0.753218 
1.64605 
2.36537 
2.61797 
2.37405 
1.53382 
1.05766 
0.58888 
2.54147 
3.85222 
2.19891 
1.18479 
0.148033 
1.14012 
0.730984 
1.77539 
3.90706 
2.29802 
1.86587 
1.8886 
2.40264 
4.21597 
1.65824 
2.04808 
2.24267 
2.99081 
2.48582 
2.77804 
0.89551 
2.59544 
3.12853 
1.28701 
2.17793 
1.5832 
2.23752 
1.48329 
2.43504 
2.16189 
3.12672 
0.933477 
2.95965 
1.88551 
1.82178 
1.53806 
2.07165 
1.09148 
1.48507 
2.76169 
2.62023 
1.42311 
1.11506 
3.26357 
2.42498 
2.71626 
2.77265 
2.97477 
2.03601 
1.50143 
3.56292 
0.192704 
1.23652 
1.82631 
2.54917 
1.68465 
3.00084 
1.50634 
1.59878 
2.82348 
2.42533 
2.07028 
3.47403 
1.60195 
2.85591 
2.76222 
1.64386 
3.66444 
2.65022 
1.26056 
1.34942 
3.75603 
2.09765 
1.90362 
0.804386 
2.37901 
