0.749565476652297 0.271344447989453 0.992714035033168 0.870401828421794 0.341928314051387 0.0121003120296956 0.636868801639321 0.0257274741545461 0.569127891047001 0.776480651287009 
1.18807042113615 0.188387896715768 0.768498672804963 1.12574098429297 0.931145024128261 0.260081688381923 0.994578046562371 0.743488795481599 0.795681588774015 0.897280091450744 
1.0303744535107 0.657840307455241 0.460407918226252 0.111693390954981 1.27328699748946 0.774115378860534 0.462207659763167 0.686897729720715 0.710053186186391 0.4049847621812 
0.735601217413105 0.0671050033927422 0.217092301373612 0.662494040013823 0.896468434631565 0.739906526520736 0.235098101595363 0.0527458183218538 0.529682332095786 0.569337502840361 
0.53067995527608 0.551224966001632 0.774846623077096 0.775476426138068 0.15358243150824 0.862857623404755 0.244088869774061 0.360742793550399 0.833586526025636 0.799691954059521 
0.541486936475624 0.940421766450364 1.49195499888965 1.12017512851496 0.0613886652111544 1.18060692669385 0.947054881532364 0.66793084725179 1.25739171092541 0.836296051369793 
0.550683026255004 0.653393407707719 0.707997042296657 0.186022694231109 0.338958062758694 0.877454929069904 0.739201826734831 0.605660367105882 0.282414492822526 0.859942879797601 
0.83588773530742 0.80111442418876 1.01698100369242 1.1129548492525 0.256457150347261 0.964998626395266 1.04841211013112 0.908558125785871 1.41678550755094 0.940424381015713 
0.888988617913592 0.844823529653873 1.5103171821463 1.78456898114098 1.2823023839908 0.720762087379498 1.19757248153498 1.42281566038067 1.30229127407054 1.53045648996579 
1.8013526248337 2.07880233959751 0.365418153113801 2.15765598755476 1.92888130449251 2.53866484327729 1.68533542466175 1.06345867377644 1.70566788830825 1.13493793274299 
1.21744882669548 1.63833277780519 1.74664522512908 0.746094727013974 2.0065147129184 1.57365716491889 0.805234396474135 1.33603513987617 1.72261325277657 0.870278651648252 
0.847546424618254 1.62284338787956 2.00387669005757 2.44638992223072 0.919518832916626 1.38054817146406 2.38744698368967 2.59130941894779 2.43108059554175 2.08585623566073 
0.401028603016437 1.53149387524997 0.708544795607794 1.76083481831252 1.65769089170127 1.4306258367518 1.51390914245708 1.52917869871488 0.559931488045626 1.23525379931399 
1.50317840224165 1.56488861445263 2.1843168572071 1.4325411490887 1.90357423375941 1.70815483326855 1.86326941491324 1.69029065114437 2.62602368610331 1.29340582945777 
1.05921094452869 1.18173738264323 0.883506951942373 0.628926372682996 0.863553428597172 1.1832167612669 1.4369479269823 1.03152092228023 1.48331530616591 1.33912563908508 
1.11740712415835 1.32176803658052 2.23700926537517 1.26261938317533 1.77949094133155 1.93136896257355 1.54692616576077 1.4125791623281 1.59023730883429 2.03633961373354 
1.09445595739526 1.0612181540072 1.58327630003946 1.15062584071581 1.56305670647504 0.909481141206052 1.66331984518219 1.26991581172219 1.03525105946875 1.27287109203908 
1.8329648582525 1.80611607307542 2.01034125101692 2.57088879943447 2.16006587959206 2.25427993892913 2.87177659283361 2.09983316596755 2.61669950457217 1.62151200210036 
2.4384842088987 1.94126142956544 1.66771204277715 2.60445828270593 1.90818784350941 1.90792779512113 2.48496679101562 1.82298136610737 1.8970478397898 1.31894917364663 
2.18371671408706 3.49191678060593 2.12600700145833 2.6661223744714 2.73826209949088 2.44795209775513 2.13725318175863 1.91466034851934 2.08256589188321 1.6884280682184 
2.0231414439547 1.05532385131275 1.0696364671494 2.13933155619856 1.9414177090728 0.817696176087053 1.1212428904487 0.955038344791689 1.71758903019641 1.54335632605253 
0.960144702629847 0.812585841092833 0.926924053311779 1.31575163185703 1.36897828101703 1.37193060295464 1.55482576394717 1.32216313561004 0.87997662887357 0.863828661559478 
1.82885690636635 1.31062942419767 1.35352339548142 1.43008073743465 1.46040013093448 1.07793712745711 2.15974700658334 1.4532394151043 1.78529196428511 2.36411639668179 
4.35393422450583 3.46454452481228 3.39646307688816 4.29440308708781 2.64239717241598 3.53299949473466 3.9513335280886 2.68585415561051 2.59290676271716 3.5082876751407 
1.46094599801013 1.41549263776211 1.74174784069164 1.67944131989248 1.69712660147007 1.07074396982725 1.62201239575437 1.50413686935601 2.00087222414347 2.15872717409379 
2.21191394287347 2.08885586065453 2.83262934923149 2.09581295952116 2.17265673625889 2.41317842585423 2.79530007521625 1.7889661239587 2.17597158393839 1.74626581455526 
1.92861860888101 2.91153027677505 1.6507399910036 2.63721048611613 1.80554666114552 2.26371869701025 1.73320764998765 2.63588378432095 2.72997933518227 1.75395132890541 
0.315048973046418 1.22185758299036 0.935849033956917 0.747334717250394 1.23419067464052 1.19833136792139 0.951173992663469 0.925793815137924 0.542222385935404 0.863052662830952 
2.49147878035539 2.10364087273439 1.85393391849306 2.39110807937795 2.1661348992235 1.2400712249437 2.40348086648256 0.817088975681075 1.59014559846691 1.15588411426535 
3.43930407917219 3.50337618542831 3.33910918530723 3.34992108654775 2.80799795723144 3.55764562272794 3.3116402969992 2.72100535948632 3.43472849371568 3.19347940620711 
1.52417759372822 1.10420505358866 2.04613651889942 1.65564437596172 1.70239029131438 1.62879301906489 1.21839080293738 1.52755983797277 1.84474541018383 0.822752186889603 
1.33059001306719 1.32575034457393 1.66217159745711 1.61677796880148 1.42321047669603 1.9309844009686 0.977197396238906 1.20571237797821 1.80918278443032 1.64523392904283 
2.0305026241834 2.49145257999441 2.00451052821979 2.47934200102215 1.91191945184689 1.72439200502313 2.72092143072633 2.3703957912134 2.99712318410409 1.24549904004305 
1.71511164812316 1.29341208100448 0.689237798715469 1.56912875136735 1.21888881819887 0.704176518470156 1.63347033202642 1.49380538910247 1.74939453752161 1.73372956078875 
2.95812402685288 3.0123911972749 2.64366165291654 3.04689828304058 2.7416744366137 2.0778976148108 2.85475233880204 2.47977162589901 2.48740481464212 1.86269337881198 
2.44822430466764 2.63379454322 2.66640919197092 2.61410292455588 2.02185267306706 2.71673825609832 2.76751160269332 2.29858647908954 3.28498833507263 2.66289022232734 
0.607643014148967 2.14652374639502 1.50106279494855 1.69854139203087 1.41222760856435 2.09538344084036 1.41114565271524 1.11293423662642 1.36202017531373 2.43711551712676 
0.451187677457986 0.621379645811297 0.619280524712664 0.644669079384328 1.4864615931062 1.16706325794624 1.29468235098782 0.610770861311355 1.26326695719921 1.00732708536182 
2.30001110942851 1.4609349184875 1.8385290708235 1.19457303289258 1.88655662188755 1.52446612786084 0.985608870614066 0.972634659558853 1.26167094181402 0.509890654175507 
0.969372514255472 1.45845069767546 1.58220645834486 1.4048240879554 1.15413158022448 1.06830504041604 2.06130500916213 1.62106360934843 1.94514456556197 1.25895055304004 
3.93610959972415 2.39993546117495 3.04271630603678 3.08721921446354 2.93687009629136 2.90975193708511 3.83144546591844 2.03164748049805 3.51903396208666 2.74911684712059 
1.39023190869164 1.97886950652369 1.56174670919296 1.10640466440578 1.39625777389245 1.77283718691456 1.28415857032943 1.52711883022181 1.5778467680322 1.37564550639406 
2.52965472979506 1.93583367133518 2.13235158658463 2.54425524353895 1.7290773284245 1.79795737722816 2.15131275273507 2.57736502157823 2.65664744723076 1.83838271783619 
1.6862904538207 2.06130433620628 1.28933315596801 2.79487806263926 2.7839169813817 2.03159069844585 1.70788041976176 1.88643242331448 0.899342495974501 1.69798338821878 
1.29213566602142 1.155423237896 1.55317428814896 0.604333418923441 2.61779446682507 1.47021121088734 0.941638883268468 1.20453809993534 2.23591804645615 1.4864038383605 
1.42121888841588 1.65877546678202 1.5046843660151 1.29387613336536 1.48716509911792 1.79895090679537 1.36333858798943 1.52355968799666 1.88009272523334 1.32881336700921 
1.32087228142248 2.68825953511895 2.34696045044287 1.60447905186097 2.43201512832188 1.67889867701808 2.1839627522514 1.4151087107285 1.5641987003434 2.28860351146567 
1.82854839141376 2.33543392183857 1.51037588647461 1.08318507716666 2.09129086943702 2.50014137273235 2.17867836573046 1.39937537324849 2.36511058160676 2.22700512323574 
2.77986294963259 3.63761715780793 2.45949885387144 2.74462817638374 2.04020622820083 2.95097983176796 1.84162607459177 2.20107488077814 3.23747169319561 2.65541656877331 
1.12012187350012 1.54356530859134 2.22282791574378 0.864183759235851 2.27843726929406 1.57393677810548 1.50675472516065 1.15087947652694 1.59619813920832 1.63215347037209 
0.521182743770599 1.60911910365412 1.46802281512031 1.48284952443701 1.79042694345298 1.38897780760119 1.82692698777696 1.38230340108478 1.83544349721985 1.67555477048783 
1.54887418874658 3.38788925814579 2.66751779181583 2.46950636770112 1.67402785301259 2.21069639821045 1.86512280618561 2.42398892771227 2.72776984894018 2.42136790555705 
1.01127435417135 1.97049071678346 1.17231854872105 2.01941414629427 2.29736291771602 1.34330693670348 1.65864160486141 1.5255775513726 1.27945864429763 2.23484902155734 
0.998635421330743 0.623237793089739 1.17524816164038 1.12593745214037 0.549964934946957 0.780602228820179 1.18502913976238 1.10790672504017 1.08284405930087 0.628343897060539 
2.09134023013527 3.69697664819886 3.51582780700019 2.80665592595344 2.79934245820239 3.41970323441449 2.46560309777624 2.98661960003434 2.12351436631568 2.66224447334337 
0.801988349748003 2.30666324135097 1.38227939376537 1.76607332390732 2.16146058231539 1.38202136291119 1.90744839438224 1.96703453555165 1.3474122535137 2.23619935280021 
2.57323459126127 2.46914482384184 3.06234992631194 3.39062760587583 2.28062684734317 3.11888311236312 2.89994371967622 2.31734754787209 4.25396743552407 2.53795927984302 
1.91872119585401 2.18200558382117 1.92976636981814 1.83534297452203 2.04481464658819 1.0775578854898 1.69082813589779 0.40331467325409 2.01133764098103 1.21500087304497 
1.39353970080594 1.80886168302937 2.34596407809324 1.44848135564313 2.02631642298332 2.49043468837699 2.04937184746777 1.09158187595476 2.44806636447066 2.69748487748138 
1.45613759219814 2.1994513036489 1.95460044220384 2.09052993442922 2.93948541453106 1.17998142362239 2.43506266024677 1.945685062194 1.30605777954675 1.62129173693477 
0.991400625500289 2.30483232974879 2.51535429457199 1.76570381281508 1.71980220016635 2.42552863861574 2.45109781416707 1.54082315672407 2.16673987290919 2.38296815717208 
1.9326476645477 1.73015579455972 2.06671077416914 1.75591538237368 1.14172274537737 1.98362921206701 1.44436675385042 1.82570290172444 1.80574904477064 1.20034142398548 
1.66911864094359 1.48218667667566 1.8164873340176 1.17185183973603 1.7135261299921 2.25372486527471 1.05032439850872 1.78255428397619 1.50926818545925 1.08039314813704 
2.26886541852547 2.48911026161376 2.07646939230604 1.56761935212766 2.02548839646617 2.73137474280588 1.82785888768796 1.6331476238263 1.69900421343296 2.93480946435451 
1.80243323366063 1.95897239510105 1.93256438872791 1.81764532117312 2.33207619100524 1.928917999434 2.32344081686338 1.83662960401585 1.94011417901767 1.07185607071889 
4.00547708773221 4.62471523114676 5.01623023028223 5.09735998092191 4.41634531194962 3.81956794893087 4.90177699732447 4.83988336008617 4.35719072165528 5.57265231280909 
2.3472020810561 2.36804971984347 1.85342731566711 3.88383870870182 2.83130400381163 3.18680478307893 3.06118302303776 1.58117075906701 2.92850545604702 2.792159203722 
2.05244617213598 2.99849428270806 3.53203629075299 2.9320050409406 2.69448394725077 1.08666975178819 3.69793399650376 3.25432815344361 2.60660371303011 3.28490688819046 
2.0650267754151 2.15225101911644 2.62288635558581 2.60479537550601 1.98299620278155 1.87626962069804 2.29243850034641 1.85942725858707 2.41840913072637 1.7902625610775 
1.90599642738429 1.96797694133764 2.14270304825988 1.52005930126813 1.05283075816425 2.0483594543567 1.48139540031544 1.47262918358049 1.36527218691279 1.79287722100483 
2.96082062928126 2.57380233832022 3.08085051791015 2.32469468250774 2.52859746439705 2.61992797683075 3.13266198577159 2.69287052077033 3.34963000565057 3.4884443384711 
2.28252248988784 2.52577275298598 3.04402576434628 2.36731455060199 2.83700584396858 3.28001266275771 2.57100431582932 1.90148990225036 2.77226888063804 3.23494202906662 
2.11882805974362 2.00122827012534 1.69109233514889 2.74759579378555 1.93646101517736 1.72119110009103 2.17222434176081 1.42189778600235 3.25570698640251 1.87888834720018 
2.89161445830114 2.77490915758686 1.88361946953573 2.90441243244098 2.8109070073323 2.26927029690973 1.68562632708543 1.51710576222666 3.37464318430716 2.24572740337057 
1.92907071115308 2.30404811371709 2.96316749482437 2.3946704617754 2.57814972205161 2.97030678263035 1.87361621616132 2.18594271305589 2.49154923075625 1.11422974686611 
1.10085341646941 1.39892685837481 0.619362793537144 1.53364394231491 1.2963988512059 1.54772047026258 1.34389207784938 1.42942467123732 1.07533233265422 0.939002739654822 
2.98884071204586 4.18325913785543 3.43261754194964 2.66384582500165 2.91084088181285 3.54521332841637 1.98840966570004 1.38850596197873 3.54352051468683 3.63096802609138 
1.57411833337804 2.16440416165773 1.9347236794945 1.36285401688091 1.29041956324033 2.1144718177263 0.977812292389186 2.10749276173202 1.96879928837374 1.23218329865838 
1.59007031316744 1.79205024968681 2.17961408705292 2.37712977767681 1.77900178044416 1.68192217825825 1.08338786143703 1.39383570510109 2.03741285391226 0.555990997801453 
4.14833155291611 3.80376417384437 4.40077989248441 2.72087112666432 2.77484820754799 3.47211896741341 3.4093716215574 2.93862124102343 4.33070959176874 2.62121509629296 
2.03603169676323 2.30593764235829 2.4566113762826 2.46247994194656 1.83361856247451 2.22244969063467 2.00508347373381 1.35852637023583 2.63709395395997 2.33642229594458 
2.49120127982789 2.92656449638895 1.60498859592128 1.74216123542141 2.89615690544967 2.30738897008763 2.70734374361507 2.64510023697697 2.24034612742888 2.12174115124663 
2.27558650569433 3.1197703842977 2.17285665846909 3.75016852767753 3.83985809743814 3.93299113250853 2.77232587762636 2.15008543373015 2.43651023453267 2.34361739557564 
1.58682175771236 1.55434975701047 0.995122032130794 1.56217542394151 1.62493392766656 2.37771683331681 1.71507016801667 1.72037205711386 1.39641642619788 1.5864894808144 
3.22608364965849 3.24061232129183 2.6707977151867 2.40158032464324 3.09716195151502 3.75308083187227 3.0378208307478 2.08054074961751 3.54792253794132 3.43553909515318 
1.81286944987286 2.56309925255271 2.56749048455982 2.64353076743882 2.45609809526545 2.60803498007583 3.39677443382537 1.88980722961568 2.36148571654325 2.18459693813316 
3.15034289622736 2.80266475338641 3.44465771448821 2.83444622304493 3.34511792527606 3.58012541067155 3.07869363897612 3.35436967836589 2.4663456078315 2.94827370260149 
1.10770838924548 0.927874577793881 2.05629477151425 2.13830689767317 0.39625415861643 1.06011063425324 1.86199436067517 1.60315071899628 2.33415367851205 2.07670352171018 
1.20026257102043 0.0631445782818778 1.01922405376822 0.976460427945819 1.66428792400763 0.823438423633866 1.15067254927248 1.55927792739385 0.867514329148728 1.58897411324094 
1.33065295473157 2.20096083829371 1.61886015372325 1.41160304647356 2.16926561717145 1.81051113708624 1.78623938755729 1.69008493229771 2.40781900260904 1.27615258201262 
1.77202086337871 2.05602046278025 3.46294185096452 2.02012966868198 2.35552597932004 2.26581814955953 2.48799069363448 3.1262779051747 2.28831975689392 2.48672452561766 
1.20070707599134 1.34219954029428 0.918503699582849 1.32311313781923 0.480593205378996 0.428447446273823 0.654107241478167 0.992160307155122 1.57971268818692 0.291053986770562 
2.09206360666154 1.80132487245114 2.18699646314078 1.36311716003185 1.61415763745613 2.14783482912285 1.47245748256638 1.50304697291094 1.42966280504498 1.75957425040039 
2.95952248530767 4.26202090584241 4.91567050281872 3.41521562484099 4.07982179720957 3.76886370145827 4.1999389608001 3.96064717756692 4.20763609936953 5.1775258232995 
1.97554593477566 3.04773119503803 2.52513746410963 1.53989473700148 2.24819345528154 3.25488078673801 2.77502781583868 2.24891282490197 2.77891201351701 2.95420147171626 
2.29365695246999 3.81715747087363 3.33834824592238 3.69608214344526 3.42350600823556 2.99632608071129 2.84081965478009 1.74709961952134 3.81064099023764 3.56624311083639 
2.34326551744793 3.60474280769121 2.83049856633995 3.11273540459588 4.12257807719515 2.58120772293327 4.42035647465779 3.68884775835216 2.76339169825366 3.40602765513778 
2.40640205684987 2.51839284948551 3.27523887506781 2.61344346973185 2.92550364697332 3.29321170312809 3.12202324902456 2.63088915963202 2.78001659859873 2.97851542689355 
3.47566435614952 2.90332798784949 3.39994048473121 2.74405295542114 3.40353257910322 4.56232539882808 4.02159587893636 2.16975385492059 2.21084122943477 2.82701491050483 
0.796527329800868 2.39715901119409 1.85066791908612 2.53351466866173 1.67504571302836 2.33044283756598 1.74734915008392 1.29633528111278 1.09228426727945 2.02734179523315 
