0.962315 0.465411 0.662448 0.750683 0.937006 0.514596 0.628907 1.16472 0.282594 0.389148 0.36052 0.525865 1.02675 0.598365 1.08335 0.274288 0.801722 0.697816 1.23805 0.616592 0.681806 1.07114 0.773581 0.190971 0.663492 1.24931 0.31195 0.373355 0.732031 0.942589 
0.840392 0.858389 0.847155 0.490324 0.617458 0.244984 0.745885 0.582428 0.92039 0.439421 0.62802 0.483084 0.73131 0.759951 0.702075 0.995269 0.537585 0.841826 0.610944 0.318347 0.243181 0.438215 0.105763 0.231988 0.84503 0.975196 0.325373 0.964609 0.663607 0.109369 
1.22966 0.561776 0.958205 0.242125 0.900057 0.0605565 0.671044 0.340809 0.541623 0.887063 0.493333 1.21385 1.01541 0.811782 0.989225 1.22524 1.1232 1.60932 0.363245 0.973772 0.741268 0.536475 1.41762 0.841617 1.327 0.411939 1.02712 1.44204 1.10032 0.870516 
1.72855 0.577819 0.803409 1.22865 1.73078 1.50453 1.5254 0.643647 0.884916 1.4773 1.7358 1.73451 1.24754 1.30738 0.882673 0.848981 1.80252 1.04953 0.67885 1.2184 1.29584 2.37629 1.76931 0.76578 0.689711 2.41292 1.27593 1.62827 1.64222 0.890575 
2.00311 0.810608 2.0417 1.58583 1.75487 1.65186 2.23074 0.884578 0.574651 1.74145 0.930223 1.72893 1.7026 1.60204 1.60035 1.65653 1.81246 2.44582 0.311129 0.740452 0.843996 1.066 0.920613 1.37339 1.00346 2.29657 1.05812 1.90396 1.62864 0.754101 
0.0628768 0.249747 0.27853 0.587841 0.434799 0.214374 0.557623 0.112501 0.34691 0.398171 0.592746 0.125726 0.524159 0.371067 0.231923 0.24348 0.456312 0.218297 0.0510151 0.268142 0.452006 0.325171 0.476573 0.350579 0.11756 0.366235 0.586346 0.38683 0.403437 0.618198 
1.58375 0.302985 0.666661 1.49036 0.932772 0.779035 1.4273 0.719023 0.791279 1.25456 0.935365 1.54185 1.10122 0.435053 0.663571 0.656739 1.49846 0.903678 1.22881 0.702502 0.627661 1.33707 1.44552 0.881869 1.75876 1.67096 1.23742 0.366166 1.05421 1.30045 
1.14126 0.509674 0.542902 1.25408 0.354182 0.559267 1.05301 0.795184 0.807106 1.0461 0.669958 0.917094 0.996539 0.685009 0.809023 1.07476 1.00613 0.622163 0.913606 1.12258 0.727165 1.18257 0.990407 0.310026 1.09762 1.3124 0.975873 0.71689 0.684964 1.01369 
1.07814 0.0806312 0.776094 0.283555 0.370519 0.80736 0.739698 0.411794 0.805439 0.670687 0.753065 0.361611 0.816435 0.944567 0.788462 0.36938 0.231007 0.168218 0.598813 0.169447 0.198341 0.795263 0.761822 0.0268742 0.494097 0.207197 0.109421 0.61086 0.204574 1.09787 
0.537272 0.911504 0.299708 0.637207 0.26334 0.166353 0.063808 0.894533 0.163228 0.786192 0.696964 0.0592266 0.773272 0.152245 0.625319 0.0112862 0.981973 0.491801 0.548433 0.287044 0.282909 0.760488 0.191531 0.561134 0.628463 0.45918 0.694651 0.39802 0.797841 0.761099 
0.81279 0.188785 0.189401 0.877085 0.646119 0.06867 0.403315 0.206717 0.686499 0.527131 0.988901 0.942172 0.426694 0.504706 0.979365 0.059716 0.560675 0.450306 0.297208 0.622076 0.558974 0.760418 0.741242 0.814003 0.533243 0.191702 1.01727 0.548641 0.0528 1.00027 
1.44291 1.76188 1.5172 1.13303 2.04489 2.18511 1.65555 2.06282 0.825697 2.39864 1.16517 1.71294 1.91962 2.44059 1.74687 1.96648 2.30494 2.42965 0.843693 1.99389 2.22462 0.333397 1.34338 1.89476 2.24689 1.57998 1.57951 2.28117 2.22176 1.6735 
1.67051 1.90372 0.997495 1.77783 1.65213 1.17256 1.15928 0.934601 1.29013 0.856457 0.848529 0.871652 0.866189 0.648528 1.64019 1.22628 1.37812 1.45786 1.44411 2.21364 1.17927 1.1239 1.27637 0.576241 1.04754 1.95914 1.19972 2.0328 1.27102 1.66737 
2.17122 2.80314 2.18988 1.50553 1.48629 1.8862 2.34073 0.778036 1.5246 2.97229 1.34583 1.93987 2.64125 2.19413 2.07616 2.38122 2.18745 1.69341 2.12191 2.47739 2.24549 1.44654 1.614 2.77973 2.20114 1.83372 2.08926 1.84241 2.26048 2.65417 
4.48501 3.75147 4.31457 3.03226 4.03626 2.93167 3.18553 3.26182 2.21472 4.27804 3.28408 4.24251 4.19515 3.19134 4.44584 3.26273 4.00556 4.94946 2.60143 3.66398 2.85441 2.88869 3.6172 3.5036 1.92679 4.26204 3.30479 2.70787 3.56035 2.85958 
2.47491 2.01846 2.44758 2.65816 2.6556 2.01799 2.15996 2.26947 2.16797 2.37012 1.70145 3.30969 2.45767 2.4705 2.06644 2.68042 2.46648 2.17329 2.17881 2.05166 2.14955 2.8709 1.86555 2.20806 2.02758 2.54058 2.62771 1.95055 1.84291 2.36781 
0.511727 0.796925 1.14469 0.425711 1.08312 0.196885 0.978708 0.553414 0.862339 0.439301 0.672179 0.596729 0.343038 0.600998 1.13189 1.10052 1.28273 0.239209 0.591572 0.918744 0.38054 1.04999 0.918234 1.28037 0.77143 1.0471 0.960947 0.544754 0.827778 1.04823 
0.762177 2.35531 2.02298 1.62361 1.63264 2.50499 2.4945 1.82701 0.713153 1.85549 1.68026 1.1883 1.34604 2.52383 1.95582 0.605712 2.43866 1.11475 1.23471 1.75799 2.15385 1.77701 1.7989 1.45469 1.45469 1.61744 1.40276 1.84797 2.04489 1.61219 
2.21623 1.45435 1.24809 1.03843 1.77019 2.57672 2.40971 1.30751 1.52898 1.72463 0.606065 1.15403 1.66063 1.03515 2.04277 2.4481 1.86102 1.63687 1.55059 2.14718 1.83752 2.54685 1.59273 2.13003 1.85608 1.78985 1.85924 1.01408 1.50252 1.19503 
1.75936 2.76646 2.36759 2.49284 2.10891 2.03803 1.92511 1.00433 2.57073 2.2609 1.67492 2.44536 2.07692 1.64552 2.72617 2.43193 1.70992 2.59739 2.89689 1.89849 1.32237 1.92075 2.64384 2.32931 1.71975 2.38728 1.88364 3.21555 2.75583 1.55574 
2.10399 2.16329 2.4374 2.28757 1.36181 1.12504 2.57093 1.83432 1.33463 2.45964 1.49621 1.51989 1.78862 1.96854 1.69767 1.91532 2.33198 2.6054 2.61881 2.29921 1.65935 1.99403 2.78273 2.15437 2.82836 2.29551 2.10851 2.02558 1.5028 1.64535 
1.15926 0.675957 1.86504 0.51483 1.0659 0.700821 2.06647 1.07515 1.46869 1.09316 1.24231 1.14589 1.25553 0.843581 1.53351 0.821325 1.64905 1.3691 1.35132 1.872 1.45413 1.1041 2.12237 0.862673 1.83801 1.3246 1.30762 1.60193 1.92187 2.03815 
1.86016 0.877417 1.39968 1.5552 1.15579 1.82564 1.70197 1.55168 1.45716 1.17922 0.99691 1.47534 1.68217 1.20427 1.69253 1.25234 1.16178 0.951753 1.25158 1.44766 1.64724 1.79119 1.84627 1.4299 1.96376 1.61793 1.1755 0.866902 1.08046 1.73867 
1.18699 1.19487 0.625127 0.558585 0.907188 0.345304 0.305813 0.805207 0.722817 0.302754 0.409185 0.949218 0.86194 0.462071 1.1465 0.497864 0.295464 1.04769 0.736785 1.07995 0.498124 0.690333 0.747953 0.4101 0.6283 0.998117 0.909392 0.974415 0.628628 0.507007 
2.82447 1.80613 1.8967 1.50404 2.12238 2.55987 1.8671 1.78949 1.72685 2.474 1.69667 1.89392 2.06166 2.16184 2.58582 2.74615 3.24868 2.63401 2.11237 2.90078 1.76468 2.37229 1.79374 1.58719 3.0235 3.23101 2.25048 2.5208 2.68784 2.21431 
3.57364 4.41196 4.7146 3.64944 3.72731 5.47361 5.20793 3.77138 2.73273 4.89733 4.31703 5.05873 5.04701 3.97199 4.24149 4.64241 5.85237 3.94888 4.03421 3.72443 6.13033 4.65747 5.39915 4.26182 3.46522 5.57888 5.24693 3.54651 3.90768 3.90751 
1.14682 1.23728 1.49854 1.41259 1.12971 2.21483 1.32918 0.388746 1.27071 1.72593 1.38832 1.5271 1.13747 0.898765 1.77035 1.6742 1.59734 0.927562 0.870055 1.01886 1.66895 1.17082 2.08929 1.33298 1.73346 1.89268 0.851877 1.31144 1.19564 0.727182 
1.35656 0.821361 2.07344 1.58706 1.43852 1.73515 2.48381 0.720832 1.00581 1.52597 1.20542 1.21295 1.5785 1.77605 0.916362 2.22551 1.51673 2.61653 1.23895 1.32546 1.36944 2.04645 2.01105 1.24474 2.10353 1.80155 1.96475 2.0849 1.63807 0.935914 
0.170394 0.709709 0.998021 0.239622 0.159821 0.128479 0.438986 0.221385 0.162928 0.65363 0.407751 0.881147 0.899059 0.541095 0.640109 0.341337 0.336634 0.457441 0.50846 0.995948 0.987755 0.245694 0.356557 0.604364 0.960609 0.45519 0.64889 1.1373 1.03957 0.415017 
2.86191 1.64988 1.27415 0.796884 2.30914 1.34114 2.12654 1.46459 1.0559 1.24541 1.75715 1.95212 2.73256 1.83652 2.38876 2.63516 1.45385 1.7598 1.3262 2.0565 2.57887 1.25266 2.25737 1.85336 2.03682 2.70257 1.0641 1.39066 1.817 2.02846 
0.627402 0.788778 0.680562 0.0135519 0.864681 0.511646 0.0775839 0.970285 0.817196 0.150472 0.255822 0.561253 0.372154 0.686968 0.835899 0.476827 0.0703229 0.122175 0.790574 0.647461 0.920235 0.512995 0.703157 0.409239 0.953879 0.730989 0.884567 0.644289 0.264399 0.565948 
1.53221 2.10302 2.69282 2.30545 2.15118 2.50364 2.22056 1.21955 2.09479 1.85607 1.60194 1.87179 1.20457 2.38133 1.57074 2.62365 2.23151 2.77559 1.25357 1.38004 1.64725 2.12422 2.21892 1.1819 1.95342 2.20752 1.48828 1.93995 1.88737 1.47016 
4.05634 4.07255 3.54756 3.03259 3.65437 3.96573 2.77951 3.69019 3.16664 2.75781 4.00127 3.78008 5.03948 2.9147 3.67962 3.72814 3.35101 3.62583 3.77075 3.88682 3.95784 3.33559 2.8761 3.01804 4.28723 4.91659 4.80433 3.26374 4.55606 2.85833 
2.13468 1.80691 1.47672 1.45662 2.98473 0.96485 2.59351 1.67577 2.3952 2.01952 2.00311 1.68422 2.83586 1.55 2.02797 2.20075 1.2832 0.81558 1.40906 1.7311 1.85923 2.07428 3.18333 0.947934 2.09354 2.09226 2.16201 2.08682 1.79904 2.12709 
1.27267 3.20318 1.71437 2.01128 1.30804 1.93659 2.17344 1.33132 1.45316 2.79011 2.11128 1.90611 1.72915 2.01752 1.81062 2.19588 2.76446 2.2576 1.40276 1.90157 2.61988 1.74938 1.52068 2.32416 2.07928 2.06467 2.18306 2.09549 1.9423 2.05563 
2.95957 1.23157 2.02203 1.09693 3.03846 2.21996 2.69789 1.38568 1.66624 2.06787 2.89651 2.17107 2.39243 2.46811 1.9207 2.10741 2.5144 2.71543 1.22748 1.52574 2.94752 1.27672 2.54686 1.40693 2.4999 2.08481 2.32228 2.36074 2.97847 2.45896 
1.84294 3.21159 2.72133 2.01323 1.98841 1.81352 2.12223 2.35973 2.48282 3.28404 2.24849 3.41249 2.51318 2.85607 3.23554 2.11786 1.62341 2.11043 3.42564 3.53096 1.88406 1.50564 2.04568 2.74034 2.3976 1.8334 1.91825 2.70561 2.92727 2.20781 
3.88288 3.48254 3.98237 3.69106 4.09349 4.03939 4.41068 3.7205 3.51934 2.88594 3.1659 5.34295 5.75783 5.41698 4.70534 5.78437 4.42735 5.17022 3.53085 5.3351 4.71283 4.12168 4.31333 3.42805 5.56253 6.1992 4.56203 3.3498 4.68845 4.69886 
2.25721 1.17992 0.914734 2.2085 2.05219 1.1613 1.65647 1.3391 1.91646 1.96309 2.12492 1.37349 1.49368 0.619181 1.86552 1.74651 2.04303 2.29336 2.24536 2.02875 1.65091 1.28118 1.74823 1.11365 1.19408 1.23915 1.72805 1.04462 1.62631 1.86079 
2.74255 2.47834 2.96807 2.61905 2.58636 2.29097 2.78094 0.978751 1.57519 3.52879 2.10844 2.46422 3.54877 2.07415 2.94896 2.73433 3.03396 2.43715 2.11861 2.3432 2.42814 1.62543 2.19486 3.49935 3.08501 2.42273 2.72032 1.85489 2.01936 2.13514 
2.33453 0.808116 1.88585 0.940705 2.07355 1.92028 1.6488 1.60786 1.77723 2.33327 1.64707 2.24329 1.47343 2.09543 1.30619 1.89094 2.17009 1.73935 0.986976 1.49646 2.10786 1.98403 2.33594 2.31101 2.05407 1.48015 1.78791 1.98417 2.21223 2.77547 
2.69199 3.73131 2.88471 2.29873 2.73734 2.3919 2.60242 3.04286 2.43105 3.66151 2.66264 2.76624 3.3574 2.42174 3.82555 2.38778 3.65838 4.48182 3.35017 2.2263 2.88982 3.31719 2.41717 2.8199 3.73598 3.33795 2.80789 3.19666 4.04214 3.82876 
1.62792 1.58537 1.35015 1.79556 1.83884 1.5594 1.30822 2.01891 1.88715 2.3083 2.21657 2.18852 2.36785 1.54358 1.99583 1.69567 1.4172 1.54558 1.54505 2.24656 1.81146 1.6343 2.45689 1.32314 1.51901 2.92759 2.66757 1.34799 1.38607 1.08403 
2.03832 2.04136 2.18774 2.22811 2.37176 2.01539 2.70571 2.1293 3.55314 2.19901 1.75872 1.96443 2.44994 2.23307 2.25839 2.33742 1.82716 1.4126 2.16919 2.80369 2.12901 1.80523 2.83505 1.50965 2.37706 2.19156 1.76158 1.94495 2.99927 1.58621 
0.846795 1.62905 1.69801 0.979724 1.02832 1.38038 1.54706 1.45775 0.948269 1.21967 0.943624 1.93744 1.18378 1.94356 1.23227 1.776 1.66771 1.56738 1.07255 2.03982 1.67436 0.617025 1.19149 1.40123 1.09485 1.54754 1.25375 1.66742 1.10218 0.864771 
3.43382 2.46511 2.17871 4.04318 3.36512 2.79585 2.88598 3.13324 3.34069 3.72268 2.71297 3.47558 3.5461 3.16406 2.41729 3.2099 3.29247 3.86326 3.55843 2.44033 2.6788 3.47285 3.86439 2.92785 4.39869 4.04261 3.55831 2.23722 3.22283 2.2797 
3.09892 2.77549 2.85579 3.30311 3.45526 2.28827 3.87968 2.99637 2.97845 3.1323 3.15964 2.81985 3.25619 2.91144 3.48892 2.54553 2.76446 2.54346 2.22329 2.76508 1.67235 2.53198 2.35661 3.1903 3.31657 3.25427 2.49307 3.75764 2.61602 2.87086 
0.677093 1.00835 1.40044 1.23567 0.833503 1.41551 0.810672 0.883457 1.64758 1.18637 1.32752 1.9507 1.53375 1.7122 1.71808 0.575661 1.09154 1.26403 1.6193 2.20901 1.98245 0.967746 1.54841 1.54205 1.98979 1.26566 1.79714 1.12988 2.12423 1.85004 
2.74554 3.3788 3.03553 2.16131 2.38568 3.85909 2.63901 2.73366 2.16119 3.03453 2.09669 2.14468 2.95361 2.17598 2.90189 2.13647 2.64892 2.59521 2.68825 2.62454 2.2296 3.16075 1.55299 3.06363 3.21945 3.31371 2.23323 2.92619 3.43712 3.02867 
0.967552 1.82211 1.27372 2.09476 2.29245 0.65935 1.61494 1.45122 1.43462 1.81366 1.51776 2.55084 1.96955 2.60101 1.40369 2.3374 1.85332 2.36133 1.7195 2.01488 1.91924 1.6864 2.18886 1.76657 1.66584 1.57471 2.07605 2.32872 1.5016 1.58653 
1.68643 3.22163 4.589 2.47599 2.44876 4.05799 3.29891 2.43708 1.44186 3.4819 2.89134 4.1117 3.20261 3.14722 3.9216 2.62407 3.91509 3.17852 1.83521 2.97964 3.81357 3.15961 3.65966 3.80645 2.77096 3.47037 3.19668 3.56607 4.27905 3.83365 
1.33982 2.09023 0.842268 1.74829 2.44931 1.95784 1.64624 1.73665 1.31554 2.49866 1.48428 2.52446 1.76018 2.2311 1.66403 1.69754 1.30355 1.76721 1.42594 2.37738 1.46988 1.93527 1.3596 2.4031 2.23684 2.1351 2.18297 1.73911 2.11262 1.59144 
2.08646 2.20299 1.78749 1.2414 1.95575 1.51454 1.8215 1.29342 2.16379 2.5947 1.75159 3.28864 2.29936 1.47592 2.55545 2.54028 2.2556 2.3079 2.36735 2.89485 2.48512 2.21752 2.09299 1.90296 1.95286 2.45327 2.41918 1.88401 2.46967 2.47093 
1.26315 2.65398 1.00931 1.16323 1.09195 2.6311 2.04651 2.04254 1.31888 1.9877 2.00463 1.35545 2.25129 1.87382 1.73937 1.58411 2.33566 1.99498 1.58877 2.33883 1.98059 1.51131 2.05354 1.70339 1.13562 1.52323 1.71002 1.70376 2.0834 1.82397 
2.44965 1.70855 1.99255 2.92714 2.01026 1.83895 1.73002 2.36168 3.20343 2.42702 2.17353 2.64881 1.93383 2.68869 2.92514 2.52194 2.91294 3.69251 3.11413 3.62873 3.15806 2.08342 3.02288 1.97507 3.0138 2.78528 2.95719 2.33943 3.07482 2.38574 
1.06866 1.387 0.854096 0.912845 0.792011 1.21247 0.808278 1.0817 1.03537 1.2232 0.437267 0.977576 0.948103 0.568395 1.35754 1.08345 0.81308 1.58158 1.19073 0.882299 0.614834 1.37394 0.654803 0.449999 0.748487 1.35035 1.161 1.56654 1.41621 1.07428 
2.95953 1.79608 1.6576 2.43057 2.01666 2.34027 2.35565 1.80831 2.51951 2.52545 1.721 2.84957 2.7028 2.70248 2.69048 2.65242 1.52666 3.1857 2.72882 2.22519 3.17277 2.88617 2.90869 1.76881 2.64067 3.24328 2.62069 1.99593 2.61521 2.49546 
2.31192 2.54612 2.56611 1.39196 1.78028 1.69035 1.2298 1.75 1.80158 1.88036 2.33305 2.80607 2.99878 2.74973 2.54972 1.39212 1.90286 2.44775 2.0025 2.57185 2.52143 1.83359 2.08079 1.65815 2.79267 2.00578 2.80061 2.87877 1.70208 2.52668 
1.81925 1.98094 0.9622 2.60518 1.9907 1.56645 0.814392 1.49011 1.64388 1.42235 1.75543 1.31205 1.70963 1.61837 1.88532 1.98882 1.15113 2.13205 1.39203 1.55416 1.70676 2.1001 1.15735 1.69806 1.11194 1.95332 2.11157 1.63412 2.3873 1.46776 
0.788773 1.54981 0.756333 1.12875 1.29414 1.09316 1.36737 0.840177 1.38493 1.20921 0.987611 0.50011 1.00137 0.388608 1.67952 0.756837 0.996415 0.647551 1.61833 1.19907 1.2445 0.457683 0.741577 1.20501 1.5134 1.44636 0.821397 1.62312 0.926796 1.93744 
3.27143 1.62447 1.90026 2.04148 3.07201 1.18695 1.97003 2.33849 2.08193 2.36761 1.74884 3.22605 2.33135 1.79393 2.78424 1.6543 2.99607 2.83371 2.77233 2.847 1.22877 1.89759 3.25536 2.33694 3.81713 3.40344 2.54713 2.40705 3.02034 2.13874 
0.485327 0.736241 1.07361 1.24718 1.4611 1.12564 1.37149 0.987227 0.313108 1.04807 1.13174 1.11097 0.611575 1.13477 0.732456 0.17645 1.11791 1.02154 0.75504 1.17243 0.905122 0.937515 0.916564 1.34367 0.876814 0.994674 0.849821 0.279661 1.26118 0.513986 
1.13408 2.43119 1.91348 1.50083 2.25871 0.977365 3.01681 1.78278 2.30146 1.71601 2.38532 1.27735 1.99823 1.62987 2.1891 1.39263 1.83236 1.99643 1.89233 2.02887 2.68285 1.68687 1.97605 1.68839 1.22478 2.22033 1.32567 1.93424 1.99611 1.87036 
1.65649 2.38472 2.20204 2.06235 1.66596 1.2189 2.69906 1.52628 2.96824 2.62595 1.72006 1.7996 2.35847 1.46644 2.57356 2.27038 2.82759 2.31177 3.11502 2.19868 2.35847 1.44546 3.43887 2.07312 2.25313 2.49079 0.916056 2.64939 2.31044 1.66037 
2.22531 2.84781 3.09068 3.21817 2.31746 2.15038 3.17032 2.09081 2.67659 2.04193 3.01266 2.58176 2.94967 2.03628 3.32667 2.18407 3.19856 3.71007 2.31527 2.40376 2.27285 3.31964 2.70371 3.70139 1.82649 3.6763 2.10964 3.31449 3.65667 3.88426 
1.61349 1.9126 2.51835 0.954174 1.95049 2.4691 2.02579 1.58807 0.793102 2.00307 1.75559 2.04073 2.47588 2.42788 2.607 1.74321 2.01802 2.05371 1.82841 1.98106 1.58574 1.72947 2.46834 1.54856 1.08101 1.99229 2.1336 1.83822 1.78617 1.61807 
1.11999 1.47109 0.890088 1.32582 1.48576 0.919054 1.22713 0.917902 0.788527 1.4248 1.73814 0.917622 2.10163 1.6694 1.50274 1.88422 1.44233 0.715456 0.989608 1.28616 1.46879 1.35411 2.28261 0.711516 1.33269 0.880059 1.47056 1.21205 1.62692 1.16933 
2.88383 3.22835 2.22266 2.56463 2.63934 1.9665 3.10048 2.78283 2.77802 2.94382 2.34084 3.7697 2.48395 2.53654 3.40285 3.3506 1.5332 3.20764 1.92658 2.59022 3.26765 2.56113 3.454 1.97452 2.79614 3.97768 2.61413 2.73216 3.20334 2.91088 
2.52604 1.66885 2.48143 2.24584 1.62665 2.28804 2.63113 1.69397 2.0001 1.37562 1.51936 1.55396 1.44722 1.84498 2.04994 2.08683 2.22397 2.6244 2.20707 2.06498 1.97364 2.10893 3.01415 1.84026 1.64652 2.5325 2.22852 2.22357 1.95937 2.51353 
2.19415 2.23095 2.44723 1.03277 1.97656 3.0586 2.14848 1.76515 1.32229 2.04933 2.37873 1.5907 2.81334 1.6904 2.77172 2.74286 2.55188 2.56584 2.65779 2.10936 3.10028 2.38351 1.91673 1.43225 2.45251 2.67699 3.27896 1.33584 2.06582 1.67069 
3.35449 3.52783 3.19693 2.17431 3.17453 2.11368 3.43748 3.91407 2.3641 3.74839 3.12106 3.31128 3.55142 3.19206 3.29484 3.78031 2.79857 4.36706 2.95123 4.0426 2.69467 2.58574 3.67498 3.66626 4.34024 4.6073 3.0722 3.07148 3.94096 2.77586 
2.36447 1.59004 2.86211 2.44452 2.83574 2.28209 2.77003 1.8749 1.79091 1.82895 2.42161 2.46235 2.40377 2.62499 2.8845 2.46868 3.23614 3.17927 1.89384 3.91227 2.59533 2.43822 3.14479 2.31792 2.88355 3.06974 2.75373 2.50909 4.21774 2.63055 
2.21762 2.40905 2.65039 1.70476 1.86505 2.33189 1.73683 1.56294 3.19334 2.02338 2.27931 2.35856 2.35476 1.93016 2.99742 2.60184 2.81378 2.43272 1.37816 2.36919 2.91418 2.02873 2.14833 2.75569 2.20707 2.75596 2.97486 2.13764 2.27027 3.37058 
1.10253 1.43072 0.936091 1.20765 1.25296 1.19172 1.4746 0.920649 1.45627 1.23545 1.44607 0.783988 1.64132 0.831514 1.85899 0.92358 1.45233 1.55281 1.50124 1.56329 1.65038 0.664156 1.72674 0.863939 1.50654 1.40676 0.68764 1.87704 1.66841 1.92347 
3.44603 3.64043 3.25803 4.43695 3.90637 3.13223 4.1952 2.28978 4.36719 2.74409 3.21383 3.70577 2.7938 2.57658 4.17504 3.87958 3.51583 3.62899 3.87115 3.83689 3.59493 4.13946 4.42511 3.91048 2.74595 4.61619 3.87913 3.43014 4.43084 3.92526 
0.913219 0.286931 0.303427 0.056555 0.86818 0.142584 0.758749 0.264017 0.579727 0.164811 0.153779 0.892304 0.683145 0.115454 0.478418 0.375952 0.389221 0.263848 0.456112 0.826891 0.213899 0.777466 0.958343 0.141893 0.656554 0.790382 0.522009 0.64381 0.436727 0.24003 
2.00467 2.08406 1.49786 2.01021 1.39187 1.50588 1.14638 1.84498 0.601294 2.0245 1.66047 0.854812 2.84496 1.22778 2.31791 0.957238 1.56493 1.97497 1.75356 1.02765 1.87618 1.19784 1.49815 1.45485 1.0303 1.6938 2.07825 0.851637 2.37825 1.14392 
2.88184 1.92493 2.16564 1.93224 2.14061 1.11796 1.65058 1.93899 1.91893 2.71336 1.98562 1.2844 2.92261 1.4825 2.06612 1.69041 1.34761 2.15506 2.19119 1.38527 2.67002 1.14355 2.70085 0.76634 2.24079 2.86883 2.35877 1.83224 2.46825 1.7768 
2.32409 2.3721 1.20429 1.6265 1.59963 1.49175 1.02171 1.65084 2.32098 2.58697 2.11219 2.62971 3.02817 2.57634 2.4887 2.16886 1.74282 2.34475 2.07153 2.33412 2.52064 2.1506 3.32254 0.823934 2.69109 2.89658 2.15682 1.50683 1.75421 2.14744 
2.02141 1.68907 2.58785 0.74106 0.989098 2.46457 2.04219 1.36374 1.90727 1.71849 1.36214 1.335 1.91881 2.27515 1.68697 1.79119 0.740026 1.43595 1.46948 1.17939 0.739403 1.57796 2.01039 1.42947 1.67798 1.68598 1.64143 1.93921 1.59798 0.813529 
2.74134 2.87341 3.50152 3.01035 2.67477 2.89978 2.59256 2.31352 2.45544 2.79117 2.86945 2.05575 4.17447 3.79235 3.73184 3.22034 2.86937 3.32534 2.16588 3.34814 3.38093 2.62979 3.42875 3.10391 2.60293 2.96564 3.90297 3.01423 2.89184 2.27302 
0.903931 1.94638 1.70605 1.48482 2.22859 0.697683 2.0207 0.989042 1.17853 1.26996 1.50798 1.38612 2.74846 1.21792 2.5147 2.36798 1.38491 2.09506 0.710954 1.60592 2.68603 1.0745 2.40237 1.69987 1.73793 1.80726 2.05535 0.730042 1.74028 1.24107 
2.69255 2.87328 3.55101 2.55773 3.10591 2.67621 2.95123 2.26503 1.67235 2.98946 1.9483 2.57499 3.23716 3.2212 3.88995 3.02768 3.20177 2.15691 3.46973 1.86586 2.46494 2.20478 2.88272 1.80201 2.52212 2.93932 2.4844 2.81197 2.3641 2.65732 
3.65362 3.00095 2.98524 2.77674 2.36087 2.67023 3.25699 2.74185 2.3702 3.65513 2.93204 2.51006 3.95216 3.62784 4.18361 2.23447 3.23633 2.40383 3.32289 2.50106 2.81263 2.93586 3.60431 2.08521 3.76386 2.42729 2.22729 2.3908 3.06148 3.70541 
2.74431 1.92762 2.32091 1.4111 1.69895 1.7868 2.64348 1.47836 1.31407 2.01068 1.67127 1.92937 2.36818 2.1298 2.30034 2.66122 3.02307 2.63791 2.63783 2.74326 2.09316 2.30635 3.09816 2.15048 2.4689 1.24695 2.47915 2.71404 2.32696 1.7685 
2.49533 4.02408 2.05503 2.55545 3.16036 1.20154 2.38568 1.31127 2.82955 3.12611 2.69902 3.54614 3.22977 2.3491 3.62768 3.42624 3.47204 3.61049 1.62483 2.95561 3.01521 2.46787 3.40266 2.20036 2.55916 3.59079 3.31278 3.52238 2.5708 2.89823 
2.67988 3.35553 4.11271 2.47015 2.48266 2.43204 4.23031 3.1215 4.08876 3.06712 2.48742 3.11914 4.18782 2.69762 3.24672 2.83767 1.82112 3.11035 2.95618 3.07493 3.32831 3.61342 3.67397 3.20462 4.48725 4.24979 2.66863 3.85768 2.99848 3.76715 
2.05201 2.15662 2.24542 2.62109 1.62959 1.94486 2.03218 1.36695 1.37006 2.15211 1.84687 1.73862 1.64836 1.94014 2.26381 1.46092 2.57609 2.13187 2.30516 2.04483 1.80946 1.42332 1.29562 1.56881 1.71912 1.2924 1.24667 2.03847 2.61936 1.62687 
3.43999 1.85145 2.40387 2.51063 3.45704 2.7168 2.27771 1.55412 1.85847 3.25942 2.42356 3.25021 2.86966 2.865 2.92295 3.05682 3.37388 1.86206 1.85842 2.5898 2.65979 2.8296 3.22431 1.34404 3.00741 2.53448 2.24716 3.23513 2.69468 2.89542 
1.96975 3.64041 2.36204 2.59998 2.60955 1.69012 3.14656 1.93236 2.42846 3.57895 1.69315 1.89967 2.86964 2.03778 2.87919 2.4736 3.20654 2.53164 2.00398 2.19988 2.34289 2.47013 2.95142 3.03956 2.89459 2.77209 2.49082 2.14313 1.78336 2.383 
2.21354 2.61705 1.71514 2.20405 3.07566 1.61942 2.09872 1.53345 1.47905 1.79804 1.29558 1.99458 2.63264 2.20107 2.81766 2.81905 1.97235 1.95323 1.4866 1.62087 2.78376 1.7044 2.87806 1.77276 2.46226 2.08088 3.42785 1.20209 2.24233 1.81166 
4.12275 3.94551 5.12842 4.18018 4.35848 4.25151 3.27126 2.3408 3.19209 4.0218 3.28707 4.70722 4.25131 3.70848 4.89358 3.45388 4.80634 3.88241 3.59547 2.28366 3.37755 3.68884 3.88608 4.76836 4.07596 3.73641 3.01434 4.96046 4.5409 3.8979 
2.98015 1.74009 3.77342 3.15603 3.37036 3.72828 3.38512 1.90852 1.64506 2.84998 2.65674 2.20979 4.53566 3.78862 3.87008 3.54252 3.15269 4.07095 2.57145 2.74636 3.03067 2.98253 3.8965 2.58748 2.86471 3.38207 3.29581 2.91555 4.09145 1.35425 
1.43462 0.985049 0.820996 1.45018 1.47312 0.973072 0.92887 0.728478 1.3579 1.22193 1.92595 1.51492 1.55452 1.16194 1.65302 0.26941 1.07791 1.40697 0.912514 1.56868 1.3799 1.74444 1.03989 1.49792 1.1176 0.932308 1.77704 1.24936 0.867902 1.67661 
3.12873 2.49231 2.98488 2.13181 3.00865 2.02461 2.34195 2.27781 1.85901 2.65284 2.82092 2.48462 2.4453 3.25629 2.53189 2.76367 2.97356 2.13852 1.49344 1.66158 1.68352 2.40327 1.88406 1.53903 2.12578 2.97367 2.15734 3.0933 2.50443 2.20931 
3.62214 1.29756 2.68921 2.40143 3.70413 3.44286 3.30428 1.75532 3.43184 3.23795 3.86047 4.08493 1.84635 3.32131 3.35236 2.97765 4.13687 2.77892 3.11497 4.27227 3.17467 3.10069 4.03 2.15233 3.21759 2.81198 4.48111 3.40864 3.00761 4.01541 
1.30253 1.83713 1.28931 1.71735 2.12549 1.09519 1.40119 1.92567 1.09391 1.84784 1.49425 1.79647 1.61294 2.02549 1.59863 2.54872 1.576 1.89117 1.92731 1.69591 1.37797 1.67391 1.90098 2.08013 2.07968 2.40094 2.19733 1.50101 1.38255 0.986316 
2.33385 0.451202 1.28593 0.852296 2.4003 1.93115 2.02905 0.797467 1.64103 1.67372 1.90074 2.21238 0.497098 1.61374 1.49343 1.50464 1.48615 1.17088 1.24522 1.4726 1.39187 1.79778 1.303 0.858011 1.0513 1.27039 2.08385 1.73484 1.12934 2.43741 
1.04532 1.27496 1.38366 0.908849 0.955309 1.24489 0.8865 0.82078 1.23166 0.488294 0.848152 1.28962 0.791252 1.14908 0.968595 0.516154 0.809599 0.698904 1.05874 1.27892 1.02698 1.45601 1.23883 1.17679 0.931065 1.63119 0.676907 1.55603 0.572136 1.24254 
3.14793 4.37829 2.86435 3.50503 3.25471 2.409 4.13307 2.48806 3.0807 2.94854 3.29575 3.03566 4.15361 2.25242 3.75628 3.41117 3.64894 4.62007 2.52892 3.86654 3.8483 2.96259 1.85677 2.67914 2.8636 5.05278 3.05311 3.55493 4.22969 2.19839 
