0.783246 
0.156901 
0.473851 
0.361259 
0.830204 
0.549756 
0.324948 
0.396819 
0.613538 
0.430782 
0.387605 
0.219289 
0.752651 
0.218391 
0.497097 
0.68881 
0.457702 
0.0438636 
0.618421 
0.554841 
0.454128 
0.967014 
0.280995 
0.258092 
0.721926 
0.735258 
0.91485 
0.212906 
0.0391147 
0.0599586 
0.730984 
0.343269 
0.941829 
0.6828 
0.00419791 
0.38561 
0.506946 
0.340381 
0.244678 
0.376339 
0.40817 
0.315284 
0.528076 
0.0435463 
0.417017 
0.325171 
0.732202 
0.79065 
0.338218 
0.188851 
0.826145 
0.522172 
0.858368 
0.3961 
0.6976 
0.45012 
0.957641 
0.486046 
0.491905 
0.662936 
0.632553 
0.770785 
0.545659 
0.378561 
0.707615 
0.0512415 
0.0378163 
0.478892 
0.381023 
0.826286 
0.894642 
0.354241 
0.402921 
0.405374 
0.115312 
0.166675 
0.562619 
0.121657 
0.648007 
0.91805 
0.786956 
0.663598 
0.249601 
0.740054 
0.935862 
0.0226555 
0.992622 
0.128103 
0.518113 
0.91518 
0.585689 
0.697758 
0.520948 
0.603386 
0.0218981 
0.43563 
0.615413 
0.694825 
0.411829 
0.553806 
