0.748892 0.614209 0.591871 0.106727 0.691407 0.996661 0.920839 0.976867 0.547531 0.309281 
0.650019 0.84227 0.793858 0.427471 0.334782 0.666436 0.783163 0.569792 0.721158 0.657435 
0.484125 0.0687005 0.824108 0.746936 0.323764 0.657891 0.755312 0.386091 0.607832 0.944753 
0.557088 0.0476019 0.508739 0.380146 0.963773 0.156183 0.825302 0.4482 0.84198 0.0932296 
0.742296 0.48576 0.418089 0.740444 0.443396 0.504763 0.258578 0.917996 0.142786 0.115082 
0.64212 0.528688 0.158099 0.405746 0.583694 0.0826351 0.244952 0.0263354 0.832183 0.769749 
0.582081 0.264052 0.949922 0.753632 0.538639 0.477538 0.160935 0.525526 0.544024 0.0689204 
0.88619 0.629125 0.832027 0.201574 0.138038 0.772905 0.440606 0.883627 0.381829 0.741352 
0.707705 0.649554 0.361733 0.408588 0.820222 0.790587 0.817523 0.334204 0.222522 0.678827 
0.514964 0.661754 0.419752 0.936733 0.220266 0.0419426 0.408182 0.984355 0.777888 0.592629 
0.539846 0.655152 0.611751 0.00105671 0.0223586 0.673598 0.399711 0.215762 0.109911 0.00796481 
0.643384 0.000613434 0.935037 0.863204 0.184209 0.0157871 0.712889 0.0723419 0.722262 0.233377 
0.508653 0.562278 0.478703 0.378391 0.553289 0.906308 0.524949 0.708943 0.480774 0.0478336 
0.640653 0.685166 0.295368 0.599917 0.237289 0.711546 0.95374 0.853664 0.152817 0.0265186 
0.166329 0.437481 0.642073 0.390491 0.254713 0.436143 0.695332 0.391586 0.721326 0.819713 
0.0676736 0.175393 0.942805 0.779629 0.30163 0.912481 0.825197 0.266362 0.546245 0.49954 
0.964479 0.685193 0.152143 0.662113 0.601078 0.642446 0.868336 0.0977059 0.630384 0.212805 
0.283545 0.800044 0.601686 0.932697 0.515967 0.859826 0.793124 0.726121 0.309994 0.00229353 
0.00352738 0.590961 0.677644 0.188902 0.356724 0.127492 0.549182 0.950698 0.738041 0.893829 
0.852443 0.456853 0.272016 0.117343 0.713269 0.166198 0.119764 0.99713 0.196217 0.789236 
0.242478 0.907694 0.927808 0.58836 0.786553 0.0862135 0.861835 0.992726 0.866751 0.657631 
0.0869942 0.445413 0.211159 0.101903 0.802214 0.549493 0.435676 0.895036 0.22094 0.44203 
0.36319 0.549017 0.347441 0.0245335 0.668318 0.415461 0.0403398 0.285707 0.467466 0.159689 
0.791779 0.618144 0.725043 0.411367 0.295038 0.179913 0.316016 0.0912116 0.584924 0.325316 
0.724158 0.985497 0.681501 0.934463 0.40017 0.951283 0.642311 0.682751 0.648242 0.0832827 
0.244938 0.248742 0.160872 0.330477 0.835464 0.0559134 0.683881 0.509045 0.516138 0.0189482 
0.132239 0.834148 0.731798 0.929671 0.0399559 0.909486 0.394512 0.821379 0.643109 0.0314362 
0.358877 0.80408 0.00489205 0.226947 0.896974 0.459688 0.409381 0.26533 0.0514038 0.835213 
0.819733 0.934962 0.899172 0.145655 0.325374 0.891012 0.743474 0.363757 0.26061 0.560985 
0.0289775 0.650804 0.329336 0.926576 0.491816 0.638353 0.0781656 0.448008 0.844535 0.226263 
0.970778 0.671197 0.0790716 0.657444 0.391295 0.0433815 0.203625 0.692005 0.214925 0.619481 
0.309603 0.589925 0.130774 0.860989 0.701443 0.36391 0.505132 0.794258 0.654174 0.662359 
0.581464 0.954394 0.401676 0.95186 0.930028 0.764681 0.0530152 0.152343 0.486914 0.576826 
0.028984 0.404414 0.962863 0.417666 0.866044 0.705422 0.761227 0.566353 0.480743 0.848518 
0.341664 0.887813 0.786189 0.15846 0.524112 0.341467 0.737769 0.969727 0.70017 0.473862 
0.00446557 0.734836 0.482699 0.814474 0.683914 0.918929 0.67249 0.597178 0.319265 0.866898 
0.576957 0.593368 0.303613 0.243501 0.489997 0.182894 0.173633 0.24379 0.0269553 0.182999 
0.65197 0.704251 0.521775 0.681833 0.818301 0.411292 0.53257 0.987519 0.217012 0.880949 
0.199235 0.85616 0.393711 0.134844 0.870059 0.951939 0.89984 0.702628 0.494526 0.840052 
0.669037 0.00603754 0.140284 0.84161 0.0751977 0.316926 0.446025 0.141137 0.581959 0.48672 
0.512273 0.774776 0.970117 0.707407 0.970523 0.686791 0.928052 0.285612 0.803537 0.0752036 
0.796585 0.427391 0.220571 0.726192 0.512266 0.660389 0.498097 0.0377543 0.303306 0.698478 
0.105917 0.638131 0.428216 0.073206 0.731282 0.250823 0.123918 0.00227211 0.99781 0.371645 
0.85967 0.507969 0.22971 0.763487 0.26867 0.909109 0.125681 0.11221 0.671241 0.320681 
0.358661 0.274185 0.798585 0.183691 0.396374 0.179173 0.43615 0.456362 0.0742361 0.400775 
0.629701 0.544448 0.997705 0.822044 0.715952 0.324196 0.889221 0.780299 0.0222078 0.273627 
0.363821 0.131959 0.117867 0.424257 0.33626 0.641514 0.957337 0.0786031 0.46592 0.399156 
0.26353 0.25897 0.0895666 0.663385 0.190733 0.796832 0.223254 0.92367 0.761835 0.682124 
0.37838 0.960821 0.912363 0.288936 0.157836 0.36006 0.587238 0.333589 0.574832 0.338493 
0.769389 0.0486787 0.460743 0.831725 0.879916 0.63667 0.340737 0.585001 0.6947 0.265712 
0.747895 0.761368 0.348405 0.390638 0.160183 0.487687 0.310088 0.467762 0.3981 0.0619799 
0.86112 0.92307 0.970211 0.909769 0.206985 0.0757879 0.825542 0.941294 0.684624 0.166497 
0.383182 0.765703 0.221982 0.2219 0.185525 0.589749 0.0526467 0.0696925 0.0511697 0.385371 
0.977619 0.275577 0.389755 0.898102 0.741122 0.882198 0.110056 0.158345 0.358991 0.339722 
0.0512623 0.805838 0.689995 0.130803 0.630961 0.513233 0.607786 0.0842232 0.363689 0.327301 
0.72714 0.382104 0.554278 0.0874647 0.797186 0.455967 0.398663 0.912409 0.292582 0.554825 
0.707079 0.78712 0.772133 0.0540097 0.397053 0.459928 0.0115609 0.102658 0.743729 0.666389 
0.424928 0.53688 0.846848 0.0745855 0.19318 0.272384 0.385752 0.123561 0.930529 0.218798 
0.739049 0.864302 0.00552383 0.663405 0.680618 0.40193 0.255265 0.92901 0.0979061 0.40492 
0.163835 0.645244 0.554603 0.847602 0.722399 0.769688 0.0723025 0.531644 0.596542 0.808419 
0.503607 0.402664 0.986405 0.570137 0.251503 0.157446 0.672443 0.559452 0.572694 0.0355509 
0.222542 0.0436578 0.474911 0.882953 0.398922 0.724628 0.875266 0.983661 0.0290962 0.511846 
0.705974 0.83422 0.237212 0.491329 0.0888692 0.825679 0.099811 0.49556 0.0388802 0.16186 
0.612843 0.387216 0.391388 0.0841362 0.974562 0.635037 0.113594 0.749475 0.529185 0.207266 
0.552004 0.596231 0.833639 0.0149111 0.9563 0.130819 0.299808 0.463493 0.895006 0.0180756 
0.46503 0.537517 0.598281 0.208073 0.711178 0.529366 0.648097 0.0442124 0.436034 0.653172 
0.982811 0.0336893 0.00974621 0.942275 0.0457507 0.144488 0.438117 0.782603 0.363429 0.422621 
0.67099 0.139525 0.81112 0.273623 0.722379 0.897144 0.559371 0.717438 0.669262 0.508183 
0.0515764 0.709906 0.948876 0.205078 0.279342 0.0246637 0.233088 0.460326 0.0388814 0.136652 
0.448849 0.846862 0.112192 0.345961 0.46357 0.812418 0.407196 0.560414 0.339919 0.772492 
0.307884 0.498048 0.880794 0.1302 0.840983 0.269021 0.705781 0.790974 0.722551 0.0596794 
0.0285599 0.419278 0.877062 0.739433 0.866778 0.368336 0.60925 0.673964 0.208046 0.267348 
0.864471 0.431914 0.101321 0.00887293 0.795529 0.511315 0.0604722 0.0967911 0.955406 0.790968 
0.00854099 0.609689 0.0898261 0.643711 0.0551332 0.0305044 0.83954 0.186246 0.730562 0.536107 
0.526579 0.224052 0.735749 0.0629793 0.176228 0.0221942 0.923456 0.293644 0.126629 0.282322 
0.716206 0.195708 0.174501 0.608252 0.685072 0.249765 0.0894621 0.427268 0.542755 0.157784 
0.945894 0.397693 0.276134 0.0329944 0.306926 0.865289 0.311575 0.994752 0.477919 0.680192 
0.553617 0.140221 0.709211 0.192888 0.72887 0.0644303 0.408805 0.595668 0.829639 0.90858 
0.132686 0.374126 0.547314 0.228674 0.583048 0.487082 0.345479 0.861519 0.0343942 0.111359 
0.0454591 0.0914088 0.673801 0.691767 0.709236 0.881533 0.229165 0.72816 0.330253 0.127765 
0.693421 0.715346 0.00863586 0.0532367 0.76615 0.0248548 0.839812 0.715243 0.433276 0.687244 
0.135252 0.669267 0.233465 0.168395 0.699344 0.928496 0.939838 0.30808 0.406601 0.355183 
0.685165 0.335064 0.266382 0.464162 0.520111 0.298357 0.268938 0.103362 0.16786 0.583656 
0.491398 0.184572 0.646058 0.405322 0.585123 0.188742 0.813564 0.72149 0.405386 0.0770173 
0.653422 0.529113 0.578287 0.547454 0.0863515 0.0548251 0.501998 0.537273 0.155195 0.00149367 
0.0993886 0.756281 0.31204 0.77826 0.0771144 0.309899 0.116366 0.863156 0.120463 0.0209292 
0.818036 0.943013 0.0143804 0.24394 0.324473 0.325586 0.315405 0.130772 0.562212 0.997948 
0.243653 0.361362 0.787199 0.650247 0.956642 0.580772 0.714847 0.893886 0.13033 0.331604 
0.998524 0.54653 0.811311 0.562623 0.463344 0.300061 0.0274688 0.381713 0.368339 0.0488985 
0.593397 0.602361 0.379712 0.243293 0.67941 0.320293 0.602143 0.867235 0.819163 0.621584 
0.613264 0.864224 0.182631 0.443257 0.249668 0.918597 0.550398 0.221039 0.599376 0.324851 
0.996891 0.92792 0.426686 0.31223 0.25569 0.202359 0.732647 0.780316 0.109369 0.616833 
0.779676 0.874849 0.415784 0.968953 0.577044 0.96542 0.441369 0.404298 0.557446 0.976885 
0.50712 0.193747 0.0107387 0.282006 0.0727608 0.557463 0.313027 0.0340073 0.110883 0.0742065 
0.542488 0.201054 0.070085 0.379036 0.183913 0.157559 0.464626 0.326576 0.400163 0.89822 
0.136931 0.840204 0.537242 0.660116 0.20133 0.94018 0.264864 0.0737377 0.638054 0.882577 
0.845504 0.700866 0.00289748 0.543992 0.117765 0.329031 0.702164 0.595189 0.981876 0.69767 
0.960731 0.248413 0.326126 0.174844 0.323998 0.285222 0.199423 0.936362 0.830029 0.725502 
0.513965 0.211717 0.73315 0.804744 0.619802 0.705126 0.998405 0.586003 0.693338 0.513099 
0.884114 0.535511 0.717904 0.325994 0.443928 0.256489 0.112624 0.174049 0.244925 0.833747 
