0.603088883321938 0.806610402463365 0.378222965217262 0.3081654807399 0.758170388996871 0.0550850759226462 0.150539490844234 0.150658761985893 0.995429402257991 0.363356090434661 0.642561366580568 0.636788614424625 0.92401735957986 0.701862349996044 0.550942002277413 0.154120179303071 0.992125349177936 0.773887595168193 0.275531134966429 0.308081649782649 0.0794899781879095 0.340638686251376 0.586460465823012 0.479911506138154 0.829079947850093 0.506716035103968 0.23244797359104 0.887338327560183 0.597531684503091 0.32093348732149 
0.461688242866612 0.404165540709521 0.0593265923739997 0.616259239754284 0.00484016305879158 0.000212338327582429 0.41543907632448 0.469169439138319 0.0969722908178777 0.566506512605423 0.998271648987348 0.364357951742306 0.47275765579736 0.81173466169775 0.495126456146487 0.83687556993815 0.70049379483882 0.259991707415886 0.487960558760401 0.636298901005735 0.0793152810221898 0.383379845245235 0.434301787593761 0.567069859698434 0.683080533115353 0.511873886842347 0.958392545196082 0.965100155127361 0.378609185531976 0.592834911678085 
0.678012155549343 0.0536417824614247 0.963155790895424 0.988263144611904 0.397766534446163 0.394573645929361 0.875563154816334 0.049963177446529 0.402943325221473 0.564571913091104 0.78860610198067 0.780792156475222 0.148585659658253 0.0146836553875202 0.420110517798819 0.972373043762243 0.648502188766878 0.108859696190547 0.970436764053934 0.32325647254361 0.0185072779845848 0.712316862294762 0.392886175971322 0.115782258053541 0.649994661002501 0.829412349331358 0.200031354531631 0.48817910661521 0.695585597037626 0.886481883041295 
0.942467511026073 0.198795434859609 0.543214488361253 0.148860251951477 0.930626849791076 0.0475979242587455 0.0300849852271736 0.451924867756057 0.991905772061662 0.0455207338665726 0.137770434475478 0.480577836603845 0.292991446260382 0.357426455355949 0.779300101882252 0.134158805595434 0.773594738552562 0.855234756594179 0.982193370123214 0.204973953611368 0.410714221643198 0.0489446371997734 0.918414862384822 0.49857391656247 0.474529407031109 0.913265241264019 0.577064743551445 0.555912861626635 0.202514845788284 0.167160031462086 
0.674576755789438 0.60663179678953 0.0109740073341798 0.425070875653422 0.0442300776925937 0.138022931489583 0.317454542748253 0.979830864852408 0.527724858423665 0.0768895241554143 0.522155389964123 0.0254763623109647 0.224979723134738 0.940443487979662 0.18535994118962 0.018241119100066 0.813949306258723 0.681136455851414 0.720496208125313 0.645146636212346 0.654123345310062 0.95954178279306 0.963430075848749 0.478277379858716 0.54379308046311 0.340845558309277 0.547082133090181 0.631362519423173 0.277653806601258 0.437274794785906 
0.998336622202655 0.0931676641863995 0.394176595533039 0.240751650175659 0.955541779001646 0.0564901338627137 0.417144165822104 0.390046677237919 0.600307855843967 0.147438403502705 0.6373131452934 0.2896321395984 0.0201378083245935 0.101213741825692 0.437498801194752 0.911913754156211 0.0529819311060346 0.960853906229963 0.511941906639065 0.522373809017221 0.540159986373593 0.893125742155087 0.817238131658728 0.644291267144141 0.0813249079774648 0.802865684663369 0.0526609640616365 0.763168550644035 0.52008341131909 0.772201950323609 
0.359765913440274 0.613966962548762 0.557883167205617 0.856722676627727 0.491126064462013 0.25583336289313 0.0616661397772242 0.806053395493732 0.329161611343747 0.284855792035814 0.226043473419674 0.305885320805668 0.50295017072618 0.812696499858327 0.703145871233411 0.0534922418850539 0.84852923704724 0.0926771771732156 0.379577113296169 0.171501506344329 0.550936486588647 0.54988145821863 0.946891152266232 0.985911153227149 0.521957097937568 0.82687760396431 0.803872531458265 0.000643732371716377 0.374714842582475 0.366445717133503 
0.605045769811036 0.0226030071385055 0.7091225207771 0.822819745839853 0.536508074364134 0.425577384390286 0.424729962239109 0.797705190803803 0.585053218529947 0.515247112569542 0.0539944649356411 0.518254628580216 0.144614279979285 0.542962097910317 0.275952509371521 0.711260074188253 0.659953943534971 0.584638391750117 0.548565252548837 0.335197580674586 0.860056927385022 0.87626722636006 0.459228531559099 0.521221322188616 0.502593848765437 0.939089801197707 0.486382064040057 0.77051562390983 0.337034390178541 0.296787080418449 
0.866681010234161 0.768637010558748 0.244100287255258 0.107153447897956 0.704969626804166 0.0627265096629652 0.532786722660653 0.33063227881935 0.452815771212994 0.511455274875307 0.363253094464554 0.538116135066794 0.799319068765962 0.660258937137605 0.700197104345027 0.395301384227129 0.392727444590251 0.013755036216387 0.749698658254363 0.185775057127514 0.34142259496194 0.476727655025636 0.775873879885781 0.146889341862668 0.016721470519931 0.957496401190914 0.135583260228418 0.648610008626863 0.150957642234038 0.556248182731513 
0.886008342740782 0.0929760546643969 0.0153209739819657 0.857589598095797 0.190251253959519 0.673588501831873 0.214491563663439 0.173379609190424 0.127730409889828 0.514579419272805 0.73068318010997 0.216071795979992 0.86462179477046 0.869434112337708 0.124178311480076 0.0892855267223789 0.65621942996304 0.264629926054349 0.472889290691811 0.321117975015169 0.0906821224149218 0.964628104011927 0.327240992881346 0.409301541560737 0.197312608251406 0.196809270497365 0.342870291623209 0.3284638746742 0.770649350241281 0.31322715759823 
0.239464173024463 0.806602773856501 0.541327465185775 0.571701521452005 0.540310118773288 0.65918954732061 0.73198319578625 0.238415583883692 0.961466945144985 0.654433642099949 0.926341083439156 0.953620462437462 0.862350529932872 0.0509504387024064 0.479557303911923 0.732717308420445 0.0383416366500794 0.342286990108255 0.403539595738858 0.525717620931062 0.850293436426198 0.017082561793507 0.653176455381208 0.82339607304891 0.108485687394567 0.200073684284735 0.845140302158031 0.776837773333955 0.35170498384016 0.34099162375424 
0.915491048768827 0.929270008717453 0.672578020101231 0.690074903078079 0.872614141870419 0.415802934555427 0.871631838641969 0.319492470972061 0.650710777110648 0.802775529837549 0.480718623767053 0.824531717353873 0.37387133825492 0.929560876995838 0.602366051141712 0.829924804098851 0.631708861624226 0.825689139515404 0.739726315435526 0.503355343617977 0.94355338761957 0.594622591220083 0.139205644031428 0.703109607512645 0.327298474768173 0.80789132801269 0.827410403010936 0.703638232219265 0.833508671051092 0.610016489073119 
0.862426364656814 0.42187128572381 0.515531004909374 0.279120410937618 0.740875205908284 0.478808034824054 0.431808980785756 0.559939033594769 0.681678253365831 0.719066986647269 0.241169416691043 0.208904907079796 0.0961560119227748 0.445053825430285 0.968284353815416 0.0598362690566981 0.296919032634625 0.645712262338958 0.54920037158792 0.248514246801675 0.340985144659909 0.0857291450326435 0.117448913006317 0.115361419125981 0.160174019776416 0.363524127749765 0.0219566317193817 0.439720617440608 0.0112513419098104 0.779140186007659 
0.428220992932419 0.591349205931132 0.197308444781466 0.071726231392117 0.976623587253642 0.365940815255013 0.232658981376627 0.996265077612196 0.423367274756066 0.778566275852535 0.057784658556305 0.193436970078398 0.385138360129682 0.243390641882755 0.638309761741298 0.29686052672238 0.650170234236995 0.236743873717587 0.305385760331871 0.0953445009548855 0.439928910280215 0.940253070281809 0.779313015436758 0.771958800059875 0.956948242533307 0.339391183344895 0.650880241597751 0.548632816306494 0.771029815881224 0.154761621147614 
0.938763997615134 0.834554319704077 0.332376770996593 0.78805917136646 0.339976652239526 0.617100372631031 0.189150000054918 0.465467526152885 0.515840836391545 0.0939759604669406 0.523972993852393 0.616584652300674 0.0482946770982448 0.687445375795612 0.339317726880796 0.934149440444707 0.566589488996037 0.611772875679312 0.685128903280705 0.624589335487077 0.0888886298158509 0.214738354794852 0.876194998980034 0.656930481689349 0.70850098407825 0.174272376450863 0.399364762251371 0.572427794659619 0.254571787823902 0.552768424353026 
0.490843259948679 0.0864699542917116 0.138348231110049 0.868027053333308 0.734744545620762 0.61030856519303 0.127591962172166 0.0554046793813735 0.540675301843838 0.211439192745572 0.0539031667509808 0.854900910294116 0.674897454105997 0.735955200117672 0.526448300111634 0.377229258353714 0.889469629454843 0.847052174229138 0.485196694909804 0.264046635295767 0.598946235258071 0.0649664199577114 0.73477038268266 0.762262679361241 0.551440600499549 0.861462341440504 0.946118312625194 0.375548192217941 0.481348441765279 0.871408268700086 
0.676467979044519 0.576221941934801 0.0340392844057828 0.624820409481291 0.204582593679548 0.640620522320521 0.907780382100317 0.20291775891017 0.199931675676523 0.584084141532688 0.619682344482756 0.238535576778078 0.503315346512948 0.88782325085231 0.829813302385456 0.430889878746307 0.00236293569688333 0.320541001684616 0.225342318825689 0.423681078214843 0.278403556237929 0.175249492956204 0.427342897466375 0.0490743581412076 0.773240117882948 0.195433031888767 0.733790908686162 0.688603473224764 0.722260090920725 0.798555232991584 
0.545112802566123 0.62863206629048 0.774319702812293 0.774374671300569 0.714131504893232 0.287508008748484 0.889495597464046 0.0692315243304766 0.216884019648386 0.851258600036791 0.446754879208718 0.88862613167932 0.825577907065876 0.540318905503196 0.243899364460632 0.594527617656062 0.458139864165929 0.144866676652238 0.692093393353886 0.0075833469144279 0.765132283951799 0.772566058601678 0.185264767422699 0.0337425613382464 0.714126361429742 0.681136618897676 0.882273454685522 0.362036786392027 0.994111271911143 0.751060474234829 
0.114587845644148 0.805035958214914 0.194141671198003 0.103315171016976 0.023711436609843 0.660005398071791 0.303793307254637 0.389020044420927 0.327833182043994 0.997353853663773 0.388491667636563 0.366540334238871 0.319122709428236 0.901410662571258 0.631403484280557 0.123852831616926 0.320517894435645 0.873363702920049 0.638111649936122 0.412585586124318 0.115717351972719 0.369655963642877 0.52078123993836 0.0958209504643374 0.0612941357507061 0.0869130644508496 0.352377148554894 0.250209824507322 0.412787482868211 0.374418297837623 
0.231987257998088 0.767101684316481 0.28479495328608 0.409740236351956 0.742135688828784 0.683749703417763 0.153234451735636 0.965318525069143 0.0642648586360664 0.397388108159047 0.776501676487525 0.72145986384398 0.840618703473359 0.697751679385958 0.610430896718658 0.796488412725815 0.507556262992813 0.256340203890442 0.548048209503689 0.178302885784659 0.419476456556786 0.57149318171462 0.189526007016726 0.140814294836617 0.29805955020221 0.772131017253053 0.213782412430454 0.554542044948373 0.12111246047061 0.298516822498737 
0.44097482527457 0.0790692588837392 0.652783071489902 0.118492711156224 0.95863114886559 0.780479272204502 0.144567304956318 0.950287566955609 0.90014722726852 0.332849084195722 0.0901508850999676 0.575296151023946 0.90487967211325 0.128200623286923 0.580328121750594 0.523092449855948 0.865540775768788 0.701468907700804 0.406264582281101 0.258386161377992 0.0474021671425792 0.347195146613613 0.807302901438815 0.665405139893269 0.869383510015334 0.992788834500652 0.959923874359012 0.549710515456825 0.19179040128663 0.29979517757587 
0.825595447286904 0.235004864098276 0.753619547569086 0.198147767018077 0.711151696441336 0.241526968419107 0.917512710671777 0.0899036219247786 0.426697082632748 0.76005967519224 0.999406549518543 0.0453629309592103 0.325962661980605 0.924427091342181 0.405823965135511 0.847846804295581 0.549838372429317 0.365680571597524 0.602166153834879 0.964059058330293 0.672568195288861 0.781743040235935 0.794861807631356 0.668103817190158 0.481071552950504 0.975195853702322 0.29405999806908 0.989931123946262 0.0628536793998403 0.243377521554844 
0.742958174137143 0.181320514787386 0.410173702664922 0.29251964669296 0.168389103556669 0.299992596028451 0.457536691985466 0.48584561086773 0.437952782275137 0.055722841192238 0.984711524835868 0.0783980069275791 0.74855094004993 0.794178747345326 0.434069879018064 0.760039111858465 0.843998571208273 0.970950326620122 0.81253406044684 0.386187893309323 0.648568361654775 0.0560467786554012 0.195286714274684 0.274150669736692 0.657803694481698 0.880298702236248 0.0496715006869211 0.230467792422268 0.315866654053914 0.831862611587155 
0.491751473702985 0.0271060127890857 0.964828998306752 0.937459730892975 0.282972020791506 0.695945460528914 0.203626398608844 0.215715205589424 0.0576191071756025 0.473647533694196 0.414772421361994 0.293057222152162 0.928976281045249 0.87496180707507 0.810778719131787 0.810128372256199 0.575543382363573 0.640389245262168 0.344885560567043 0.51680213446759 0.178769368726356 0.336559564020361 0.971484264002837 0.621693919180507 0.290851121765783 0.514484073298246 0.469798330869132 0.286524293626539 0.829141165897065 0.252837067883106 
0.342536248038321 0.726186343710359 0.383472892319437 0.727951218105481 0.509458208415237 0.0847868196065023 0.0592765667474346 0.858345939850483 0.612624184929358 0.177409863935555 0.934453004829914 0.864777203046047 0.460185058618204 0.807278615027401 0.0357398633498718 0.826482640166331 0.309099635709535 0.610658399304337 0.612767120057744 0.618769947766178 0.264363645912636 0.21743680414897 0.0932040757275588 0.128162386911143 0.0664779169112728 0.713161934868602 0.689127530974543 0.346745040096309 0.632040807671667 0.303932454888623 
0.291721445917617 0.067258617488291 0.173107529154559 0.690240135492937 0.30070179961804 0.681303729736546 0.507050532511697 0.466858446392233 0.346303629483435 0.72073844935839 0.0343272369068995 0.224927995432333 0.124228747291747 0.970773187625978 0.0656674082851901 0.480390297350894 0.505290709956903 0.531106523320267 0.296377635358217 0.705110214472087 0.20586193796771 0.962807562807549 0.755579237068831 0.198226242223598 0.916502944410246 0.83928777062452 0.349568199921637 0.463977491503825 0.2935776771071 0.57989420033406 
0.852071401276762 0.231745181349358 0.605989863433843 0.759296435178492 0.464368792769821 0.105117104488883 0.0085232341042623 0.938646703928561 0.233199572341144 0.524861135800914 0.287823258175791 0.316491978138625 0.161316708606787 0.716622607733846 0.024805362706157 0.356129087529571 0.126104993962234 0.429024161620602 0.924904835613794 0.859722467139373 0.765798860145315 0.848383538406671 0.493661199569565 0.944726177208556 0.638518584500458 0.0896088793099645 0.286211836248664 0.128790305649331 0.377490366634412 0.711962199549489 
0.561343071484523 0.879506566888595 0.65261911166315 0.0876468696826365 0.674104239724203 0.294638559629441 0.788454702933095 0.994079186251105 0.775446720828173 0.545236783461552 0.178053289960694 0.378652724126879 0.599229555978244 0.207481276889014 0.357463609790271 0.942472348621326 0.104047278341841 0.106107333029201 0.809814429212023 0.684360986080772 0.465325224731122 0.118610129464336 0.546575766222029 0.815494730331531 0.624612033924724 0.0107189162755477 0.923724626142173 0.180529449211005 0.20677152669026 0.659390965373123 
0.673313757094989 0.397762404359757 0.0668931876235361 0.271985735057474 0.59273639004603 0.0356920728942828 0.063058398883126 0.409657188396424 0.535845612222572 0.735883725436551 0.294070188171716 0.829777930865029 0.720662310399151 0.887866908222605 0.448682588338903 0.0500963885348093 0.290315723983807 0.22714019672023 0.700086846627407 0.957724484833022 0.839461940792786 0.037641313327992 0.500692859063592 0.904746315261688 0.459386585142271 0.162369241359114 0.940542308936786 0.253333674041416 0.882130309962685 0.927021716871993 
0.945637130583007 0.23995718363653 0.860011572681905 0.36815709370091 0.498727668634957 0.432604755010276 0.557671302121195 0.514347562788139 0.993479470491937 0.326040534590913 0.766921377028617 0.54725012630197 0.203394623633353 0.818040412855259 0.833540178838692 0.275082020811202 0.810875491920505 0.832978402825327 0.851488595876804 0.587130538293743 0.000677818748973924 0.332615935051421 0.0637760550167542 0.850285229209401 0.476548630838585 0.0399032904723596 0.831551155667717 0.155642207643425 0.0176974013394913 0.453479758126617 
0.871585788931425 0.407345610567711 0.949524297096312 0.489225768535772 0.963719119121883 0.216730344230033 0.733189874608046 0.40505198153007 0.82591011590768 0.822653492116468 0.38705962171665 0.425145905152928 0.123643889562772 0.499556716545619 0.470454682533507 0.794074052792047 0.287355785098047 0.131655930903681 0.457979721625118 0.379114627482534 0.245454678579883 0.874806216156001 0.808495187523818 0.166696234390466 0.649627817744433 0.424341616027317 0.222021501626048 0.451193944217658 0.836494478238602 0.319428305946208 
0.153670899521981 0.811249900881418 0.106710322160774 0.374225883331881 0.976409155391303 0.045000228155323 0.562654813853002 0.460750019672091 0.113955871595932 0.0661246637993831 0.890272011897764 0.154929282608768 0.136416323630804 0.988696880215397 0.395881318902525 0.302996457761913 0.0670578422589688 0.274075781441886 0.813864409339503 0.0262179263072527 0.206983511727598 0.883161418840478 0.145698291050845 0.0268884512911658 0.155031244866428 0.948519748957721 0.511384772703828 0.851176187798264 0.106937926547526 0.103087812342089 
0.335075955389491 0.690410020170176 0.0213296384530223 0.0318843763351699 0.9224952670404 0.506689785468725 0.693984419345569 0.355314533923359 0.932789870656604 0.358553938869303 0.236761633261987 0.199387960209852 0.566701306132884 0.350043112397925 0.718815295146884 0.151762449616462 0.562066533496743 0.847884249450487 0.778037915550783 0.568725912714609 0.131973101949164 0.565796013668376 0.127120123155115 0.289354768236607 0.663835120569051 0.21119058554283 0.969459306949729 0.507979024236308 0.76622163518837 0.167935302908974 
0.924223857762201 0.659741984474597 0.136414333209244 0.934966204780751 0.128700818670267 0.157776459130854 0.480134221038202 0.763992861845805 0.687167735044278 0.183851487615181 0.404843594114486 0.517254507778617 0.71277274848275 0.779001197282952 0.137669144980506 0.44663098531776 0.557745499390632 0.355009310700753 0.929632278939676 0.340586854706411 0.818340375370694 0.412076812519995 0.778076385504716 0.610913925330942 0.466733756784471 0.21362440570289 0.129741556801711 0.746962826686315 0.914412128325475 0.389742795970649 
0.226575249873415 0.61820142496633 0.793579391236473 0.952375178901443 0.51473257956832 0.694106040884215 0.0557561046520366 0.537329235326946 0.00189218589027633 0.724316822359788 0.266308378116229 0.280552473611858 0.980727176426457 0.592468927442136 0.847743279959726 0.0340854354646368 0.445695492032214 0.684717147801363 0.189061999680007 0.80137894644481 0.727683934848964 0.325254975016034 0.65754707620681 0.144859151860437 0.180995758342846 0.876132772614304 0.314254031023439 0.662100215226226 0.0539958129313989 0.58871032698115 
0.962502390342261 0.611510566254883 0.982872616562745 0.297937553638294 0.991844356447897 0.258004106050119 0.935066636837734 0.556652355175513 0.52030979475232 0.847503364026688 0.361352567146677 0.520002483225322 0.846390545162906 0.100187295543826 0.893203681991811 0.809357938140918 0.312936821767613 0.814039800631674 0.148088962526645 0.219378912172444 0.245543086219206 0.505722714244944 0.673818815608214 0.930458058544838 0.836807074016651 0.996350807168651 0.765802307299633 0.601653540866215 0.903289113466142 0.542280109915671 
0.319951237365272 0.217755919814754 0.235054633987369 0.984701958272871 0.981246078031363 0.710152195393675 0.635289822861998 0.242031856197572 0.799975400248733 0.105596816741483 0.106303446846179 0.790145045462192 0.247903353539759 0.415941339955794 0.292984540755396 0.69002775195022 0.195252440253888 0.450881393577205 0.314609844701229 0.364165871819439 0.599050985419252 0.65611129189803 0.0142218477021048 0.932885161286756 0.870056824898629 0.463172696172924 0.864001845123602 0.685175622120937 0.136269293410668 0.367887827957215 
0.0858605847282258 0.865509861907103 0.307778985157376 0.253524050101608 0.601961935168115 0.274922646231995 0.425500421927626 0.759638992762218 0.766024807687805 0.959276467198872 0.536392793373596 0.419872533435933 0.465424133059846 0.305708367926826 0.224290945388807 0.463203034679326 0.489282586791488 0.292395565832329 0.793360010454588 0.845859075572138 0.952237172470633 0.961001038229212 0.0140365486136434 0.111924749780986 0.171650601617914 0.183897691615089 0.719960437865596 0.644538802924485 0.244662420689213 0.0454043460778829 
0.252783816900977 0.356005346870688 0.822626930241552 0.0207098344642226 0.719841471924872 0.15719380722977 0.230852804719059 0.842385820579496 0.612174372244031 0.695548765314068 0.349072925097116 0.918047839668735 0.434578519041343 0.339747342543022 0.173781107523151 0.776688512598583 0.671281275031222 0.310260646059994 0.846457112557052 0.271828860363788 0.19251356070009 0.0273455612377386 0.406276887161429 0.27118761664367 0.524333662727633 0.275789853365112 0.584153890129322 0.78805214669602 0.312366459165401 0.483875017503624 
0.14650369116423 0.0513330244416956 0.64315924748921 0.803931202092982 0.713840606443278 0.142553576997176 0.0866131657553911 0.251673456696136 0.318208907161165 0.598627468558633 0.413343687154736 0.505636331036953 0.284337047008504 0.253956008223024 0.351757515233608 0.00888721617154891 0.754478722756035 0.671580163056772 0.843156752143024 0.115449827476937 0.251021461564507 0.713628993095998 0.271173884802435 0.395334659669452 0.789788565675149 0.0820938613596275 0.378301687628701 0.58060567967096 0.524514910009501 0.24535869223051 
0.563737098861192 0.404183387790563 0.0850622948434008 0.572299146288102 0.839688378716581 0.244894615433184 0.877864359308014 0.331220522861786 0.837308798873145 0.498253075960339 0.306027913165334 0.733064295885311 0.999461873054526 0.134414720015641 0.321934560913949 0.250943658124543 0.0306186147086726 0.739314947920812 0.903724715166537 0.940651906948119 0.548827353603455 0.178731735647367 0.579698752982615 0.280870695935863 0.180324476853633 0.992426195009364 0.227169296611082 0.136848444919694 0.137635743277007 0.519164208788035 
0.513656490554781 0.30789626913574 0.0361194874423588 0.905021934725382 0.455431439998581 0.478867661042108 0.93693404685104 0.604841701726433 0.883291067017302 0.0805831592363356 0.699452204844974 0.864520089560335 0.769212133702294 0.499266988437429 0.882896426156703 0.866764716525016 0.868465109759983 0.639412134344353 0.620382286450713 0.352556445401298 0.931063658654227 0.14590998269257 0.715913150648508 0.314939739335131 0.976293136393743 0.832154162523605 0.833068480711908 0.869999859039798 0.0972701943277526 0.723535499688693 
0.319087596510128 0.0989385532385834 0.589931968778416 0.526275942201187 0.374244205061478 0.807351892158076 0.514999466357733 0.67914760739384 0.415806272785189 0.237787504718894 0.411512995495505 0.89137718539272 0.169315764138916 0.949543405848365 0.361866862596104 0.134992787312867 0.0274892304334671 0.791318048409468 0.018895520257874 0.678907320585264 0.053059928021456 0.290258681087716 0.061964399595075 0.329213775425408 0.848115225347163 0.701492106745582 0.965404821876877 0.19082982379527 0.571029437290007 0.124189733846164 
0.224203619129578 0.761673617883444 0.527776905306487 0.680939809854649 0.874800109169362 0.238804173782083 0.258808088831414 0.742792072926062 0.758926085903899 0.0799682679702618 0.503404720025204 0.939187674224377 0.82835103477956 0.654179857016073 0.290453094224781 0.760759128977589 0.651572404994853 0.848777777627363 0.577349723084827 0.0533237002527928 0.246877414705486 0.929975705654688 0.770180897763809 0.0450613146162296 0.43210945078933 0.642749066880214 0.473347792504638 0.084148491717154 0.293419356613945 0.835714723701986 
0.529331583379852 0.692437933858856 0.569208081237696 0.798935994052223 0.567787075210998 0.223464774057909 0.579969018534026 0.64973347985542 0.466598946651732 0.0841796832568536 0.252276870963507 0.53461782127922 0.810046165647772 0.936594132755257 0.942105438458253 0.083087368354676 0.503665956628941 0.0876194101555706 0.727819038992049 0.218267610700988 0.657807126980825 0.744184366230208 0.639430907425609 0.825708517232612 0.57059911859979 0.317989235683738 0.815546985321448 0.894240672592793 0.811254735355868 0.188053261752674 
0.179233144409938 0.359081024575012 0.693077361092946 0.562979480996209 0.969208637726658 0.13438115077433 0.518073528499058 0.013598302226058 0.368621135340335 0.879345955618556 0.758188723344007 0.715084179205315 0.928582978730218 0.906458405061483 0.607250260836931 0.0196394844021371 0.457970742215149 0.134333836483449 0.633210101274679 0.786904891223379 0.899548725797463 0.036442648757334 0.787361933477124 0.736579155422346 0.00178217200427904 0.0444248137016321 0.869852250282981 0.567848679805845 0.971307443668607 0.57673752968741 
0.836371627476741 0.771892207367801 0.975890018954801 0.198479003452806 0.967787285925128 0.218833198450692 0.530099117200137 0.350673949883116 0.79568330274681 0.0650964462179157 0.0842743397190791 0.329740619137676 0.180870350850661 0.616791708227983 0.0466098841628725 0.0971189877478909 0.285094059109405 0.87971203842367 0.95245648037833 0.997763682971161 0.688945527700002 0.54700221207144 0.746140814705644 0.812214407759154 0.0890051040286102 0.657986160381441 0.993148335144745 0.56084545539224 0.921200222933838 0.610132382767958 
0.449801104208713 0.579757017856062 0.0208060640414341 0.952768577578055 0.167830802718734 0.9460304916997 0.484763103120643 0.749152374165663 0.571688745395889 0.342680570107868 0.660193827965564 0.834866241932879 0.146770552530085 0.10395179952 0.228312620114864 0.894131849225728 0.590518135395648 0.965880094643078 0.366699458109847 0.368227444650261 0.644787252339204 0.292374476116164 0.910277212838395 0.862017390008736 0.59981758389886 0.97444991091388 0.420151483307422 0.806047013628475 0.499189684553787 0.470789125123496 
0.614416423541434 0.561898203753768 0.316299625902914 0.676407949042415 0.267198538609624 0.71816701865923 0.630500928686668 0.939020398141584 0.328187426842316 0.102765041890788 0.0830945397059846 0.91482406912558 0.486318590992738 0.548359786812827 0.486058421033769 0.992935370671937 0.613237083085277 0.821393222839954 0.529608954430859 0.842734145673351 0.661146687607658 0.175344018654199 0.484381402818597 0.197129969191285 0.0481288292568607 0.890310236570464 0.955275981584184 0.761937096062214 0.762676432637696 0.754503130654817 
0.271631909531277 0.132507842281991 0.458682584682071 0.0840464017686267 0.661290980193507 0.913490000777813 0.588877593527864 0.59791684996265 0.428208609652088 0.553772122180831 0.500684962582495 0.411723872161904 0.893268053823258 0.500587932054903 0.472134229944729 0.0402366045629217 0.789844374338262 0.154593253985313 0.556383025797908 0.326144692515196 0.359358384187851 0.166027023657802 0.206481590007379 0.126365183292913 0.65663238333763 0.0811288144642845 0.23401202789693 0.391594425161358 0.249083189038908 0.0938995813359208 
0.206579649833152 0.446554994599184 0.177970090052312 0.0815335690068999 0.518362499559431 0.542951948372543 0.222080661910202 0.535693659521948 0.628364454963978 0.517561461211568 0.100967251088654 0.359454048807317 0.953608711039326 0.136764356494452 0.167261129283587 0.475970889261497 0.628906618174612 0.636937076770704 0.89339493770758 0.653847099257484 0.025742488503488 0.132598387832088 0.875821886554001 0.0598513910904579 0.0909610809090001 0.793834815677894 0.743857356692866 0.0578093013639368 0.801919842534989 0.164896801873364 
0.497634579744282 0.656844039956736 0.513522324423431 0.291231515705195 0.196417311933402 0.250654641089846 0.697621176050595 0.689510587483824 0.922090987678748 0.296684400469428 0.720117280669746 0.464632603318865 0.481266845245713 0.0752254888053761 0.0688805179750467 0.157486366571734 0.579570784915221 0.280607425796385 0.502603331592411 0.0721347772450576 0.456524424492816 0.417168943008922 0.794737038116025 0.769912248982202 0.869460097468002 0.357922052035966 0.691012395090534 0.331024705723347 0.960597094644127 0.940092465918177 
0.130761732769458 0.94783475360369 0.149215466133262 0.0708217864061046 0.926127568792276 0.0770780797371188 0.767341261132512 0.953850749635977 0.915454053032127 0.729942580510044 0.490001602031583 0.969075175283356 0.0101204461388922 0.624349514076809 0.497410508905016 0.294672354921986 0.962429407567604 0.525513804815597 0.0753315520968492 0.925411615872635 0.693906974469767 0.142750307713712 0.674023409200619 0.137075822164901 0.675130976075889 0.516358202309272 0.92279635858674 0.860924549176693 0.417364832892525 0.638849223228444 
0.185178917894826 0.00721720966826294 0.17741472719904 0.46286815822602 0.289754894915342 0.145175877825804 0.551112805311578 0.781710492617266 0.43135194543814 0.410179039231735 0.192347732171539 0.795728688127899 0.804960365752929 0.0698142442514816 0.425924680393391 0.966554589728142 0.259909762861709 0.737270109802962 0.556069500854337 0.210703182983846 0.71356517926893 0.910961675031046 0.480294410347981 0.233833751316591 0.365643509417607 0.269692475901556 0.813493734927389 0.0458986174102323 0.445785633272948 0.934989166413341 
0.336415758769876 0.821284213866922 0.0630040469236161 0.940755684121714 0.881700393332053 0.144877938355099 0.604590103273071 0.777733508050774 0.16099958960821 0.337578376269628 0.278110325808797 0.615046932554702 0.990704245232224 0.416046665144314 0.567239426636721 0.996638968258906 0.75262338388084 0.811128213988707 0.905917857306363 0.154019233855326 0.047723275838276 0.685926276790617 0.374037918225551 0.814071154528426 0.237508530287219 0.115573012534901 0.762279396401681 0.114187057382144 0.102571080039051 0.498297922457125 
0.0942142538920981 0.844930009007397 0.40441427333645 0.672621663709295 0.558563174127943 0.681662058109083 0.719729548684767 0.889226516399941 0.725941765852877 0.455648779039167 0.967027083056301 0.928766735422811 0.9193711578118 0.211061189349659 0.784893266577703 0.0389679597325524 0.566996134712866 0.120716725679528 0.659543840958096 0.339794245367037 0.217983852765188 0.141081680816136 0.101518968001532 0.745205068574845 0.196485151746624 0.377283083988457 0.876603673590103 0.0631493506158739 0.256815468522877 0.929397886125185 
0.0571003585657653 0.738654622459008 0.389171525958865 0.748496264400889 0.54167985188654 0.218901650857553 0.778042190391736 0.0591981809750293 0.22883981621934 0.780615367904939 0.546998456920955 0.0703145608418559 0.195439002958506 0.910424006067709 0.887737405786608 0.705015348041455 0.58386767097319 0.0986122441123524 0.80911289938777 0.0615348910557393 0.663286722715858 0.772399772729454 0.0618230733168543 0.603792064833762 0.763242164625683 0.409818317105598 0.5951121469011 0.551423815975646 0.345999260853398 0.880363393865994 
0.686733048213818 0.0397101394004445 0.256403371240171 0.171145205984164 0.926318138443521 0.339021482227028 0.758510446193249 0.159815344213153 0.907536883895752 0.640810133304545 0.166833232219007 0.808590447456591 0.791666627586902 0.911887660162725 0.464175007494255 0.0438439855614146 0.261662966713058 0.466222308688208 0.686267764292932 0.734905654396525 0.840633003336072 0.0719833793025513 0.669570300005836 0.109014414892459 0.834332915945552 0.460889011919819 0.372798860699083 0.126843633178858 0.216243315437686 0.511486492436996 
0.427229802708066 0.950762979850534 0.469828876347756 0.584058169802073 0.959040359132898 0.819309266364039 0.71425015794642 0.209304929001928 0.875958236688914 0.654204206994072 0.558448596655135 0.205085612897057 0.917522207127628 0.45323603836633 0.588086872455794 0.702759812362697 0.510664100726317 0.696432351179155 0.479816281438355 0.775952241257115 0.4075841109574 0.343814844618859 0.992828468691364 0.672892850306636 0.591130305560486 0.484571535294695 0.309827385331116 0.461728565278489 0.578937881378317 0.644163223471898 
0.482893643826714 0.633370850838429 0.587550161769357 0.368469344327739 0.785443327325311 0.786601568889198 0.805281365334802 0.33663438354918 0.516053198403841 0.64878917109768 0.632528679371367 0.595465063637241 0.367717348987844 0.944634925153575 0.834328260676972 0.503968597333297 0.96937532245941 0.483540968717855 0.651872685305814 0.884292584980098 0.0444278011033873 0.0801891788947486 0.575611968768432 0.832644574130342 0.289541864478984 0.804941540791324 0.151061823947715 0.492536734860788 0.0435956273807351 0.213328113415339 
0.741185817948337 0.469214163669579 0.552021701806445 0.31886930486147 0.478761122172881 0.755679752705686 0.476176177908963 0.0175413962879431 0.0648947682466181 0.863887465118733 0.0386446963954582 0.52558321335817 0.251791338943183 0.177678551804305 0.718075409083536 0.989278177219947 0.949042633712896 0.626026085266828 0.867664073984619 0.0238613141531136 0.212751366982297 0.0437958038170524 0.996500522894692 0.690504990202017 0.0785678331275172 0.228083193790543 0.905021798656258 0.687392504165945 0.433689883602307 0.749389510051282 
0.467422376876125 0.845415336989951 0.996502915514337 0.425992999607625 0.224838800613368 0.717358602633795 0.410017217348837 0.511607638415599 0.159731381429325 0.873628881454092 0.291406731515346 0.482856880754786 0.920149088020585 0.40077467709948 0.972609952425114 0.666661424223139 0.283895673497231 0.174496784720778 0.442512333064248 0.854987654326643 0.518982998085827 0.0348410925448889 0.831640704413119 0.0541600594579857 0.0684758435339015 0.120163671870977 0.779784861248268 0.0261166591774783 0.691619067584174 0.998365073481153 
0.568262084446248 0.712989502889515 0.690128612417599 0.864155062370715 0.402291116360714 0.0600839091034222 0.581268915344898 0.747020178247114 0.104452870952291 0.643840943388324 0.901544515403982 0.58483883469646 0.528205033058574 0.210838070029058 0.607495532423354 0.342599980818737 0.164596536413336 0.763840390854236 0.752796262461038 0.215363224347588 0.58652757921289 0.194667177338666 0.39064206868127 0.141739672479069 0.0865953715825861 0.143696892644476 0.457029424190413 0.870751808864441 0.0630701486680143 0.158480577511468 
0.868857607485237 0.834603031972118 0.347808951983349 0.697568786218081 0.302048495576747 0.0524908320870107 0.480931349021902 0.829981245570322 0.375218203754368 0.269173487314906 0.271406583003874 0.763272396254325 0.899374060147605 0.971229727808659 0.606271535594599 0.594245499334857 0.372264635294632 0.971202564800584 0.255923175931207 0.156966016652296 0.512236697866204 0.52493646420134 0.105838422215083 0.0705479010794898 0.0616560578969795 0.894003621782664 0.738241698351838 0.899624049992854 0.193219719616374 0.644484130359456 
0.494077642425109 0.0497881639022474 0.95345065085439 0.806191764523591 0.616430864690261 0.809991424675559 0.0555330793093371 0.658079988590776 0.324661753092657 0.530506935607095 0.363625471844124 0.438009137713666 0.575084038992316 0.0516162269443865 0.416223079083975 0.479624650035486 0.561889665252957 0.772309898409726 0.645808907417431 0.897825647795554 0.31825218975945 0.811198902371897 0.833163027482522 0.757737469084402 0.629793109528388 0.0862893889832364 0.740831547206106 0.836331723959337 0.614998595686863 0.802204906514695 
0.353222618126873 0.237766516098368 0.163702629253786 0.296385026272724 0.0211136974331344 0.58300850577494 0.670509285972731 0.453297534718829 0.910468339557092 0.304556703730437 0.448380770432247 0.0471213559726258 0.755568320904361 0.129927115957287 0.209592581081386 0.524084728746865 0.32744636969089 0.191630799608715 0.158289668378615 0.691929103617163 0.361580428624506 0.418372546279763 0.942565974302664 0.596658174082442 0.973274182739351 0.123606079588662 0.229007880131033 0.758569297052993 0.872480776950683 0.173282348153408 
0.581066712291264 0.98260383083273 0.894077581036586 0.664866621803764 0.555888338098114 0.428766539213223 0.350973271783228 0.440405598731705 0.386380925362387 0.523800098126794 0.543666251335814 0.699678763279226 0.837144266574485 0.672261470693666 0.107978395339634 0.221645101604219 0.220445584304028 0.734519767290686 0.0655064735132321 0.383408414930139 0.512661450625129 0.63892647080212 0.500809942350606 0.526772865039004 0.626636518660765 0.0115280725036708 0.509472400646794 0.16755951453671 0.646299362373568 0.375228151793759 
0.847112994355843 0.813340099521339 0.440137676049388 0.61176433826895 0.357806251756746 0.956094899165517 0.142921124667628 0.635680865335397 0.0629068541592764 0.880374384529931 0.651265658664428 0.555007967126028 0.067458191203638 0.900614377143616 0.132568934286389 0.255991384474731 0.172756323133143 0.891847363449698 0.906344323150204 0.0859786907755401 0.811396617754361 0.0201259488353048 0.0196208501873984 0.496110025701537 0.421978103309235 0.776266027058754 0.284442329431081 0.8321958864021 0.0280300239080003 0.507994223558526 
0.979663111233117 0.0191928400876143 0.346988906492611 0.333046099471646 0.975852616770308 0.0316452199889183 0.225390195987824 0.936467334303341 0.784191409076149 0.764654880331357 0.824924863403424 0.171526504701685 0.594723203258134 0.650916947375583 0.315029678794478 0.143186135390273 0.707656088751413 0.373436341367437 0.989392259525537 0.679614881827523 0.400093187541386 0.217765590572314 0.437777903956908 0.497359652901207 0.889530460423216 0.676348844252072 0.806457275324037 0.758519613822581 0.565479533194922 0.0849595063057541 
0.755885397172554 0.839881644661544 0.850983608496675 0.0274063898691248 0.451311135952714 0.170593206008237 0.356505464936047 0.0381445847605056 0.669811160479718 0.458809522315806 0.890118205658685 0.688393868055692 0.470468041784358 0.216709732373134 0.979809067922553 0.912682033351791 0.158405576609515 0.526552960450604 0.630647201830837 0.273604778151726 0.988946359611181 0.0164339967776425 0.862125741519192 0.19733920603506 0.270369988041972 0.30197681637729 0.424328542476024 0.644893568139413 0.721917658230643 0.312102862460542 
0.73003250606235 0.226977790983679 0.0252064446909979 0.443650479446414 0.414381690868606 0.673673324272041 0.0454845418053015 0.972375448679589 0.311875482268328 0.387406620896721 0.783760674680466 0.508315115949876 0.89958063245615 0.930371294533205 0.0635056989086974 0.669498421669955 0.854032389016254 0.933508341026809 0.19725338973132 0.325096773683739 0.558785988374414 0.013765912395376 0.637836128291184 0.131236143392492 0.125192847168349 0.349283233052986 0.83427696816343 0.345998041361879 0.117125243377603 0.373483113368007 
0.324766434084552 0.0980181812709062 0.222599988560178 0.954888636236228 0.814852225647932 0.554031666352811 0.132222513039399 0.955589141581402 0.432768061579144 0.0942314332894927 0.0948721957926087 0.125380291891058 0.082669415708757 0.413721738469241 0.504004134383753 0.299518320340755 0.587085091714024 0.000316868960836203 0.620057017697504 0.244417562922695 0.799008640437061 0.614346569375361 0.0553052739370081 0.970771386374197 0.954482979740882 0.618906708434177 0.304100809380228 0.156370217627951 0.183255592531103 0.692377695317557 
0.271390608658229 0.723008168206547 0.786568523775362 0.369141156142375 0.926521658361736 0.147276641655376 0.406582237317934 0.749548912242398 0.0504307604054765 0.190847910273397 0.632722222197808 0.436461347576813 0.753838188881874 0.410067414304752 0.561211215945014 0.441842205171137 0.672358251181499 0.401689858559388 0.890207486483712 0.708105657210909 0.193100558648366 0.858297452981042 0.135919662182162 0.560641111159692 0.243629433101935 0.697340026170455 0.266447316518547 0.865874146366091 0.0339460815004409 0.6702322708128 
0.465629748432074 0.61097163078596 0.763896406716783 0.332146395708292 0.950511824774915 0.207187673846393 0.848341830947212 0.983732061901993 0.250505698514555 0.452920314759746 0.937010864859495 0.0622874088835762 0.558353173786101 0.967404665236873 0.863685027137579 0.537329594447002 0.552382119039866 0.255958935093605 0.601306374897221 0.117578223077431 0.877476742023639 0.882448858530094 0.975444369105641 0.727822726496783 0.162477291473648 0.220127760952335 0.413365645410269 0.96671224602504 0.595230185285528 0.362658190237156 
0.218051895300609 0.500446198735796 0.0355865860313222 0.354804635866628 0.35390564017658 0.718988890808572 0.0943848874144407 0.0470291798105922 0.0477788149440795 0.578394837577122 0.137880192518116 0.0296898002817864 0.170704756860566 0.773973634088171 0.200428054282422 0.791826083838393 0.482472775545051 0.845833202831404 0.250947822430328 0.00998996564629422 0.639110496154852 0.196983307084021 0.568140340268642 0.242121937954718 0.880649582636035 0.574663162499921 0.588570255442259 0.452920200460511 0.110468530347707 0.887823846263718 
0.443168190410773 0.7689130168807 0.0639522224866328 0.836610517205092 0.0105969178812821 0.457932742977399 0.917519646238722 0.327880320608283 0.900729118928391 0.611156392610694 0.33735621871894 0.224682190258368 0.619092883196637 0.0716767132847716 0.398380263762726 0.641665861493728 0.251140023609027 0.232623387980325 0.290350405600363 0.483164289329922 0.535044295474781 0.922497619207469 0.306094801386265 0.783736150555591 0.194810482507181 0.651955180017156 0.944717259725247 0.236068012394598 0.685571222965195 0.674050610491193 
0.268095865841421 0.180605368538813 0.0923063291791825 0.770522421942666 0.469660181884104 0.405639257860702 0.540491942083167 0.917325918237391 0.319166121079464 0.713336545244009 0.929067867723054 0.246069808158564 0.0756905772399961 0.751782070619761 0.737524764223813 0.103747933603459 0.0493387311128615 0.827501959907653 0.443995135267286 0.584896935738708 0.745529412127315 0.198458354168257 0.824223180796111 0.0571261175442546 0.960281299704951 0.020572706978397 0.781174114043489 0.68522305809788 0.59288637801188 0.223024817100493 
0.799453831597715 0.793065037303671 0.549782348460595 0.655468559945135 0.0783548770302269 0.28328381913219 0.802794460766902 0.201198199666153 0.417260948876731 0.853316269434996 0.949374752829623 0.170882645940113 0.38380308966538 0.913741690693839 0.812644016228214 0.364540768179646 0.0574558185728814 0.878631116110659 0.486012243860017 0.421953402801187 0.550796307103374 0.767894743005249 0.77674209837898 0.0639632536675055 0.996563837739453 0.495355555758651 0.693381998569653 0.557345811998334 0.935155390117433 0.375895092940117 
0.787641349862702 0.144971793595586 0.135403427738499 0.345006540748827 0.480269351950855 0.617927563999828 0.629891369547402 0.309866422435471 0.682958782226098 0.184793367463152 0.0372987875804273 0.917228085587567 0.492892528176004 0.635873558549378 0.673410914563073 0.945729979038605 0.898331310688693 0.317767257411222 0.886919489408555 0.223139706633646 0.850359007868895 0.633185592351352 0.592136703280975 0.727557991416391 0.997140057188538 0.713772882505426 0.263488368919084 0.663053140114251 0.683031738477712 0.834562267422192 
0.342759558152004 0.379595109399939 0.144123816684649 0.720108156471338 0.147329272889361 0.119976875176903 0.207711208251402 0.556522964854806 0.487594464826705 0.696117518475438 0.154987219518864 0.894297385982915 0.601522527344849 0.11899251803073 0.883890944631212 0.643102584185717 0.225430367130915 0.939301830919827 0.69607970838174 0.811622056490787 0.731939431576093 0.724898193645397 0.29147733379431 0.510257997248982 0.266909459312991 0.68608826312215 0.825182417489103 0.757303462501104 0.803566072283154 0.73879007663255 
0.934613051825809 0.766409142727735 0.415507357368673 0.773321188569164 0.784006954006742 0.50896672987704 0.134770033380974 0.801113881080143 0.203695453192466 0.67973622523858 0.681601423204304 0.687973695573298 0.369737488954896 0.0175662198284864 0.999179219020874 0.406686600538454 0.135368592140758 0.520929943953608 0.405324208356704 0.676829110886648 0.208415122133248 0.149188518694101 0.584032827768642 0.474680649408058 0.563864643146055 0.738468542736086 0.0703960166205046 0.601425586831005 0.211261187279289 0.138596266200425 
0.51414700471435 0.624636209793506 0.149994704841713 0.779796367111623 0.862051499802913 0.84861951332509 0.0294847043458076 0.0220362104058606 0.335634730319744 0.590242493823767 0.306769611376735 0.349030825658524 0.263296511560009 0.92386615248229 0.13228734278186 0.670273134452391 0.884153243059568 0.166451654013824 0.881718303666273 0.293292292487702 0.00707548262139217 0.80965235340624 0.503598249599502 0.743702958288131 0.527848015649556 0.616124811076842 0.609141905860485 0.82103037649371 0.597403012163255 0.676312964125645 
0.924952284513798 0.721347784763192 0.152964376294705 0.782586115273286 0.643345779113225 0.178395286680704 0.281469820462774 0.225387272932087 0.397367951550343 0.0207430607443379 0.597131911133463 0.888689830650011 0.598588947986881 0.0925702040547039 0.10492390212323 0.396744163004165 0.973478266497151 0.851069039119759 0.000525604973788885 0.217525466430259 0.271591459153191 0.451627635292861 0.696721345944357 0.0177456284262716 0.138103427308932 0.541292568891944 0.56503309132951 0.680815442112547 0.724473683135101 0.301025500626903 
0.98121638315326 0.595471665674382 0.495560059349055 0.287812783050921 0.648114659366042 0.187444592982425 0.314584948723277 0.687695908482021 0.0626029029376557 0.0228169369132524 0.906318904735317 0.527167674078431 0.948428872999265 0.0205933585081935 0.823247575765133 0.711143050993647 0.300099616452063 0.738831996431242 0.0363720588300314 0.402213771171564 0.185948515116368 0.567511071239279 0.548338288543299 0.46297090802649 0.248446878237649 0.0434052966451352 0.0592006668045156 0.884627880570529 0.602663924992864 0.476025190127837 
0.3504700726638 0.365259593540075 0.583119621449658 0.811319050178685 0.60796339309231 0.38196826399055 0.0758781131740941 0.417966563783353 0.373599574832838 0.397518673175377 0.986490138630878 0.183268565395796 0.582371354787605 0.81900654309632 0.396496852333911 0.782611378583925 0.216282556109721 0.496286818316609 0.818562058381083 0.330087424822422 0.685467597823423 0.655838368264945 0.00334285406620631 0.550908150081624 0.699412493440712 0.55972269631589 0.598823908034608 0.596728373325466 0.498220474000847 0.262178262928029 
0.940968561380236 0.095365242259976 0.573762482833701 0.56753761495593 0.474587072516242 0.0629426060353099 0.571834960265408 0.114745957945806 0.486808539483389 0.929691163529645 0.386757968085499 0.461748517277173 0.528338299177573 0.281212947513487 0.591655468506854 0.932794189005313 0.164224205444552 0.205110520434667 0.397912317820755 0.575164529921297 0.283955839328216 0.818885703848464 0.487819824138488 0.00337594400187107 0.536737202443309 0.656642391988612 0.864436547484914 0.806045191220594 0.491903007379995 0.576858002254144 
0.105466768107573 0.0548057282726506 0.816907247733615 0.20320749797147 0.29746014932962 0.101539164161775 0.825779257753693 0.738701882094211 0.732633864361017 0.0633358837027166 0.880238621107357 0.356967037829615 0.128182827917408 0.166289773756036 0.691457284437223 0.521326129846999 0.225137344252439 0.139389714012369 0.423608727629807 0.537884052303 0.326727876861724 0.565471049104555 0.849487517167963 0.382678312068109 0.304231823970459 0.972863124923564 0.938673376099386 0.500673624586134 0.581558834273725 0.758927784082512 
0.14887429826979 0.045443652201131 0.0670867869029342 0.687690991316373 0.0736645358037538 0.30909406071261 0.0878448398374207 0.03011172735641 0.061960919583503 0.600755011366363 0.0958966975871536 0.861942867190951 0.194111408715262 0.283741587809375 0.858639144658051 0.76074564499391 0.571060039843662 0.219207206389446 0.987045903870291 0.0865161387441924 0.894975112694352 0.725942516055823 0.200005954483317 0.772122439713613 0.607116902110366 0.371307117758844 0.905086591324577 0.253327821361212 0.292464205586629 0.296277087185728 
0.441853349695212 0.982663115494464 0.716214146221238 0.357508844932739 0.00290205063477527 0.311448186987722 0.375761415074106 0.961911411477396 0.520871608330028 0.167514411670995 0.557246021187458 0.0160840488582252 0.591557266849699 0.726683113101823 0.564956604714137 0.845349668571552 0.630182354957036 0.313384221913785 0.467640729366461 0.532650103422559 0.0878184572178814 0.706430834696274 0.577044154742422 0.48172746880609 0.984437020174327 0.852135553979048 0.739131214545206 0.221677171311071 0.999419814144877 0.283969837414552 
0.563553590641123 0.277259619250544 0.834290840062227 0.773264371021743 0.700621046386314 0.469679849327089 0.0238407168548442 0.684855980638644 0.285165972280904 0.36692405566363 0.183091302561407 0.708021501712846 0.164412500534157 0.348617840485555 0.358310218414313 0.688796428705588 0.499206744031712 0.908059575482834 0.539621130720624 0.780187016236641 0.0712234800645087 0.758138258672839 0.253850651480602 0.761440547741825 0.846468608446755 0.0936667430768125 0.0635908706237446 0.663762916763411 0.253394425784318 0.823981197242922 
0.0562647826719749 0.900355045456846 0.656713001933056 0.694676764375664 0.16121116793524 0.086464192142654 0.261411031333531 0.212101485523319 0.943135726337117 0.495135239509067 0.868059533482767 0.800812772886798 0.760902598413536 0.439435189617487 0.926488080044242 0.361589919782588 0.416724273849502 0.44950530063371 0.579864279623429 0.892261730345016 0.708917601247623 0.708414316674009 0.666226469350459 0.34430702200095 0.992825136361396 0.421289364622316 0.509268486072386 0.940296839138645 0.964431929035084 0.0809172416254981 
0.430244182913522 0.438970236592767 0.550074635144441 0.643725415801867 0.857085790397713 0.701562554836678 0.692958228483572 0.55362951770448 0.0230623888502813 0.433058565708851 0.427116554754867 0.748407583749034 0.856119846094866 0.298035758838306 0.522393583510362 0.591430997611619 0.751380616752651 0.805115107558556 0.718996208323652 0.645668971294307 0.226206980612341 0.692437972365002 0.323284296748548 0.851125030137281 0.895333508655069 0.276386067393933 0.128925554060837 0.792861140737228 0.973018043041137 0.813136661678841 
0.508095342133129 0.890748059266892 0.164631194787735 0.322799421294948 0.737442836483574 0.762911841988572 0.844172991745295 0.876474233962617 0.505782046909516 0.255975539088928 0.842582641917106 0.143444303681431 0.868611546858056 0.74738164495786 0.671121534837666 0.0323756570246563 0.980992541846801 0.31921687631979 0.580091143617194 0.967594864734452 0.66890166787431 0.450962196342016 0.314328491330629 0.111766606406878 0.091166811562595 0.518218224006342 0.181600602923712 0.609128232167777 0.531324733850592 0.0249370643948323 
0.368300953231195 0.371981370047676 0.247086081024443 0.969966112731769 0.895360251307494 0.595875456031164 0.750506506878129 0.774602297112028 0.888884377965847 0.738556626910629 0.586796080526971 0.955767462543413 0.971273403877142 0.0339732309065981 0.636739005947701 0.834744254174265 0.177892410112661 0.752932156518869 0.678582635182051 0.0565629986356182 0.519711308370788 0.561750742856314 0.730669396050427 0.186771496699075 0.775986872646094 0.354626303688323 0.229790924339144 0.509268962740365 0.0691284722002852 0.557016659201758 
0.0483729725508942 0.545037477233455 0.474327892997206 0.982790251922107 0.828904458447509 0.373771488503776 0.257027077887477 0.495059717429944 0.315561876449075 0.149501731456324 0.308244840929286 0.00213668886057554 0.286978651698753 0.510651195612914 0.168672260609417 0.884960771539261 0.308699225689434 0.268372598075624 0.129938926468709 0.505434104170753 0.342550140193476 0.364054807095825 0.669302899953897 0.445981482277075 0.855899190455361 0.478481468584826 0.509034649373876 0.389043714317151 0.879059696110371 0.0786055270560749 
0.0473652592868188 0.947204841264835 0.300412559700734 0.746911362874625 0.526715704471646 0.674861591017461 0.309900663029717 0.750381634300466 0.430089497055794 0.22214843517646 0.179097315550479 0.488420494944197 0.495236978442164 0.750188696841974 0.689666877406501 0.991709939221914 0.821066264977341 0.254352363796473 0.710034439819875 0.905752532007186 0.630813390837696 0.137580674593364 0.781978953591527 0.164823557599587 0.0117699582900096 0.843144316685014 0.729874155565185 0.973368326907726 0.994294973260189 0.0103175316154975 
0.831711708465942 0.988261981977588 0.897215687640114 0.0535020646957007 0.980083215330715 0.467786790802089 0.0474053425722051 0.558723062674246 0.211391964574975 0.00183792160086542 0.0204918823260965 0.587893762192575 0.2664726054591 0.52944515719683 0.591887849842639 0.206263579359092 0.831354740713764 0.850746882271864 0.459366622022666 0.161688836950239 0.398252718756975 0.219984238828936 0.677973245437552 0.684766628185743 0.440550295267774 0.565956747550713 0.357765163777909 0.0102770243498288 0.509884229432978 0.824754246407533 
0.946441721119388 0.54612962738507 0.938327030651452 0.388785903240516 0.596921473735233 0.546870708844656 0.346690235459006 0.907486035297945 0.446759149995164 0.529282785831811 0.23757782221809 0.856679283159853 0.723360448833236 0.735801433842459 0.390148448886275 0.974807171300691 0.772443462019806 0.329027710563895 0.846927690545537 0.460629481665068 0.533115603450109 0.8067572269199 0.0680683429058887 0.568849631235907 0.533042061432449 0.293111039421456 0.914282599233652 0.87138091265426 0.867718977767922 0.467200959172452 
0.626073342076573 0.906279314606519 0.405391771133549 0.296938290498837 0.556510168858752 0.990660765774614 0.0966506391395794 0.292471389596978 0.457025329871235 0.283048389235221 0.735989163238616 0.882192871018112 0.701844259992031 0.0150648434012935 0.943761930684606 0.58834309154788 0.0360701519807344 0.647674362062543 0.219519519510854 0.245793023209496 0.918156571473875 0.235072494175996 0.351624358048573 0.399477151843374 0.415172216066199 0.545746150045475 0.632210471438026 0.721916519135225 0.00210649556538094 0.0337416346505604 
0.276465251023182 0.0463031365426352 0.702068442054774 0.215686268448374 0.437188944679871 0.381872397200676 0.202739903708889 0.381995021036376 0.83400254818137 0.304419277991001 0.00215023613484682 0.414796696483528 0.0809289210195013 0.238439072374265 0.871108792612152 0.868824434991757 0.893089848820309 0.527345698268257 0.862173782474997 0.80328238415611 0.507323320109903 0.853412549671225 0.378491186607686 0.302693985509534 0.367810004488073 0.0981856169167339 0.444819637847777 0.899413862803685 0.600720831962111 0.186613739578731 
