0.378294441638421 0.64710613754495 0.0596265245226359 0.616022467049211 0.913300852179708 0.105036054103025 0.00314657262309097 0.835970871660247 0.383791746857461 0.87209476464914 
0.271312154912637 0.500710745770304 0.148629345056126 0.0166413213184334 0.724503574738792 0.41850083818629 0.284645165799915 0.0418970613825703 0.922124519033765 0.274579641491431 
0.059057958509272 0.87475600807126 0.944085037838931 0.197074082035466 0.817706002836063 0.290720660592414 0.916563479289165 0.0324739520017563 0.015416581453925 0.0499313549969495 
0.238442063503173 0.991903601958363 0.687890790427951 0.967178291672439 0.735721223468292 0.723035536981245 0.26555373696694 0.611847781363035 0.0275649493911427 0.0118646678654506 
0.277590361445143 0.357443091254518 0.791485975199757 0.00553921589065802 0.491699255050864 0.343948484564462 0.165579732570685 0.548886502414638 0.769672074217032 0.976590797942641 
0.0795359764651736 0.626203124035168 0.968994178836274 0.985119477278197 0.925469420860104 0.516255334045717 0.266230677993839 0.760651210933748 0.299191518377508 0.0671697879671649 
0.30142154088681 0.0697294993604351 0.817901526772315 0.822198478043753 0.791103802562165 0.150935560147966 0.360237742648047 0.248704493420456 0.927560882765172 0.135248686822894 
0.811735956170682 0.117262865305817 0.519341148251782 0.484091448936434 0.344829885986006 0.669099467194316 0.931067438359967 0.492829620840928 0.0201531579409131 0.416387727785605 
0.21874838649015 0.186199650881541 0.465710172132554 0.0310191587210134 0.0436303601730001 0.485588484554878 0.981844900762261 0.21025327685409 0.103610564826231 0.678104404023363 
0.892758239617664 0.0632462664650388 0.548282391000035 0.212240202632674 0.262395628206214 0.367840231229396 0.854820310407984 0.907730357563831 0.165913421247983 0.338283840573823 
0.0783176150065343 0.352031026976126 0.992082229476701 0.44394731867101 0.0199556378164111 0.40872190169975 0.267362285212349 0.489280716147095 0.380527256186596 0.426986848850541 
0.200242761235637 0.446699974385334 0.213181929723105 0.328365035253294 0.920069480032839 0.589000639598464 0.144728328087524 0.121829434498975 0.636982890556816 0.634308422145349 
0.785702414206333 0.527518586366032 0.38121169768704 0.708549251744176 0.458715142785035 0.748383045309643 0.0978911589009586 0.0799508072886839 0.663828693406772 0.26024231907932 
0.862161700486832 0.952160097008864 0.971229622447312 0.528178657630242 0.0794420959655495 0.492440205775796 0.227432861612404 0.355089877282901 0.868578481080881 0.327457363119977 
0.504728144613882 0.181339351636594 0.81051553029094 0.0319456905948916 0.571631671176454 0.931685468677012 0.93232738733496 0.189569550614567 0.30663817472251 0.369361545059822 
0.684812394734295 0.528461510223849 0.173981945528358 0.355081312095757 0.605976482419561 0.101632683904045 0.703598716935625 0.430004764060617 0.972913707709562 0.460478120299086 
0.380062137952002 0.337111124041907 0.754204459421596 0.828896283362773 0.454402978935156 0.793098351424539 0.953585763276068 0.126790896710448 0.884758885455252 0.0521860346514756 
0.663368424535261 0.566491752971867 0.451067214165006 0.171927407457488 0.607471842814432 0.294893068173664 0.0721250282585027 0.12927787280623 0.246073915114143 0.384785207674267 
0.0967393537300805 0.627605260635957 0.952823226956896 0.238961532806637 0.406919028942869 0.735310661177665 0.183119974713538 0.979722129047848 0.113685275769236 0.492561138209974 
0.411002690367077 0.551945313345852 0.108410255193268 0.702255153658606 0.903114770057937 0.0239518801033904 0.987611984639947 0.820873742551138 0.330023579061766 0.361229833627962 
0.37184858325431 0.707323534193618 0.217920937131726 0.46189330606205 0.099334151342287 0.254171429722415 0.515234019279209 0.769807538752559 0.017860988104137 0.639639309466977 
0.485659699792696 0.717608657935962 0.0442564817441915 0.221459719702857 0.757865862750933 0.0368306524612343 0.210298818380798 0.596857951607347 0.772887155606693 0.721253829166926 
0.636444793582547 0.552836441518952 0.0782177789936793 0.715769249938523 0.607440569693044 0.149170441843399 0.970813151639845 0.706922598398033 0.0694109001776363 0.206927443993278 
0.0370365156511335 0.879399223258427 0.333359064547341 0.215318229890679 0.832805804670705 0.0288635982808522 0.315937468337552 0.229397467239933 0.849114544423721 0.407081297635854 
0.40910659005452 0.491233056868603 0.548041430327579 0.31146083879892 0.187117877070197 0.0566736367900305 0.10110217240459 0.971225997481336 0.336377142288823 0.466539003048835 
0.311492821090142 0.20930308419662 0.290232210347106 0.769857472379445 0.662191182278792 0.456119072934299 0.809389097504768 0.276053058907883 0.609788239424199 0.49118959637226 
0.103175154228561 0.637863116190091 0.31165615873431 0.564913561438179 0.044844786975568 0.529408467295473 0.569840043246321 0.520694610860098 0.25755972391479 0.0206407174256931 
0.705501031780317 0.939272535668158 0.255322117987105 0.755507540083911 0.189491088554672 0.207804623502227 0.929096149036318 0.708191030752055 0.160177317443677 0.983532955365012 
0.161288776466517 0.144890102436938 0.0970042617651713 0.172847406642555 0.0723419072107659 0.147779244753616 0.136125159384375 0.105136193870462 0.00387393133725712 0.0964009649919304 
0.803734758491405 0.390658433985165 0.856127798322137 0.669933839342397 0.393160840699109 0.610122112375492 0.852762401922528 0.0925446203591602 0.661960360790104 0.837600237689316 
0.599703835024794 0.554202545128543 0.925458818128564 0.20125775326935 0.743677744006777 0.367572203156465 0.487324610688139 0.392152597728109 0.587824564134705 0.200973450080332 
0.616018619250674 0.745310778181233 0.576929229858691 0.156288190315143 0.288063694943494 0.176225398730625 0.590484229392761 0.905421943108937 0.796801663788681 0.456298915467238 
0.692436661230631 0.530193901538392 0.942760425646328 0.910902298045466 0.440648901253558 0.374300986569196 0.981675842963824 0.771486260429092 0.254496172644321 0.465789679009735 
0.973447719052891 0.598340310410996 0.756263269202016 0.511500845389872 0.143208713900563 0.745017094545757 0.524163826206265 0.524294200118578 0.459252309688451 0.868294481571943 
0.634490313010763 0.374262968086031 0.266033316100389 0.988102186189294 0.550171451905754 0.521489536693668 0.0799238228301273 0.183209927589326 0.678225921828132 0.753436674633237 
0.0465584595391965 0.0904344475132554 0.0479517788836221 0.12170676934778 0.38082649750258 0.0536506197627949 0.971172202127059 0.974056301069269 0.0992020929254254 0.492935681992239 
0.132631408938599 0.380120581397747 0.932140517766144 0.8972016288334 0.666066010417787 0.797937066423797 0.281362214218834 0.600733799301155 0.588226253811047 0.216354004518883 
0.202113795984436 0.400205409367636 0.838085932158555 0.417999567336394 0.637946815992166 0.350765490325813 0.46640476958886 0.623128105928396 0.362280543308909 0.375576399090828 
0.885869737475534 0.0418338527905175 0.208317891253887 0.381277186008718 0.463630613929945 0.292047596059236 0.242502968756653 0.587084395448543 0.412295250637844 0.0613779220797824 
0.193734491395921 0.858578746087173 0.0124719884660837 0.987529001552625 0.65705530944366 0.659430076456108 0.861676484813671 0.669975698540703 0.63517406793026 0.194527713634656 
0.579533844509091 0.52758605597332 0.361684630802814 0.194829704804658 0.405168126552883 0.265329950566432 0.586210637004602 0.777769581579474 0.666166656055492 0.872812937449226 
0.130758176537617 0.481337900522258 0.694006198251098 0.214128430322164 0.0774754592747527 0.801824602305952 0.483455914054777 0.717573123666907 0.00326530857460821 0.92823180401032 
0.50877970138099 0.0146193068921397 0.609187154448264 0.629887699326626 0.866471838486321 0.361100432133397 0.0719266511382184 0.571872884178395 0.684041151417634 0.249038359443851 
0.568602194731832 0.225716981353658 0.857623255575836 0.362966299831763 0.565155518322624 0.588030781947807 0.556437637099836 0.796690289325999 0.39349729976013 0.829853386891707 
0.219881903885545 0.837186933598761 0.705257467868137 0.530951687433207 0.137375875124208 0.770328657290505 0.482597450840779 0.820501971287064 0.324451485274713 0.752858965100445 
0.909926645725329 0.538388932811249 0.825637411475503 0.27835660024299 0.431995107481767 0.496618805755874 0.985958665060754 0.888319323742801 0.0220685061066264 0.0157029082221112 
0.0480998524070102 0.724559477095353 0.882127082733118 0.369123054690422 0.320072739425887 0.707973516260026 0.609670358548225 0.955589200534064 0.801949173250177 0.948966724418235 
0.839923374377871 0.1197723942262 0.245183453302892 0.981770828323388 0.47581452344686 0.217126737742921 0.963519801134978 0.551461770195758 0.820886746814129 0.717078898475479 
0.961093847232028 0.205323006117985 0.362581900563619 0.941088835756992 0.485479987182668 0.225829611778557 0.536087699869008 0.253925943158223 0.697856448455189 0.0722095690772861 
0.772685053315779 0.14381194722136 0.360379847823197 0.172825754665247 0.146503983513456 0.987598051227282 0.276412883260959 0.513488685501665 0.162883693132382 0.148715470433586 
0.470922585764565 0.163095868443452 0.90953697387625 0.350715838460102 0.347998606894035 0.994636860789588 0.892821156304526 0.856365465095751 0.841570714686089 0.171432199259693 
0.735568669322795 0.863934571716146 0.473761138360876 0.567057720953782 0.486749956960434 0.413416828702088 0.476047763421212 0.01831031093814 0.167099311386724 0.614138064137722 
0.288810757379588 0.590783341213025 0.441554630333282 0.592895942341409 0.0253807081805586 0.85525227258137 0.980909396361035 0.657334212634469 0.368989207425293 0.0656620844996772 
0.0431205756884241 0.886419076073319 0.321832304857339 0.503817502444693 0.672931746946055 0.281955399594512 0.109690294589174 0.0471592260703019 0.509927410450232 0.178426832819075 
0.489473868584205 0.436933675112418 0.366035488122448 0.784845494702479 0.00498386686601153 0.912560283314565 0.495092956351557 0.171963205480632 0.116075723841461 0.934623471374012 
0.137324387371946 0.775081557714998 0.100105211923697 0.99022310286573 0.308179435862554 0.85792287886429 0.479901051434678 0.081151728685613 0.069631440892275 0.184001396786122 
0.285084645386911 0.984670200279472 0.256858835838714 0.997183725454562 0.668042219933428 0.43082177591067 0.144832449485341 0.279541073366457 0.747800259774694 0.419804784363735 
0.70905560763851 0.933744224472002 0.716457933108236 0.114254888123156 0.470043474289878 0.328790255007073 0.857600352896505 0.85054160643081 0.245646246455263 0.779062711607112 
0.981997778692757 0.882453714876922 0.724992769418962 0.785235694236637 0.519229827189675 0.691307372446002 0.904435854213928 0.833325185623703 0.940986244124957 0.42196919194429 
0.291923983841625 0.872811526687708 0.902145425717331 0.341929639668402 0.0901716191284257 0.609040114120875 0.119412850330962 0.755301404192218 0.479898422118684 0.967908585688296 
0.300405318140379 0.912749045385542 0.542847275841847 0.579780701364727 0.727940635630553 0.70156158117892 0.0750807176003426 0.729764406637277 0.89743461212479 0.534349382175266 
0.921195214596831 0.157021222330699 0.943096327280492 0.641899056205975 0.334642301870155 0.00268361999223681 0.104258562959682 0.722112277712759 0.0693409967268771 0.616045379971364 
0.0248091290385865 0.368690981273354 0.420956929896076 0.353056565406615 0.64957339246112 0.259123370581332 0.973638242852833 0.377874769686596 0.0231694625873409 0.147359238922459 
0.98686240137175 0.667552887886869 0.722916212087482 0.392139006905763 0.959054190576862 0.117379950190743 0.791242114274703 0.714728104803885 0.257576812747201 0.745396557300555 
0.134304532794006 0.166254451433302 0.35399973032896 0.389377660334656 0.727894390512095 0.516848350664678 0.884688556481767 0.503654186700319 0.211631395973609 0.550061207279169 
0.241409420462247 0.963613805508631 0.407348333446012 0.952592228972459 0.784426417374729 0.128256703034444 0.526534468559394 0.252319698204629 0.977583932549075 0.406760430519451 
0.64093540729125 0.880152968817011 0.000479537903804328 0.122366023196267 0.981881871064552 0.664372150526693 0.667313283875858 0.181348575295865 0.74570079510631 0.733538380442704 
0.978136400794384 0.925301172676879 0.576745879814327 0.21136945007878 0.848337353383359 0.214764984875558 0.880869519251818 0.465523093512014 0.445499735085082 0.848261002151752 
0.321193147036342 0.939637364673163 0.433084759499198 0.796138585285096 0.346320134902071 0.172159981274872 0.290054151466636 0.630787812888467 0.727878094266922 0.831955883185972 
0.425338523423339 0.291666692114418 0.287190900672678 0.376918129444338 0.895616269574773 0.184786823000376 0.978035229486262 0.418949949864714 0.881091982035761 0.200281853784515 
0.57262634655933 0.286137012683821 0.442421814740362 0.116394722860955 0.325627053999557 0.401460022769563 0.548872041747746 0.339446972192907 0.962456632345743 0.780894917313711 
0.668772199178308 0.727951878667473 0.891634331102657 0.115084248997565 0.374465214628744 0.275046381792715 0.957489187693501 0.292061413492348 0.474036186955927 0.582875860171773 
0.759776554576823 0.444887118147245 0.863203431395469 0.525152700332755 0.192455983072412 0.272310905938903 0.820315527547059 0.95010959971424 0.385959647861952 0.851522980345951 
0.847354008502303 0.0617381947312216 0.547542599536223 0.922129371805004 0.898864194299927 0.699924629084902 0.0994328866848723 0.429032951967199 0.543412760414633 0.871948906155119 
0.961750844695697 0.340303057158809 0.00972491383089418 0.282075064537922 0.250307736617565 0.658775938396204 0.262901014005093 0.189363786925648 0.18830828212663 0.0240327045734109 
0.585993788931723 0.644251298859599 0.616610106651864 0.227734132496782 0.491791225275011 0.903541151742869 0.778067391361974 0.600919481513652 0.350129601409938 0.709860643237195 
0.0543820482938994 0.622984388381386 0.457713108451834 0.871169113904245 0.535258144567493 0.539551859987202 0.605259021050971 0.248244073205218 0.646967764659605 0.43683893314658 
0.865066314727275 0.490721059069175 0.990977403437167 0.231000362891268 0.319979950622418 0.454730820221705 0.388273180318918 0.326993089481841 0.245172017167591 0.981630388717283 
0.0816985611214443 0.244566357832444 0.162261475605316 0.301934821412745 0.230014142160791 0.493142549881585 0.189272221409303 0.261416905279446 0.710421655553344 0.626698611683872 
0.175539316532551 0.27650469271451 0.625849527831223 0.820945785809628 0.206867092682088 0.291701519992175 0.847192096367942 0.634643762953944 0.756382160056177 0.819995672359533 
0.977305503618575 0.5159625368809 0.471743892090521 0.699689941400561 0.846755546375756 0.837673713345232 0.273644275274832 0.0756088222394631 0.0652792674859628 0.957510124735222 
0.845110817934139 0.92277549632463 0.527964746681389 0.423137700385191 0.441664486142203 0.603528964453841 0.358072267297101 0.149791712712808 0.766407803334788 0.345780809227529 
0.046501239880585 0.934869358497296 0.166269893483783 0.370230420972199 0.936123335705101 0.231319138661903 0.240492504585689 0.0796476227264876 0.21310614126031 0.071101150760308 
0.53906891573536 0.0212501914267935 0.00143445859726392 0.511093388760608 0.0884193779090612 0.150832636238757 0.085736908482035 0.0795227577063734 0.579511901341861 0.628815452951082 
0.368463267433987 0.165532488403958 0.361313718861083 0.306085182268974 0.704511876240966 0.0592298958414881 0.804697270909077 0.380570176027035 0.298282796440878 0.0679813636139502 
0.0933737870692807 0.313122051904865 0.0226601378420417 0.605068968677583 0.394780237131379 0.426957504875566 0.492629549506932 0.216911892001479 0.373444461093211 0.786808567613622 
0.297824318418559 0.387938838102382 0.517874155497482 0.677995873082217 0.877503015129995 0.664043322605097 0.56590014769742 0.125965649926628 0.515538279688974 0.0912224767642233 
0.366591142755063 0.770093937045342 0.88904855452637 0.967109606022746 0.189161951078448 0.925542547849521 0.94067785964499 0.698645502108389 0.679475671344618 0.221655386181797 
0.135255168268791 0.27065963134471 0.705362571323268 0.4862533403177 0.598466351846205 0.486811659099393 0.0803428177310876 0.033127662142103 0.911219486384613 0.705647059670255 
0.120475011177037 0.91518337706526 0.648903075459656 0.0313654252374888 0.823326609129836 0.365423483509661 0.0182811748766586 0.629520083915483 0.258192335111417 0.376989446352956 
0.311140001878415 0.0199034737345638 0.116128468168791 0.406562821325368 0.655260158399572 0.37097415137186 0.29763170861052 0.970947590757456 0.807090888617918 0.568618321666007 
0.483091517461601 0.216930033235038 0.459924830568062 0.614362600994895 0.645864972748542 0.21374492163949 0.642962068648855 0.0291287383587241 0.989042842962795 0.415907662491494 
0.377102797840573 0.40494764753162 0.456542212360287 0.364622006201971 0.915734250428453 0.517543390686568 0.0459775849111871 0.0565687167717528 0.974030713010969 0.091944478028255 
0.613022315548694 0.930338329030074 0.686760287391625 0.387597703374757 0.188010340496995 0.142646102914361 0.0834781536399863 0.161283364046881 0.973191344128458 0.437695214179648 
0.106648753327514 0.0192587914912449 0.506145583842425 0.953590664134289 0.313907691427551 0.689987424926629 0.652620913976371 0.475319950681478 0.17491183364141 0.930909161287249 
0.942520206661548 0.58478046341787 0.282237605208173 0.0890705818233583 0.396319837262943 0.440073823327532 0.441612712391294 0.767187443710633 0.0176421270700631 0.207582366203618 
0.728319765150056 0.0865108035926388 0.905845414942108 0.53184289459201 0.538883570654906 0.52320762719039 0.381439496899879 0.296879255120814 0.204721395134544 0.405617972956941 
0.763591765353551 0.0876794188810806 0.0369419152577364 0.122705357391927 0.619294378900776 0.0332505202526481 0.490889437238066 0.53815900495202 0.785233006937658 0.298498826839525 
0.246292022481124 0.00303387994092568 0.973306101890512 0.906572035102704 0.974588251313849 0.516212959762775 0.581333566145086 0.598177486417636 0.215939953568736 0.686903108116454 
0.785994121600824 0.459480933660233 0.206142146703503 0.641310524249232 0.160333372384143 0.50920203225268 0.698649733989669 0.46949893370122 0.26255462244674 0.148552124768244 
0.277244893455199 0.369780549633854 0.911580498118369 0.101514288393057 0.711070165806648 0.373533897332208 0.790937274695533 0.358546243934999 0.213881572114688 0.433469981234025 
0.984287888148219 0.29542206819666 0.822362270953777 0.625991907207978 0.591647406299736 0.404997656730026 0.884476186144202 0.335649042135595 0.517157861686807 0.633739396651369 
0.793938342589343 0.570742796223938 0.802535247566329 0.134434582997592 0.0903608942607992 0.414608767632749 0.422989953172566 0.400709556814773 0.824148350240388 0.39386783345248 
0.137061495818115 0.382810668093532 0.209560199682012 0.48862289833998 0.229245348047066 0.351775836983942 0.766529505121256 0.1632146662906 0.24052635577624 0.792617663357616 
0.427510312352214 0.810054797323458 0.927879101448842 0.136031915238707 0.66045603102713 0.0608548652052603 0.222172520875682 0.273027545344961 0.535036442834119 0.174506189700931 
0.264817396351291 0.298511292913325 0.139907753993018 0.879535839875415 0.942573868949446 0.924380972874004 0.382908593562887 0.119250045325161 0.588759976712276 0.392416449382413 
0.149266826362838 0.268185739904805 0.365140846896268 0.272812152061581 0.227346879583012 0.821127722392118 0.941882044351402 0.675786888400275 0.172483109557404 0.0859619652414449 
0.0304503026995258 0.119233961529592 0.283004383094899 0.701012718839651 0.13493288465351 0.463459352966304 0.610200016382894 0.883684138920342 0.553414149566649 0.444038853372981 
0.434270556352783 0.242468054364836 0.19509122866562 0.305530155394144 0.999736497835245 0.33084875416209 0.988770867003887 0.791904421504965 0.554668311742758 0.438710841224924 
0.871245953211705 0.472675968426401 0.613662592768406 0.218262906105127 0.73264071275169 0.690977833014698 0.0186264603747503 0.818368691350711 0.314231166515327 0.5408988045118 
0.891760230156143 0.514200118313294 0.729215853424228 0.762461803107099 0.331473345618457 0.0749018006032226 0.779118102694712 0.0246823767752202 0.597562629630138 0.138120354245522 
0.0920897734059309 0.871558100022172 0.508554488362215 0.536097063210596 0.110045411930422 0.339832991282089 0.0429502297010601 0.232032240361022 0.244671062095401 0.470813903500018 
0.0808863502069161 0.559679702655169 0.935402338101436 0.984521984066713 0.417085239019664 0.196142037767241 0.88228950249003 0.531178612498029 0.959863509445952 0.0132658089851447 
0.982238523354876 0.164077823491497 0.55370710984306 0.379365861032149 0.331111393383614 0.373817282861285 0.328682273211124 0.418757852019472 0.252870137351852 0.728927424917546 
0.0500772334474782 0.956113410203128 0.169039709642635 0.692675203680967 0.454558337385536 0.14212271735078 0.655457101514865 0.438435536398347 0.637104297539438 0.237549461907026 
0.559205790702948 0.993420945798147 0.96251379227618 0.417321670736378 0.243843428109568 0.682176198945219 0.991810249038277 0.546112870468643 0.544438120900695 0.552290399088064 
0.271016225021702 0.183926571860692 0.259900499834876 0.58750511559402 0.916118703858283 0.203956026267048 0.198502052792188 0.620444214011754 0.516294592350967 0.537675799514476 
0.541102400365529 0.70381883966923 0.857965630339008 0.158418880963963 0.182688985814368 0.657328744517998 0.621776540379924 0.415832963441296 0.272886169995515 0.109920489410031 
0.0140872438039988 0.963943021667808 0.717055529506004 0.176636945456605 0.0930679330693954 0.242911915385324 0.197267254313532 0.687752507808569 0.870359913296008 0.0743331376321505 
0.39240922602943 0.014401700519 0.627144992504228 0.669334855386765 0.0471057200750651 0.392435409383198 0.258032725932715 0.747517101107105 0.558068184626619 0.233484169173818 
0.440110923214367 0.42297601060983 0.204858152304159 0.596072397779104 0.184881743626798 0.0981889278777723 0.827745967861902 0.788184600270256 0.20718147092629 0.74273314713157 
0.816596717484657 0.730073813091523 0.731915649906986 0.259803340243225 0.162078470011082 0.731085001784575 0.799677815669839 0.178036423993988 0.427538849259316 0.76509976315731 
0.713549446901102 0.0333743441925417 0.439670219938597 0.935901782766437 0.659173055108222 0.0990252427327677 0.011215593689363 0.910542328251228 0.397913813895471 0.607237089158752 
0.0759235476381344 0.845813955143153 0.729430766311243 0.614529241286608 0.0642604864980428 0.0629413754271402 0.0583294469588391 0.779329743975159 0.205875134970718 0.685324070456217 
0.418052067158259 0.109504665545006 0.767313899656929 0.370646246651235 0.396256303335729 0.972583835084356 0.408933602207763 0.767584567520064 0.822711632023874 0.524456764705545 
0.657013728675345 0.841993825661524 0.442109721237674 0.282754134477401 0.456517055058404 0.609421969758738 0.559620550714044 0.90800935282011 0.469277280865247 0.728136628949144 
0.784543219634015 0.617993638612296 0.377411888743885 0.135911320200939 0.237727559185295 0.503637312976928 0.739645409043121 0.194979393714128 0.261513752757105 0.659162790472313 
0.383977124296818 0.773204043726731 0.543464422785519 0.25105257872718 0.590125057572233 0.86214613108216 0.640353930417471 0.234521378264328 0.121677209943406 0.284253439225769 
0.224049138876495 0.303986275822092 0.553568072133846 0.241068964973956 0.918463118176777 0.125982356300068 0.911566870595047 0.612327064772943 0.738894612763772 0.0422662858040216 
0.318914635316829 0.843831047618527 0.868805426479544 0.443951226049693 0.773211829471815 0.649883451179793 0.445768055191991 0.805707493987658 0.902061515540204 0.0184295053125149 
0.610411701909428 0.391103491327807 0.599782244555857 0.63520524703773 0.137808932666348 0.781716201379446 0.366540155728973 0.821270047880811 0.778850435034794 0.843202850542626 
0.20906820974482 0.463292673383993 0.989327817647768 0.0844771867988302 0.887616488843703 0.536923927237217 0.328218378389118 0.806845660069259 0.669196447908723 0.117640264065013 
0.0656003861996322 0.665626626786266 0.933230764879691 0.174692318230063 0.843107826754881 0.535724514060018 0.496991418721135 0.197423685905242 0.74584478591308 0.71137313299392 
0.545527905526134 0.759430258144884 0.870486291143741 0.857640454848962 0.588030385935167 0.888840823359901 0.928995814946359 0.806781793904276 0.530506377581684 0.990832616091475 
0.782139413681482 0.966577953370317 0.549892497970695 0.0342542041207565 0.83374539653662 0.282090129587133 0.165416013320082 0.733302710182189 0.950154452411549 0.558263057780349 
0.773779519491654 0.254351675984575 0.246521603508192 0.790802458520146 0.490488495360988 0.671491659495577 0.325099023800958 0.171820086425214 0.758604654727917 0.952963176161198 
0.113227208808553 0.754365920421848 0.684529320650217 0.063249205315008 0.345389526692614 0.27366475718676 0.625969110206542 0.767532801995323 0.290862079147135 0.988826981120144 
0.433889807106835 0.7681296221784 0.625944301895348 0.402164592289232 0.38586198445399 0.990963255742166 0.315602861515436 0.367244757754544 0.516962728354447 0.0321549472321271 
0.952544897079065 0.126416094435851 0.546593046715282 0.0101777589172913 0.499869379169674 0.0144490942044688 0.188486128437565 0.00123447591213359 0.543500878293402 0.53737229871327 
0.244784261051119 0.188032657742807 0.478187628583076 0.467070863134544 0.714293521649777 0.769972665677448 0.345103909993259 0.986800572778993 0.277339382606917 0.355209963920253 
0.0621267783405736 0.387827139327109 0.242415360288183 0.680199803644536 0.766614756509117 0.972050062823337 0.115477845577724 0.0759696186984099 0.768486862043917 0.565846241382825 
0.625869290629062 0.298432866617699 0.0482848475242316 0.814401492103255 0.82434996682984 0.496605869789784 0.197573613799068 0.477453726447745 0.498565354888195 0.865775753081857 
0.517703840845303 0.77056019605625 0.286466848114228 0.837713928711085 0.606000737326673 0.592296892807468 0.641623529421218 0.813832203642304 0.532445800764702 0.820360728400909 
0.0451034065228725 0.284108196641634 0.743011210828987 0.667118897891397 0.736815715932171 0.562837072780661 0.451673410143496 0.101402136320895 0.0110611138721133 0.0741685118689377 
0.943249752641125 0.226953050377233 0.997534413013542 0.693737276021048 0.0765101199766346 0.911953322429491 0.212742482108939 0.265661210336445 0.384913116721166 0.00284159055777571 
0.88155235378317 0.859180692123247 0.438147824420004 0.288312313954995 0.261010805701698 0.898440904178026 0.163868851479088 0.0483091106692133 0.517197233275833 0.634829911853064 
0.0450611508316647 0.416159038843049 0.791171385418348 0.86640048782507 0.275841678925721 0.668228239831098 0.286448266249588 0.477755596006886 0.499481960431066 0.60828885238073 
0.505518163484863 0.0366193034482421 0.168095023000488 0.804460202119764 0.481808417790648 0.980384461180721 0.566368377373202 0.976701084222689 0.815555335641836 0.454206418572381 
0.0445794129447329 0.0383928718458177 0.734979645353435 0.272086508653523 0.58853585332467 0.690250437540918 0.630106346605477 0.375036865356916 0.772341492466729 0.45350000909335 
0.344319996212439 0.195048423525119 0.155179397695492 0.595943334587782 0.28535135604489 0.57842881654797 0.972393014177089 0.640882611264089 0.934490091873868 0.254671596775666 
0.502068577833428 0.685251977205707 0.196336886543367 0.247751538870746 0.0254778952757507 0.864272987030998 0.957404080934328 0.652042633929078 0.291632775657873 0.452943316642243 
0.63944700484734 0.465839498514379 0.111028480435812 0.766684412503721 0.97139985893001 0.0572338347740324 0.0988019394366796 0.315748270767928 0.987260678399972 0.857012177518524 
0.491633286188754 0.159299278899518 0.945924400817193 0.375968263488879 0.792564330438622 0.0286553143075022 0.371338594762113 0.589000318822166 0.0758292510283004 0.613458909796633 
0.0162277182232444 0.291668878655584 0.531431378013576 0.29099791896358 0.834741135234319 0.886269238364457 0.278922963611304 0.283272189952545 0.268228229626485 0.0552210772061661 
0.836399544366115 0.432594826894446 0.977554605623922 0.184047970509005 0.0394524917291382 0.971671012828788 0.0695761693937667 0.0809750870894993 0.0621102014620745 0.432049054467629 
0.378000124019922 0.643716219389928 0.478909834993011 0.705504926330982 0.566015406287207 0.863254186416201 0.778442794352663 0.0268242656605992 0.122373997793647 0.740801890112684 
0.899861060662123 0.0940161270021275 0.244236107961072 0.233056300942247 0.377781026892766 0.704309227973405 0.57735263899456 0.567045790919751 0.558533653995618 0.102863310002619 
0.357201820200404 0.251090046363212 0.891604000596831 0.0142807677900108 0.586021750113811 0.888457145731917 0.239077137616846 0.641150648208009 0.267488629319881 0.0230382089127972 
0.670486781252903 0.949418249664418 0.860702541464468 0.870645037492627 0.863142337712535 0.724461428862078 0.456004017191265 0.664228764086848 0.880325919245218 0.993879354556153 
0.432643681052918 0.852793252500713 0.437327381997276 0.0890668709105658 0.59904431584666 0.833321041183016 0.30355465232351 0.0697850189658131 0.739815718834207 0.42313506601428 
0.69504300577852 0.90266559622519 0.678126973662126 0.21294782542116 0.840148189829678 0.0477042132944292 0.774129556040597 0.831289744188028 0.585797829826705 0.858986041260173 
0.811129892869678 0.313027803602591 0.755275649086039 0.736371900179775 0.3206800956563 0.727012767091117 0.191677225050107 0.448866177714341 0.16419470424126 0.998349358183427 
0.409315912424867 0.281577107290327 0.593829959176462 0.480085423944603 0.83096760314724 0.276833131424454 0.759768243421161 0.718007884867387 0.112671760588723 0.864465062656573 
0.952061660593948 0.460633807009792 0.547994637257365 0.0208271460101937 0.412756727259024 0.774341698150575 0.308654003257081 0.385022510904524 0.321455577943659 0.624766042779736 
0.678033228559253 0.961177453524214 0.461007890219101 0.707928478927887 0.000628861045553752 0.763205799118577 0.375467727144966 0.544264782174008 0.0433810200058252 0.761562346954159 
0.413670693717555 0.0290639096194373 0.416161581245323 0.845392667465248 0.872312693499928 0.205066063726378 0.372109233660553 0.867462351691191 0.372843717839626 0.298038037530734 
0.370790246483238 0.175538214734476 0.341310817795304 0.66023643261548 0.873324121710552 0.502187529299676 0.350459818488784 0.40928462728053 0.507589062408531 0.287436764009175 
0.55107038366708 0.65520746341863 0.111212099388713 0.272341399047152 0.76213061561278 0.359024053113069 0.224963779037957 0.677254436869406 0.405664085025087 0.0617430024405871 
0.412641326481002 0.438886916143667 0.477243727893489 0.857641302953961 0.555840904473679 0.443413477330221 0.467577150667515 0.548894653920943 0.995229549305838 0.339066254975188 
0.167071504771739 0.995715089239638 0.0714886798250309 0.741316572467282 0.524869612408722 0.449899505087027 0.0779088565369836 0.530403114290225 0.287156606251125 0.370305020985199 
0.583569966246767 0.501513595872535 0.568708006041522 0.307432099579536 0.0684157662003585 0.855921381080879 0.282744417407036 0.797813600690556 0.608408014175528 0.148431439696065 
0.355522415814062 0.441866484946674 0.565794741032204 0.0623945402385903 0.0150027513005083 0.370820937296895 0.454553843080943 0.457897725877325 0.171105268213897 0.140074446755007 
0.527406289958268 0.675884692924984 0.582539232833088 0.985858969786248 0.208855931581257 0.980039019899872 0.343098451793623 0.848414739556834 0.64590917218661 0.919735468112608 
0.974993249607185 0.759074131817254 0.198855674359675 0.948783765615412 0.245634154614713 0.367532155477304 0.0149235920494931 0.173309178154146 0.27246658585303 0.569225981815616 
0.623636912959866 0.310802139622972 0.110341876072177 0.016471000100378 0.112135250385089 0.585124956493682 0.193844160095572 0.107111121598542 0.910222490599097 0.951740954780678 
0.595526428289223 0.977039067768484 0.129401638056512 0.52913496061542 0.712474343770447 0.385667210526773 0.966454784584405 0.745423547978783 0.86290695067946 0.652198350285292 
0.581208931987131 0.913321519802591 0.366624304836218 0.176666754395941 0.707343768110282 0.926314720174015 0.72773576119522 0.717085974558735 0.889260597886974 0.393782241946289 
0.516567865689454 0.0563956865972815 0.80329692448564 0.869530561200712 0.830006762819798 0.699378751701716 0.687567159136995 0.326104139203913 0.997295415977002 0.471643809014039 
0.99563961321208 0.266016339042066 0.717701165534572 0.904167501886807 0.26103426830803 0.604169558387593 0.126463078232921 0.597356184498346 0.809657162924436 0.679806676852418 
0.828438400365335 0.624913436201603 0.483046246488659 0.363774427247766 0.213971773266482 0.866252101888822 0.899901798689068 0.493532167981422 0.0845892902013642 0.59378061305909 
0.448433213112578 0.83721199424276 0.536906694365091 0.245091246198008 0.319890038002312 0.625080408770284 0.341381528639685 0.483040576993704 0.212291051690585 0.535446613890503 
0.458511418742452 0.878129132473264 0.803317268250865 0.259940952515577 0.164985364395638 0.908507262027439 0.0658473617608781 0.744463586350329 0.714054835937698 0.256562441698108 
0.647727304587928 0.852102256867981 0.0297424301616724 0.338245060750755 0.431102017517018 0.954401017820864 0.735880132473048 0.777623929131286 0.569573996373017 0.470682335953352 
0.802157673332569 0.241354374133839 0.868280571425654 0.823654927881071 0.305249709227542 0.789676763598891 0.0409963341286035 0.142110877786495 0.638120142655042 0.175014173553103 
0.945214066172994 0.167465859777195 0.92546725446584 0.872813696458301 0.575080891806555 0.545405765946632 0.26184952632935 0.513850298254274 0.822319167118895 0.0190321349594611 
0.907214914754243 0.598454758696578 0.525717938340423 0.205935528084997 0.0815580335832789 0.162729594747319 0.295981118321838 0.0560134238218066 0.185895628870657 0.325018987049345 
0.800812852238653 0.533865600390352 0.264482166513977 0.0766400931984677 0.908169975114084 0.287406049263005 0.809796508218447 0.735282430372085 0.351854340440594 0.789262081926322 
1.41064459243817 0.386750381399164 1.21204894091123 0.590479278728197 0.41986557105914 0.345795929674126 0.865135867355858 1.38738827378125 0.5674031779109 0.535785248160169 
1.08783995927815 0.822479816284676 0.602283338709998 0.962122201828185 0.354082681605251 1.25912693149509 1.04677103439401 0.657570191443606 0.834641133945073 1.47387585530927 
0.719091377771478 0.99352967813029 1.29507555015529 0.252885472773875 0.745429167939015 0.746116597843156 0.555561340857096 0.371962496053298 0.6068964225664 1.13740515981005 
0.925521826637479 0.016947195282044 0.201122294728677 0.713483510123039 0.0444771869846205 0.0612663695104952 0.457938115537293 0.53465837657142 0.495196064595524 0.521665238013427 
0.937470295289202 0.162072526734667 0.648908294147135 0.390011862926913 0.220178394959449 0.410623727537417 0.53096402495929 0.274467472123444 0.814209544740098 0.564631126324909 
0.926912130025747 0.635147548149639 0.27126109689975 0.614664607148148 0.453426339552363 0.774412851613966 0.49706965757006 0.368172524655352 0.889590725565969 0.128854560922286 
0.778543720977123 0.213679785552508 0.853154522996555 0.77628086606773 0.969341562286989 0.481222723765355 0.681742425628428 0.395631240808442 1.01459640548653 0.654020995139446 
1.22258053386812 0.868654684491625 0.199311113712721 0.160167810789969 0.586349874700855 0.646626542790562 0.731705163907675 0.548648147875879 0.267667234503036 0.776577820300487 
0.794152474473583 0.845584493775643 0.956674632721916 0.758577081762186 0.535520025475802 0.16096236844577 0.420998979159443 0.837352752439795 0.582610626049216 0.251770715389644 
0.403386846964601 1.09629964008843 0.876375140456341 0.753812118303823 1.34682713266679 0.856411343332343 0.985873761027481 1.70332498948436 1.22563777570195 0.690302867501008 
0.577982506627598 0.543585062837868 0.52126917608354 0.72126041025075 0.990640240029758 0.927987992588109 0.748442123403005 0.465986955173991 0.0961548376904102 0.153134104509573 
1.02140545427717 1.1012232659983 0.776395425897656 1.48157076609202 1.51292510649201 0.469382128724248 0.768617191572185 0.81458878301626 1.33686585739497 1.14548265628885 
0.577433282704072 0.798299391322045 0.620165576470169 0.545037896426533 0.723285000720437 0.763339316743977 0.323525874770239 0.643130959279916 0.195858217272342 0.41076727847799 
0.545657078028898 0.780331813303109 0.757621474283251 0.455060803605568 0.0374674738717941 0.137831340228772 0.279479979765244 0.858353984729984 0.578494625771985 0.206105477030075 
0.0505258489264912 0.561507913246999 0.00729850075282639 0.887018002046251 0.0345525412843616 0.331350076012557 0.656966508293775 0.292265357964352 0.77776357388485 0.311049427809824 
0.123964208186881 0.959132259729299 1.20513344473852 0.880004021518231 0.19143394771031 0.881461954551244 0.309527127482234 1.2807764046622 0.995072659404584 0.592839151579869 
1.15022128047805 1.07615669109918 0.521994866259277 0.72183560131538 0.458159019525297 0.476260884695414 0.474995204727872 0.117831796036108 0.456005448695566 0.497680314232062 
0.516296821025057 0.657839034989745 0.524877196526844 0.3917998115841 0.814890136838731 0.508364079330781 0.471063953116465 0.432777798573377 1.27659555374415 0.628387152328013 
0.73116495329941 0.409110177411662 0.325822476820898 0.15368562954421 0.848693073804232 0.763118732717582 0.868237925749416 0.342003692688469 0.197454363676587 0.750644974954046 
0.716423484177055 0.611407194804956 0.633771511150517 0.638650639905559 0.632295373835675 1.3659250846001 0.726531572993398 0.284031802557443 1.15734477398752 0.772137920254856 
0.332781118964484 0.692658574961965 0.440284388832324 0.255264728818157 0.219944870687104 0.558807453741536 0.471415799945794 0.396562275538398 0.524705805559729 1.09528327360669 
0.889090890585229 0.770496557350187 0.151776348775809 0.128674444940385 0.54302896107856 0.490496153577262 0.997332191887609 0.551875239443302 0.189502118386708 0.382879425132071 
0.165912532740448 0.750899439154069 0.176219425040344 0.219427133058923 0.882595753764066 0.914233238563116 0.0542846626006783 0.196308239539241 0.859976482892733 0.635765715649342 
1.2993672842055 0.76840092811243 1.46879256852677 1.75747490214914 1.96827246244938 1.37482604329316 1.16214161847674 0.301616715522244 0.932926757860804 0.937874026723457 
0.109100311995188 0.542988414370526 0.969988050667018 0.822385082592981 0.681661742871199 0.739949539245709 0.517024883300979 0.324485829062884 0.235676077499925 0.0804854162857479 
0.833865427055586 0.641000868419378 0.273303671171806 0.179641622464638 0.909589412166294 0.612586352301979 0.191460700148384 0.621600152953988 0.698308510897089 0.633650265596183 
0.00692993055223661 0.581644836336301 0.447109814996369 0.139541612855554 0.438639177176489 0.152237284599701 0.0189455483588725 0.77543974642534 0.103200329941669 0.699639805539093 
1.23075052954287 1.25979212005368 0.779191527729167 0.371760804524228 0.501065963813939 0.963804395360433 0.586718575684068 1.20831581297248 0.125664694089895 0.212056548894239 
0.938356766869872 0.260159448379544 0.73729304097809 0.837097404765811 0.59655789307175 0.508953315136179 0.160028414481224 0.0710938260331068 0.150335725321074 0.542402236599625 
0.739877122869026 0.720513604131828 0.780251734813945 0.950744944158385 0.667288163522301 0.779594331895298 0.697577697119949 0.0485237394162688 0.0690893590781988 0.121481164705236 
0.821882617380912 0.0794352148582868 0.623859548591947 0.0905669763030189 0.12733878304585 0.582801767621856 0.349788540348193 0.201179268249384 0.184030109487597 0.106170957926987 
1.25480589515902 0.407162100996067 0.931957192072829 1.01009706134416 1.07815741817907 0.803979620576703 0.765894311784581 1.29058805403603 1.52166280079074 1.03782532188913 
0.811009522021794 0.343854351091128 0.527136181435401 1.06830493162988 0.665355410412674 0.956450460439497 0.812022439555215 1.16839523885719 0.356455277184436 1.54563209469046 
0.822642722720529 1.46790005534432 1.47013103272502 1.65492560073741 1.54143373442016 0.788428112832647 0.679999766588036 0.956296816491734 1.47030973050078 1.27927349570562 
0.860029448597784 0.00855669906325289 0.709551366166329 0.0504004033785586 0.807272298749196 0.39148479609268 0.425932609993433 0.271551075599306 0.926528501825601 0.601901059523437 
0.172244417087818 0.940899630745723 0.949077005116782 0.469100102011913 0.26146177436695 0.88562469695292 0.44296384955881 0.286877868105157 0.881894956610507 0.723321719304422 
1.07968883365068 0.0968914052923392 1.15062529153458 0.825781608598504 0.909820004367658 0.541775949276882 1.22481317230894 1.07916439858315 1.26224205095499 0.899956571998763 
0.198211061537182 1.03857491465058 0.671574580566496 0.887077400239947 0.871204025239214 0.885485079344782 0.871253542521676 0.216090962459417 0.37073317468124 0.841704228754457 
1.6157941944617 0.955766247175232 1.27585565531357 1.71185867285306 1.16169362987319 1.6097391350164 0.650752290016184 0.403576428037574 1.47894909006469 0.518249580731804 
0.500381325147813 0.88428778958146 0.175372037825939 0.643812883003085 0.634798612410803 0.468102466120628 0.176848893874632 0.130098059379357 0.0287102773172679 0.137797186377674 
0.13591368003328 0.733260971318928 1.26784925247137 0.795875545889548 1.06421525075807 1.07905408539288 1.20549228943105 0.320378038028812 1.11575534894177 1.26362219162415 
1.02169323016559 0.771714995761402 1.17318548351616 0.715620395544263 0.704245029104714 0.702758474847267 0.744412279233832 0.698943500665712 0.492762985756398 0.520609209618867 
1.3791231907571 1.46927573520826 1.63889756686843 1.12939280707681 1.05043005844621 1.19889653065737 1.35936558579312 1.25044777882494 1.28584846276367 1.13937162113142 
0.157984768745442 0.403079997661942 0.937216023926922 0.979083044377389 0.406550404877795 0.769380854146766 0.110141023097333 0.936516869563482 0.514779130350453 0.0740023984024955 
0.0181989657800436 0.50865059747142 0.880181330281602 0.638025297523673 0.592939792264244 0.983908891962558 0.316914187633841 0.00618128206436168 0.58243437271313 0.960828170234328 
0.0339028502481294 0.261840908013922 0.0197182218698593 0.562162009560032 0.934778848391479 0.0547979486067542 0.845787366283384 0.974382413772127 0.808358360575086 0.397891766580224 
0.800384238086203 0.292293097823065 0.0666825396858683 0.369149563459814 0.292854393675203 0.283016999026027 0.605800449624076 0.879276940394488 0.387386694593675 0.387993851477394 
0.813525311659258 0.31412186638565 0.772810327685578 0.898036995760316 1.22687042758723 1.57871245792483 0.889494960127077 0.304456592147622 0.437266867390543 0.76629864647885 
0.567489365766411 0.436011021660004 0.80978504312842 0.171699957267972 1.06726255466475 0.666220591026944 0.436956647114773 0.0921368182393539 0.720363850007727 0.365590319087249 
0.177827176651492 0.449954393371518 0.219260733599622 0.393139850348288 0.320002137859232 0.657587219612721 0.65600102265441 0.752812331211234 0.834153784230363 0.872010133689462 
0.819059414040901 0.31615957919247 0.837648012836918 1.03382071091457 0.840932860330468 0.276072027023885 0.652358721964966 0.845864967388268 0.862933117039601 0.260145716536675 
1.06480848862083 0.170235607063559 0.933137399758971 0.548846799280083 0.584540078188024 0.975957334577826 0.683333146591246 0.532350550274565 0.768440931199771 0.592339616507774 
0.46919705274486 0.184737174730542 0.957381798670994 0.0469840483189643 0.766800269591321 0.147629157601975 0.377160302480391 0.708604619829227 0.935584975083878 0.0648339857589425 
0.736859517266942 0.916378330378961 0.942267397631583 0.576887375640348 0.133262198217023 0.0111665510844791 0.58625414673838 0.463429619452537 0.748864833072624 0.354971000891321 
0.800937826221368 1.31911987589657 1.19617643621192 1.02034550857152 1.40379448978634 0.707321789810106 1.45446048969418 1.15103597834788 1.04333815034118 1.43569336934393 
0.719175905644871 0.0233077184590331 0.648000674694831 0.0490145541181011 0.88295633456393 0.338401366846221 0.544063752744146 0.355989758404891 0.950253907482479 0.435706091061466 
0.684037151361894 0.267458324064236 0.859120001971187 0.888728422186983 1.43701126066741 0.390954540151848 0.395680122573615 0.954696862201766 0.428349778666847 1.53074666425582 
0.84499513022518 0.760620407129838 0.353641679682425 0.995947415464169 1.11881436065068 0.211575752854483 1.51247314832798 0.516086145266157 1.49423957625786 0.27240793937667 
1.02354807166421 0.688306379168247 1.12604739959194 0.6631477579631 1.06480610132091 0.85589301309576 0.867171985739922 1.39238729769407 1.26264852946472 0.808336014960014 
0.673460702118733 0.806696213145751 0.382066217376574 0.516082884938348 0.745075894494612 0.758604449040981 0.685187991746356 0.260477489177806 0.215063948399873 0.923612535343313 
1.63992859808044 1.18017943647251 1.70380735656474 1.24843308335542 1.07540526296265 1.53262013588397 0.86803930738609 0.536373571882778 0.472138236549035 1.81622917418899 
0.966977010508617 0.385999042085155 0.758553211316296 0.368692153652483 1.02401957374997 1.18516421692988 1.33631680774279 0.346460648978719 0.874270203499809 0.286457467451215 
0.803695763722169 0.604751804458945 1.45657477418048 1.10632291261871 1.1059510371592 1.096170904541 1.08735575141773 0.66225374537015 0.232920637985931 0.610198559058337 
