0.993451 0.795616 0.463059 0.604537 0.374159 0.801295 0.955269 0.983781 0.840474 0.164726 0.877395 0.825969 0.882303 0.00585446 0.265931 0.890383 0.85126 0.497291 0.197564 0.0774315 0.518898 0.140044 0.942562 0.0613022 0.0594754 0.855812 0.788774 0.35425 0.992784 0.685302 
0.00133106 0.805039 0.23904 0.929082 0.257323 0.495257 0.0255397 0.933316 0.679998 0.848006 0.601885 0.988396 0.0610244 0.934527 0.0039324 0.306285 0.147118 0.115866 0.105325 0.25527 0.435308 0.931907 0.875306 0.420914 0.698662 0.687933 0.593611 0.64105 0.703367 0.79958 
0.437312 0.91205 0.390623 0.924194 0.732166 0.627429 0.945788 0.144568 0.276419 0.845421 0.761677 0.613598 0.763171 0.302687 0.930184 0.138692 0.645887 0.318857 0.716589 0.411638 0.325705 0.424429 0.551783 0.387268 0.166708 0.971264 0.534072 0.892742 0.520529 0.306465 
0.833034 0.320316 0.0665028 0.51679 0.284241 0.765162 0.203575 0.190901 0.229674 0.370192 0.805857 0.00425237 0.591083 0.368996 0.972389 0.801844 0.153176 0.0083548 0.0471882 0.255984 0.628775 0.0661942 0.163703 0.551439 0.0941191 0.396002 0.49924 0.788941 0.154658 0.245992 
0.322858 0.648779 0.568369 0.394596 0.615911 0.622116 0.0245919 0.455561 0.979845 0.840557 0.180642 0.92263 0.591928 0.419579 0.751957 0.404354 0.663674 0.175805 0.595874 0.574577 0.884314 0.912044 0.857363 0.947047 0.739343 0.728824 0.710035 0.597267 0.654115 0.872721 
0.790966 0.827256 0.883411 0.000201063 0.803941 0.435723 0.499074 0.754921 0.603841 0.867326 0.936065 0.519344 0.580496 0.048635 0.372585 0.108772 0.029563 0.503623 0.0786381 0.0674719 0.360737 0.224037 0.767718 0.845487 0.131871 0.327598 0.861776 0.914905 0.451081 0.181661 
0.0215174 0.0408613 0.586601 0.243651 0.261174 0.927998 0.118353 0.887185 0.658449 0.841387 0.465581 0.0334437 0.908649 0.699508 0.0253713 0.237996 0.23073 0.500588 0.476554 0.392054 0.167058 0.493509 0.447164 0.54283 0.233854 0.334348 0.0305531 0.0426593 0.137081 0.807663 
0.055567 0.493972 0.820893 0.881807 0.214604 0.0339221 0.667108 0.28465 0.643193 0.000523745 0.863569 0.793734 0.794545 0.45918 0.00100145 0.193876 0.987824 0.777891 0.826404 0.0544825 0.518095 0.600034 0.515987 0.604363 0.971346 0.776854 0.0525806 0.784025 0.189811 0.162205 
0.492432 0.730039 0.496212 0.971995 0.636104 0.856275 0.926927 0.487781 0.806552 0.741527 0.824078 0.736939 0.606756 0.875592 0.231062 0.688574 0.664233 0.458647 0.168293 0.742642 0.261329 0.790602 0.604535 0.627373 0.752622 0.894894 0.771265 0.983305 0.767595 0.656145 
0.191437 0.410891 0.518954 0.105541 0.843837 0.439576 0.0194357 0.89418 0.293941 0.119113 0.519892 0.232636 0.69089 0.490095 0.61562 0.877882 0.414627 0.0219905 0.144553 0.297835 0.796519 0.731683 0.970428 0.141111 0.34758 0.384293 0.543932 0.237349 0.34256 0.026169 
0.491266 0.98224 0.915071 0.0558189 0.123665 0.267984 0.816166 0.486606 0.311665 0.0305927 0.181 0.304597 0.256482 0.128128 0.367795 0.52069 0.0953794 0.735303 0.219185 0.830053 0.043737 0.986529 0.40626 0.209472 0.122465 0.0693923 0.0865284 0.565276 0.857999 0.406556 
0.277532 0.890472 0.79584 0.392991 0.814125 0.614645 0.97626 0.0370394 0.0528667 0.553928 0.14442 0.167105 0.0474077 0.823257 0.49532 0.334261 0.518505 0.260857 0.163347 0.115985 0.468357 0.538502 0.948169 0.281148 0.538044 0.0112287 0.678975 0.746342 0.917485 0.534951 
0.154585 0.0119618 0.236625 0.394294 0.0851206 0.181208 0.594832 0.455982 0.260888 0.584144 0.0773107 0.0917173 0.0531455 0.394508 0.656758 0.594513 0.865957 0.859943 0.241628 0.212045 0.528875 0.98615 0.167435 0.853355 0.785897 0.257637 0.834403 0.309856 0.555545 0.0646999 
0.721298 0.116931 0.586467 0.314613 0.850272 0.385825 0.185752 0.832832 0.432468 0.673023 0.759106 0.941872 0.224962 0.00884494 0.936891 0.285842 0.377387 0.657667 0.0356997 0.188538 0.797533 0.144072 0.121718 0.457317 0.124266 0.597513 0.47464 0.290907 0.378476 0.847964 
0.329307 0.887895 0.27722 0.140303 0.302648 0.949663 0.157966 0.0346696 0.234416 0.0183688 0.739303 0.766691 0.304276 0.429785 0.915609 0.718103 0.228413 0.482572 0.544995 0.309169 0.0870617 0.428361 0.479175 0.0145317 0.639386 0.0673958 0.768017 0.792311 0.751806 0.512392 
0.0670716 0.625401 0.266733 0.387334 0.30337 0.842867 0.525217 0.509509 0.342936 0.549486 0.870511 0.144281 0.782805 0.393589 0.153113 0.650299 0.795269 0.470779 0.316504 0.37713 0.43838 0.417347 0.617263 0.912865 0.685836 0.27516 0.642443 0.331908 0.52148 0.0731149 
0.329935 0.682298 0.208225 0.887893 0.323653 0.344382 0.148611 0.5648 0.142073 0.984551 0.208606 0.867827 0.519425 0.151036 0.885896 0.915255 0.00785411 0.306337 0.126609 0.590169 0.235947 0.370845 0.113404 0.621912 0.394235 0.103566 0.607217 0.229203 0.467137 0.0653055 
0.975353 0.789353 0.686332 0.536697 0.174859 0.297899 0.788442 0.833756 0.583502 0.1448 0.98979 0.867343 0.409749 0.0749672 0.234029 0.229393 0.777519 0.673432 0.801305 0.800574 0.599478 0.206316 0.140949 0.180095 0.908327 0.357562 0.614834 0.143106 0.127185 0.805538 
0.81475 0.995967 0.501835 0.863969 0.0627777 0.18541 0.34337 0.866161 0.280481 0.234093 0.345844 0.602954 0.0488252 0.30355 0.642117 0.121547 0.594834 0.908156 0.906712 0.633023 0.592052 0.576826 0.550457 0.463587 0.629449 0.0942937 0.398771 0.228782 0.266201 0.192106 
0.135339 0.890499 0.847786 0.093027 0.331591 0.0648572 0.668642 0.884794 0.0110184 0.637533 0.28972 0.847962 0.913334 0.472785 0.901313 0.671288 0.871109 0.374095 0.102319 0.184835 0.961335 0.718067 0.994712 0.778863 0.306661 0.268277 0.774939 0.38285 0.722671 0.934849 
0.669453 0.785156 0.0380526 0.131471 0.0395982 0.424877 0.144734 0.593007 0.0596172 0.569537 0.437398 0.0177583 0.925134 0.469085 0.990596 0.941293 0.382755 0.742838 0.569113 0.609314 0.544513 0.982034 0.0558337 0.723033 0.832771 0.439519 0.245714 0.474646 0.89462 0.739511 
0.0687611 0.678638 0.287729 0.172173 0.0543717 0.77081 0.790821 0.497603 0.428381 0.147648 0.666006 0.132154 0.901405 0.430392 0.16004 0.414985 0.26316 0.225067 0.11338 0.128473 0.327717 0.608369 0.867445 0.197791 0.809006 0.716671 0.00907732 0.161142 0.858952 0.655636 
0.420988 0.100902 0.182952 0.823238 0.207609 0.114197 0.547747 0.41862 0.189643 0.0128659 0.724399 0.990101 0.406374 0.131514 0.94182 0.914387 0.510804 0.340176 0.426762 0.395014 0.0345144 0.600793 0.950562 0.957678 0.325247 0.867579 0.110502 0.49395 0.400817 0.359785 
0.72388 0.433096 0.589398 0.527437 0.856041 0.643854 0.800333 0.169307 0.276311 0.902213 0.740245 0.352342 0.717414 0.913006 0.660524 0.895647 0.668678 0.902933 0.376381 0.616498 0.214566 0.232618 0.323368 0.730237 0.574069 0.58347 0.725195 0.282564 0.0101489 0.464132 
0.182808 0.486691 0.485203 0.603611 0.0284508 0.755801 0.492385 0.305678 0.21319 0.707647 0.917022 0.0880002 0.831286 0.470282 0.301477 0.064523 0.575588 0.275961 0.88826 0.171531 0.191642 0.527745 0.490271 0.241996 0.865269 0.0273497 0.0672435 0.744439 0.492009 0.107183 
0.610704 0.641864 0.899336 0.635826 0.434629 0.502114 0.130265 0.121237 0.424499 0.065392 0.818198 0.00697518 0.364718 0.202973 0.374734 0.410407 0.67789 0.471514 0.970776 0.271457 0.78083 0.712204 0.489455 0.0720492 0.730734 0.6974 0.474694 0.358512 0.301697 0.199219 
0.674609 0.245028 0.819746 0.53152 0.0327604 0.164831 0.693048 0.0868878 0.352831 0.327464 0.331575 0.982263 0.627616 0.121399 0.755554 0.459862 0.761267 0.64385 0.561237 0.709232 0.384256 0.804597 0.137523 0.228838 0.180911 0.258181 0.959902 0.656512 0.384667 0.0169314 
0.953422 0.510866 0.423653 0.81879 0.211895 0.468218 0.897138 0.484423 0.418459 0.150564 0.385189 0.185147 0.88441 0.876375 0.917058 0.661049 0.246873 0.84324 0.258051 0.269861 0.0588897 0.583051 0.74043 0.667368 0.481936 0.632184 0.430007 0.703521 0.380473 0.649878 
0.348391 0.506124 0.776542 0.284734 0.0327347 0.33008 0.802519 0.40579 0.0763481 0.526963 0.63939 0.0219654 0.840579 0.610767 0.987387 0.000992464 0.711706 0.315168 0.70928 0.49429 0.797674 0.749247 0.833266 0.271608 0.203773 0.909806 0.961406 0.217302 0.950618 0.479416 
0.481638 0.88319 0.238109 0.21436 0.2654 0.131428 0.772977 0.291543 0.0244993 0.958749 0.222914 0.17515 0.720041 0.203247 0.682344 0.270341 0.202745 0.407054 0.343702 0.933246 0.529423 0.197039 0.337025 0.862141 0.880348 0.283523 0.018541 0.788024 0.467661 0.615431 
0.164909 0.00465461 0.863591 0.942512 0.780128 0.347954 0.245084 0.326413 0.297251 0.0290727 0.995685 0.403596 0.519819 0.328183 0.53397 0.871132 0.515335 0.510807 0.401637 0.0767221 0.480884 0.619977 0.856786 0.539907 0.309385 0.457884 0.627846 0.289081 0.117398 0.57611 
0.940222 0.622688 0.356424 0.377109 0.00809779 0.0227596 0.260589 0.443138 0.632568 0.685917 0.420924 0.49977 0.167972 0.587429 0.794399 0.646976 0.340135 0.645933 0.130278 0.89519 0.815626 0.00451873 0.367708 0.949685 0.0852884 0.347888 0.224958 0.449603 0.117772 0.857655 
0.942567 0.602022 0.330691 0.621978 0.369017 0.658027 0.705693 0.879926 0.981924 0.0294298 0.943657 0.0835601 0.513175 0.973607 0.174837 0.363268 0.754128 0.237568 0.865192 0.493223 0.124204 0.21326 0.216513 0.790237 0.433315 0.680997 0.61266 0.0656803 0.116996 0.774695 
0.284043 0.642193 0.124451 0.434033 0.169241 0.147052 0.167311 0.657779 0.981675 0.863972 0.150743 0.416005 0.615231 0.632178 0.456436 0.746897 0.866173 0.0062429 0.876304 0.6213 0.588078 0.2067 0.132935 0.761179 0.262132 0.560416 0.18456 0.598177 0.00452234 0.40097 
0.536693 0.268005 0.955744 0.980812 0.444723 0.504206 0.273445 0.899094 0.607391 0.52345 0.335908 0.564196 0.0251036 0.770557 0.740678 0.301755 0.222166 0.300999 0.70744 0.227755 0.361291 0.847508 0.043554 0.692845 0.702319 0.708297 0.550515 0.417955 0.0932593 0.897875 
0.244594 0.0745494 0.47997 0.0732788 0.142772 0.743431 0.566563 0.333518 0.579306 0.480193 0.103602 0.200036 0.909854 0.556231 0.935243 0.929832 0.257899 0.413356 0.271482 0.171494 0.0642936 0.267669 0.498868 0.616639 0.864382 0.0110063 0.151242 0.723819 0.914992 0.211847 
0.816454 0.383438 0.997758 0.264846 0.733871 0.998667 0.917284 0.524326 0.076228 0.935638 0.385475 0.221762 0.0822436 0.475815 0.697066 0.561366 0.559271 0.420226 0.463301 0.492241 0.873427 0.704962 0.460083 0.579946 0.291158 0.215936 0.455515 0.618194 0.0716477 0.723627 
0.587306 0.0504489 0.978766 0.866227 0.547747 0.798106 0.114508 0.596123 0.970946 0.26086 0.314733 0.722567 0.255629 0.565958 0.566296 0.295669 0.28964 0.0216596 0.749938 0.526987 0.741861 0.631499 0.865514 0.408658 0.261726 0.705349 0.598344 0.546818 0.331692 0.752697 
0.128618 0.201212 0.175456 0.615198 0.764407 0.744058 0.00372152 0.976058 0.484937 0.656968 0.955568 0.206998 0.288618 0.0597086 0.723567 0.650085 0.72769 0.935946 0.954532 0.240164 0.0936972 0.668407 0.613982 0.778124 0.358488 0.983363 0.0888579 0.24225 0.936219 0.946628 
0.284894 0.229229 0.177892 0.364509 0.443141 0.00385844 0.969248 0.808828 0.654983 0.76555 0.417537 0.687284 0.303422 0.980495 0.145422 0.860458 0.623843 0.263775 0.958207 0.395077 0.41092 0.224969 0.905896 0.541127 0.712744 0.0095978 0.229164 0.171378 0.638332 0.493679 
0.578857 0.046711 0.941819 0.840718 0.487429 0.841104 0.610344 0.577643 0.0621632 0.518363 0.107714 0.796144 0.115933 0.417831 0.207969 0.120938 0.963516 0.589504 0.0997487 0.357349 0.998298 0.0791995 0.455778 0.540079 0.154779 0.590201 0.386548 0.789751 0.115671 0.402944 
0.48261 0.59212 0.430324 0.135013 0.403716 0.443545 0.241142 0.582916 0.396597 0.137416 0.210259 0.265849 0.291882 0.184528 0.600473 0.947429 0.269374 0.102573 0.0534478 0.822837 0.803351 0.0586404 0.31414 0.389388 0.34333 0.907146 0.168271 0.348442 0.799198 0.370364 
0.905519 0.410654 0.472875 0.838492 0.201974 0.792065 0.748382 0.514589 0.584727 0.373766 0.208416 0.359424 0.588668 0.723142 0.782327 0.224307 0.233618 0.846271 0.288089 0.0928228 0.19775 0.254562 0.323666 0.114499 0.656956 0.524383 0.644366 0.606985 0.152146 0.684242 
0.335454 0.285188 0.534159 0.852114 0.103152 0.811232 0.0790697 0.75727 0.00742133 0.0635624 0.712476 0.889328 0.801999 0.958515 0.450693 0.349289 0.158585 0.0153933 0.243677 0.747606 0.540648 0.0872518 0.331816 0.343955 0.681816 0.698982 0.51044 0.267429 0.452128 0.835716 
0.744277 0.338764 0.210105 0.504038 0.667466 0.508687 0.293714 0.631849 0.402376 0.877671 0.712232 0.299759 0.087325 0.973065 0.790937 0.659504 0.475879 0.76234 0.365224 0.975388 0.567811 0.960061 0.902489 0.940342 0.339594 0.840963 0.639229 0.994233 0.683878 0.807103 
0.538785 0.664998 0.851938 0.460141 0.55754 0.348468 0.317348 0.377105 0.23583 0.845545 0.487966 0.437392 0.149547 0.360379 0.322282 0.569303 0.00932056 0.0723821 0.929856 0.701196 0.77464 0.27513 0.671237 0.465021 0.967751 0.230886 0.694637 0.405316 0.200475 0.463001 
0.576303 0.933009 0.0498774 0.0640753 0.549539 0.91711 0.800381 0.214659 0.0710001 0.366097 0.383782 0.873842 0.736371 0.751982 0.476874 0.272212 0.16399 0.818577 0.754614 0.428031 0.534114 0.847106 0.292329 0.469806 0.326306 0.880934 0.241641 0.267328 0.0811988 0.240834 
0.257253 0.17092 0.119399 0.24482 0.777543 0.609529 0.453231 0.296723 0.987687 0.132921 0.128798 0.532436 0.367966 0.436159 0.620986 0.624617 0.38637 0.664305 0.657673 0.674145 0.595235 0.671273 0.53358 0.445315 0.833496 0.0168807 0.904842 0.473896 0.363405 0.660054 
0.858136 0.850453 0.537571 0.0381714 0.741346 0.00466996 0.42336 0.34398 0.0627949 0.273818 0.475571 0.580399 0.145955 0.321639 0.0574375 0.918021 0.129904 0.846614 0.222017 0.281361 0.185851 0.401009 0.0526382 0.196433 0.859565 0.773297 0.364772 0.294512 0.83904 0.404894 
0.327353 0.665939 0.578748 0.305258 0.554057 0.486215 0.166307 0.457121 0.0967023 0.822283 0.128357 0.819735 0.588781 0.603639 0.769605 0.376572 0.821704 0.803299 0.416137 0.636936 0.507309 0.746939 0.885925 0.279982 0.190645 0.88552 0.160275 0.94413 0.326669 0.788313 
0.433645 0.545458 0.981027 0.372029 0.729077 0.413467 0.308396 0.586329 0.118089 0.629752 0.779243 0.447659 0.025445 0.611382 0.4 0.19766 0.821741 0.948791 0.49169 0.534587 0.512872 0.798997 0.79979 0.893747 0.339163 0.105512 0.772069 0.878552 0.8071 0.370464 
0.258234 0.746823 0.737613 0.500216 0.999576 0.989948 0.949266 0.967463 0.242516 0.736677 0.348611 0.105287 0.146962 0.863425 0.799353 0.609681 0.991903 0.351561 0.291023 0.334119 0.922201 0.260097 0.845761 0.890204 0.0713297 0.906358 0.0827956 0.462839 0.575736 0.467385 
0.247761 0.776405 0.321482 0.728347 0.630344 0.491203 0.985276 0.395795 0.112533 0.365997 0.0618206 0.239143 0.315177 0.663858 0.69477 0.137332 0.431846 0.186247 0.189423 0.292376 0.435012 0.637325 0.566863 0.560998 0.996421 0.560672 0.920417 0.352604 0.39267 0.651597 
0.026342 0.287146 0.864308 0.935828 0.073558 0.496201 0.0436827 0.76853 0.390229 0.379456 0.801937 0.0117107 0.381272 0.629529 0.149635 0.0504952 0.992065 0.507748 0.730768 0.920932 0.12363 0.263381 0.398395 0.386898 0.305754 0.120012 0.7992 0.172202 0.461514 0.931477 
0.45257 0.339111 0.370161 0.767912 0.948787 0.582399 0.130712 0.140599 0.17411 0.108307 0.481071 0.450936 0.848319 0.394427 0.145503 0.183168 0.967376 0.209553 0.682437 0.00219702 0.775982 0.429202 0.170195 0.0163763 0.142327 0.195001 0.0983179 0.47011 0.352482 0.785807 
0.462359 0.311811 0.765281 0.604685 0.493417 0.693219 0.136741 0.165475 0.22204 0.141756 0.128028 0.27952 0.0865942 0.515872 0.152675 0.867159 0.405513 0.813372 0.545623 0.212852 0.115921 0.354301 0.249917 0.403121 0.873258 0.226461 0.571034 0.820037 0.088471 0.786466 
0.275034 0.540848 0.0353558 0.363992 0.322836 0.432891 0.80023 0.21135 0.384826 0.827727 0.335435 0.809726 0.476094 0.744316 0.728142 0.636824 0.689994 0.143492 0.735114 0.705043 0.0363511 0.363606 0.11262 0.57891 0.660944 0.278825 0.559662 0.397384 0.925344 0.15827 
0.635584 0.736802 0.0815493 0.98292 0.193251 0.684477 0.70266 0.0779661 0.521429 0.0615787 0.2911 0.748548 0.00908756 0.864577 0.875076 0.998843 0.288269 0.798718 0.0857712 0.844733 0.700393 0.124774 0.502339 0.905229 0.048326 0.250491 0.739266 0.905452 0.543767 0.265275 
0.614362 0.59767 0.964587 0.0782973 0.0788659 0.224897 0.385039 0.459178 0.485434 0.229993 0.225556 0.421193 0.156212 0.71357 0.679005 0.247683 0.837414 0.0254149 0.00906421 0.402721 0.282918 0.712161 0.368401 0.881099 0.027263 0.749512 0.502645 0.904422 0.584783 0.204212 
0.843886 0.250556 0.85212 0.566732 0.212204 0.197371 0.877667 0.068686 0.661151 0.052494 0.000640516 0.441262 0.402099 0.788518 0.280061 0.124971 0.938106 0.574598 0.417837 0.622934 0.658846 0.405521 0.412747 0.969138 0.446219 0.920782 0.745658 0.945123 0.248918 0.335078 
0.228771 0.298308 0.296709 0.609507 0.080469 0.558719 0.300396 0.0367196 0.911758 0.0154864 0.653089 0.992663 0.574672 0.218081 0.842101 0.906597 0.306066 0.955844 0.741455 0.877738 0.283569 0.280862 0.803701 0.805287 0.94505 0.898462 0.00755789 0.818901 0.76218 0.837121 
0.439779 0.939929 0.616596 0.496562 0.882937 0.900332 0.893563 0.649949 0.0489709 0.305745 0.813361 0.626848 0.357595 0.960043 0.176935 0.58911 0.136451 0.31343 0.58804 0.404885 0.413021 0.87044 0.267717 0.466143 0.719865 0.852308 0.624692 0.157017 0.494037 0.266092 
0.687788 0.703975 0.616027 0.571332 0.967308 0.784367 0.732443 0.0445881 0.591112 0.274444 0.975908 0.223499 0.219306 0.637569 0.673028 0.148141 0.875161 0.0337635 0.976771 0.447679 0.916472 0.0683351 0.930973 0.047736 0.931835 0.992013 0.220915 0.716613 0.625638 0.113132 
0.312559 0.426922 0.169674 0.852856 0.491129 0.494304 0.552099 0.300016 0.597203 0.256191 0.204451 0.657713 0.637328 0.902267 0.884088 0.718721 0.160056 0.644693 0.651181 0.524842 0.238067 0.607729 0.921393 0.746252 0.202097 0.0575088 0.600054 0.880692 0.820498 0.323624 
0.66965 0.535625 0.170728 0.145004 0.712728 0.192287 0.922312 0.44927 0.378436 0.598604 0.7029 0.285162 0.31752 0.615078 0.93321 0.166587 0.675868 0.725973 0.390978 0.13628 0.361119 0.227745 0.450295 0.791764 0.171189 0.374379 0.681723 0.419157 0.175026 0.823993 
0.826292 0.814975 0.732647 0.295882 0.876444 0.997284 0.376262 0.714133 0.994773 0.0474534 0.0424309 0.378242 0.0591367 0.938872 0.497072 0.629669 0.184542 0.113659 0.434863 0.48568 0.99465 0.755724 0.0922275 0.671292 0.504576 0.487331 0.922468 0.575284 0.0162991 0.0905671 
0.132667 0.397335 0.711244 0.86318 0.499063 0.631234 0.0944806 0.523058 0.993911 0.145417 0.0438672 0.561827 0.515556 0.776927 0.102175 0.991554 0.819987 0.854836 0.669191 0.32622 0.694301 0.59341 0.66979 0.00369778 0.518508 0.753322 0.828843 0.94864 0.637525 0.589996 
0.938171 0.138386 0.404079 0.702083 0.969733 0.447834 0.811746 0.420038 0.699752 0.87465 0.0260381 0.272761 0.928857 0.884851 0.0154697 0.946141 0.761049 0.213243 0.96539 0.732709 0.698546 0.632583 0.172643 0.524886 0.254081 0.0895426 0.998881 0.190198 0.651705 0.240875 
0.00146852 0.934841 0.508578 0.694607 0.293646 0.408598 0.949909 0.696636 0.305887 0.0890542 0.656469 0.165886 0.574739 0.55189 0.540875 0.979753 0.244466 0.46737 0.121047 0.732933 0.135446 0.341909 0.402067 0.562286 0.544929 0.0648911 0.526449 0.558584 0.51643 0.617828 
0.364873 0.586376 0.061608 0.06777 0.458014 0.0197287 0.927508 0.32789 0.847485 0.893659 0.162881 0.504083 0.213466 0.718828 0.528023 0.230423 0.608143 0.204403 0.54291 0.646921 0.351116 0.287035 0.842976 0.188979 0.0615753 0.330622 0.692269 0.933062 0.524201 0.715687 
0.702079 0.451904 0.587471 0.658053 0.24978 0.614177 0.00312663 0.126518 0.384055 0.766581 0.0952453 0.865007 0.757906 0.601065 0.206208 0.289684 0.439107 0.0292681 0.115865 0.0597463 0.611343 0.638175 0.303828 0.604001 0.573009 0.803278 0.67545 0.940816 0.369447 0.647068 
0.701544 0.348295 0.251805 0.916393 0.16464 0.459194 0.534316 0.980581 0.679018 0.6239 0.498836 0.158408 0.013331 0.922015 0.828869 0.713457 0.322589 0.035141 0.977816 0.0043241 0.56286 0.0889663 0.560668 0.424227 0.736636 0.696245 0.241638 0.838791 0.415654 0.711608 
0.35259 0.0878639 0.259363 0.70488 0.170271 0.4376 0.638291 0.043971 0.205837 0.270186 0.715925 0.0944698 0.291296 0.637645 0.901896 0.726447 0.831785 0.782577 0.185993 0.256975 0.470581 0.0163225 0.717622 0.331526 0.43293 0.877463 0.594854 0.316003 0.234314 0.00643847 
0.072116 0.0542174 0.603751 0.471471 0.801744 0.852926 0.888078 0.0211776 0.611588 0.453314 0.189266 0.961565 0.0863878 0.352625 0.954908 0.245028 0.637552 0.525019 0.543798 0.131242 0.903605 0.793649 0.403527 0.135133 0.420009 0.112755 0.965034 0.708483 0.9269 0.240198 
0.390052 0.108299 0.693349 0.419128 0.150218 0.403015 0.0831929 0.869341 0.708209 0.548851 0.363211 0.0942274 0.699149 0.537912 0.298954 0.780853 0.914021 0.326343 0.340186 0.61352 0.383844 0.6209 0.993052 0.21407 0.719016 0.62187 0.837613 0.239185 0.590905 0.651314 
0.394586 0.920079 0.464519 0.477113 0.810693 0.402895 0.649124 0.732335 0.955347 0.935403 0.704769 0.634944 0.944693 0.479883 0.265724 0.368821 0.270741 0.177203 0.498115 0.00449256 0.698369 0.835918 0.897328 0.149263 0.0116396 0.229476 0.704367 0.0605293 0.862156 0.298615 
0.447021 0.687347 0.948518 0.0384316 0.507893 0.640872 0.436542 0.960573 0.105059 0.438173 0.685723 0.345929 0.640276 0.8998 0.160615 0.683666 0.969749 0.948919 0.880464 0.99764 0.274597 0.649369 0.118637 0.418093 0.652177 0.467841 0.233721 0.947173 0.543694 0.335104 
0.586789 0.332782 0.529747 0.371775 0.841253 0.563047 0.881624 0.793021 0.593744 0.215883 0.626569 0.976328 0.857738 0.826763 0.451427 0.816981 0.65641 0.944597 0.879239 0.453097 0.305309 0.317818 0.955973 0.784556 0.393918 0.540968 0.0262636 0.390267 0.0313242 0.220736 
0.900327 0.38248 0.00408117 0.404701 0.00673863 0.863267 0.128225 0.371329 0.0861486 0.626862 0.0581074 0.887029 0.860518 0.222711 0.531203 0.328403 0.273037 0.951932 0.948104 0.926426 0.360648 0.369227 0.617225 0.659457 0.585567 0.984315 0.162537 0.200992 0.942925 0.276952 
0.0758767 0.216873 0.413767 0.600082 0.590348 0.483851 0.139451 0.651713 0.501202 0.00689919 0.285097 0.891365 0.348767 0.862043 0.422775 0.700789 0.615883 0.736004 0.00432391 0.785657 0.45848 0.0555214 0.081531 0.721847 0.429116 0.323805 0.0967605 0.387062 0.0778929 0.653952 
0.566506 0.642956 0.153425 0.131693 0.528294 0.0365012 0.900186 0.928425 0.476472 0.693146 0.448036 0.672777 0.065825 0.670487 0.508682 0.542723 0.993553 0.640215 0.0760638 0.0436083 0.807662 0.516125 0.205137 0.694777 0.735302 0.768801 0.703645 0.477737 0.0574565 0.493463 
0.647122 0.76449 0.852722 0.532371 0.329916 0.18815 0.289802 0.701735 0.337615 0.225146 0.732443 0.81712 0.139879 0.717197 0.889304 0.146064 0.811132 0.46661 0.791594 0.625736 0.852228 0.706591 0.065345 0.545806 0.860377 0.885088 0.892596 0.594068 0.776109 0.840528 
0.613661 0.838402 0.821942 0.948147 0.631838 0.745395 0.640662 0.21529 0.358554 0.337288 0.90093 0.50024 0.471493 0.158438 0.164173 0.369342 0.781875 0.868133 0.723912 0.475564 0.49537 0.907968 0.0199048 0.402406 0.00891124 0.787151 0.819431 0.171057 0.444947 0.415116 
0.125895 0.208915 0.341398 0.546084 0.630538 0.100424 0.0184614 0.271528 0.498659 0.0392071 0.0217147 0.674922 0.559875 0.763289 0.417476 0.369749 0.391082 0.24702 0.754896 0.138165 0.0733647 0.819557 0.15152 0.560843 0.540266 0.840517 0.365437 0.239465 0.875952 0.848136 
0.492659 0.759342 0.888154 0.890732 0.416726 0.8049 0.427642 0.0108033 0.312519 0.548002 0.472846 0.155622 0.857068 0.696166 0.822598 0.842773 0.184847 0.0870532 0.947426 0.127716 0.881245 0.667999 0.551053 0.62144 0.964099 0.840276 0.695535 0.435095 0.240103 0.79751 
0.563812 0.715032 0.951306 0.538051 0.65369 0.392804 0.262827 0.480944 0.52618 0.515918 0.3231 0.334363 0.367493 0.520635 0.961252 0.61262 0.991524 0.174776 0.732676 0.186834 0.462681 0.992488 0.257315 0.639897 0.598049 0.408748 0.206212 0.0500363 0.34536 0.311501 
0.234271 0.830626 0.802829 0.976696 0.901164 0.0386352 0.252353 0.970723 0.789596 0.763566 0.535617 0.460902 0.862832 0.377236 0.121414 0.319612 0.369774 0.492676 0.357798 0.854324 0.896458 0.574922 0.517911 0.321713 0.0120971 0.0856742 0.816026 0.359553 0.64654 0.518041 
0.608437 0.537163 0.813297 0.621322 0.961765 0.53873 0.603009 0.564986 0.778407 0.326525 0.152901 0.578139 0.939436 0.137268 0.815719 0.931104 0.677375 0.538224 0.940147 0.775746 0.875485 0.250678 0.0139976 0.991237 0.450106 0.37817 0.156836 0.778535 0.0681072 0.353389 
0.779444 0.524018 0.272256 0.0184419 0.792097 0.467975 0.864106 0.297702 0.212099 0.671158 0.278679 0.293387 0.203205 0.581757 0.553157 0.052504 0.0966351 0.335015 0.472041 0.49217 0.226202 0.871068 0.215313 0.528901 0.342244 0.128219 0.965096 0.052613 0.68219 0.656758 
0.819963 0.00337615 0.726567 0.340584 0.43416 0.602813 0.413854 0.989014 0.698812 0.211089 0.616668 0.767544 0.892983 0.40947 0.708491 0.500232 0.551419 0.766853 0.590977 0.874208 0.1686 0.478143 0.303529 0.279083 0.569516 0.896261 0.842002 0.229088 0.488419 0.197358 
0.294274 0.538162 0.564616 0.981215 0.0288959 0.0436444 0.857898 0.422028 0.677315 0.797145 0.00339118 0.0366395 0.169354 0.328001 0.558039 0.835296 0.939874 0.28351 0.558228 0.41515 0.0577464 0.248938 0.943168 0.55156 0.037032 0.674928 0.0566275 0.799759 0.0267406 0.141294 
0.354516 0.0563595 0.275706 0.745027 0.614272 0.566988 0.0122972 0.708529 0.510068 0.284799 0.470765 0.567755 0.222408 0.408325 0.395127 0.705495 0.22677 0.692907 0.694429 0.351952 0.907134 0.273968 0.577793 0.781948 0.127687 0.165593 0.111907 0.843501 0.195673 0.836359 
0.277518 0.886745 0.195447 0.176754 0.322645 0.846091 0.950096 0.559431 0.21961 0.925498 0.0309082 0.763602 0.157605 0.431549 0.0854656 0.955082 0.0806941 0.782636 0.884902 0.359529 0.734422 0.619079 0.927128 0.521218 0.937428 0.520918 0.737929 0.268353 0.124439 0.501214 
0.189245 0.489418 0.635186 0.0501869 0.658113 0.859963 0.293119 0.628383 0.378135 0.405325 0.0753359 0.432146 0.146979 0.0576646 0.0310778 0.0785949 0.267406 0.451578 0.482021 0.703768 0.547424 0.875144 0.534366 0.683043 0.110157 0.614985 0.298054 0.896761 0.185844 0.107683 
0.241722 0.79791 0.0788128 0.427362 0.561451 0.0801383 0.344216 0.405831 0.504953 0.271978 0.49235 0.247691 0.496212 0.76219 0.0565335 0.813129 0.854426 0.663415 0.284465 0.655423 0.962819 0.0124332 0.101367 0.877635 0.0391106 0.82958 0.580482 0.628653 0.853843 0.356221 
0.658302 0.0963826 0.21251 0.242153 0.482317 0.484551 0.968458 0.0870119 0.74387 0.68859 0.911471 0.260303 0.488367 0.159235 0.0937646 0.0777966 0.953656 0.101227 0.997508 0.271549 0.892287 0.66369 0.583016 0.685878 0.938361 0.0419026 0.809194 0.81716 0.620418 0.997536 
0.284095 0.252945 0.66949 0.311241 0.949707 0.773664 0.657632 0.3705 0.127432 0.509903 0.0669158 0.414578 0.183941 0.573219 0.173428 0.780679 0.400928 0.30112 0.0312552 0.839321 0.607957 0.0187313 0.954938 0.91332 0.253732 0.789028 0.398093 0.608068 0.426424 0.170215 
0.766072 0.909968 0.195988 0.994734 0.670949 0.906151 0.778514 0.781272 0.189356 0.353333 0.16445 0.373109 0.458586 0.782646 0.25241 0.447394 0.64609 0.23327 0.872613 0.479415 0.579537 0.482175 0.723419 0.583888 0.242619 0.860811 0.873647 0.97819 0.954903 0.909639 
0.499006 0.317871 0.926078 0.551041 0.776641 0.814293 0.619403 0.0590696 0.222067 0.708932 0.805459 0.0642753 0.449572 0.275063 0.015207 0.588052 0.367952 0.437429 0.585258 0.23961 0.00871913 0.325332 0.551043 0.0582676 0.678029 0.833844 0.769233 0.940744 0.800414 0.269292 
0.429053 0.890422 0.390376 0.535749 0.0159673 0.112125 0.304297 0.718785 0.551963 0.946872 0.851 0.256995 0.403052 0.319782 0.970446 0.0195605 0.459272 0.175275 0.732315 0.353147 0.0899038 0.693006 0.440178 0.0823634 0.0185325 0.95699 0.112598 0.940911 0.935417 0.980217 
0.123 0.388536 0.890064 0.107513 0.81052 0.0395484 0.0180862 0.0145058 0.229265 0.168731 0.242326 0.080938 0.787501 0.281733 0.693192 0.397846 0.732404 0.013076 0.00615073 0.128515 0.487167 0.283587 0.541655 0.865282 0.091014 0.387409 0.926096 0.594765 0.987464 0.433077 
0.0603771 0.456501 0.812584 0.754286 0.21965 0.87486 0.399091 0.847931 0.246173 0.626432 0.737332 0.290986 0.00840096 0.526975 0.507275 0.811892 0.858528 0.367788 0.172499 0.859818 0.122183 0.327746 0.697211 0.433379 0.635311 0.514076 0.759315 0.945818 0.86278 0.00190257 
0.824004 0.0287353 0.579474 0.0926211 0.780519 0.707891 0.653495 0.999873 0.998034 0.531 0.623831 0.618742 0.371253 0.373154 0.117173 0.187858 0.937416 0.890815 0.6445 0.240261 0.921067 0.992525 0.414492 0.623911 0.843115 0.00893065 0.329661 0.253064 0.640295 0.664542 
0.110779 0.959941 0.10111 0.342933 0.406391 0.461976 0.504633 0.133421 0.0398486 0.139468 0.293018 0.368247 0.779616 0.641396 0.722031 0.996903 0.127585 0.156592 0.712557 0.883342 0.223696 0.135137 0.834107 0.767705 0.465507 0.166373 0.994165 0.526007 0.328451 0.81596 
0.214035 0.315716 0.775502 0.00399751 0.829664 0.0327973 0.870665 0.0290142 0.507222 0.99243 0.190971 0.826215 0.793891 0.648295 0.555276 0.493794 0.543103 0.905375 0.789772 0.271883 0.63343 0.609185 0.810568 0.902943 0.529857 0.925618 0.628197 0.130312 0.434787 0.857642 
0.666206 0.93082 0.408009 0.473744 0.358231 0.0158353 0.0673502 0.104122 0.828511 0.108303 0.682739 0.819697 0.453674 0.135304 0.632401 0.0528457 0.0187435 0.373831 0.418631 0.97584 0.364636 0.947057 0.59167 0.11212 0.30234 0.758478 0.248561 0.336564 0.882862 0.375324 
0.868885 0.952061 0.745146 0.682556 0.477265 0.942613 0.847117 0.409349 0.464319 0.375892 0.620566 0.152391 0.0751577 0.0893584 0.489738 0.116748 0.493462 0.815152 0.510833 0.171718 0.137255 0.772857 0.594397 0.00768165 0.293439 0.8873 0.527738 0.975396 0.00661072 0.872194 
0.113416 0.926555 0.66744 0.401283 0.153831 0.477844 0.142794 0.233358 0.927146 0.813152 0.628005 0.0804499 0.147638 0.781425 0.503128 0.485066 0.699869 0.774331 0.243438 0.935995 0.408386 0.495257 0.388091 0.91686 0.559178 0.176211 0.782772 0.842909 0.00433923 0.130704 
0.648757 0.498315 0.945782 0.498839 0.607944 0.606398 0.0306946 0.733746 0.287007 0.13044 0.197468 0.196303 0.7651 0.538531 0.486552 0.912021 0.441184 0.180903 0.709847 0.459147 0.0119658 0.996128 0.572288 0.386191 0.972381 0.676134 0.876781 0.569299 0.28255 0.686691 
0.847943 0.329133 0.638419 0.865997 0.74705 0.250314 0.256948 0.952242 0.478921 0.702971 0.407229 0.173229 0.927927 0.255531 0.433399 0.628243 0.45355 0.600761 0.428787 0.204981 0.902066 0.624369 0.823211 0.530471 0.728586 0.607472 0.891761 0.178153 0.991193 0.67995 
0.388688 0.900708 0.577557 0.30182 0.470958 0.874403 0.941991 0.825516 0.434251 0.66116 0.660125 0.854765 0.286876 0.0846353 0.617135 0.121016 0.275559 0.633093 0.561692 0.935076 0.8153 0.0547216 0.903679 0.894149 0.00151104 0.367629 0.41321 0.980633 0.254895 0.0529818 
0.575149 0.512515 0.80173 0.281851 0.257601 0.443298 0.356357 0.085238 0.0254792 0.668702 0.0549756 0.274744 0.776821 0.764567 0.97595 0.697041 0.676527 0.787711 0.987788 0.0394067 0.56161 0.260038 0.299535 0.716104 0.150199 0.983018 0.673115 0.363461 0.454033 0.19836 
0.740589 0.939304 0.242419 0.934252 0.962699 0.859992 0.240214 0.0568419 0.856157 0.547065 0.654377 0.486952 0.736822 0.868821 0.230265 0.158621 0.284404 0.337028 0.961364 0.226821 0.60829 0.783628 0.625986 0.577824 0.946433 0.315099 0.058121 0.971629 0.854999 0.0154479 
0.999971 0.744234 0.806553 0.88532 0.241561 0.348651 0.307855 0.470643 0.0613629 0.137334 0.235008 0.230146 0.602448 0.0806377 0.496069 0.132022 0.97877 0.5448 0.79957 0.52613 0.775074 0.569233 0.100443 0.192051 0.0699624 0.212323 0.094944 0.0715773 0.582224 0.899329 
0.335488 0.170679 0.185001 0.089922 0.0377017 0.143339 0.264007 0.254053 0.115886 0.0200985 0.279305 0.20445 0.0768932 0.349812 0.195577 0.228923 0.26745 0.0722467 0.178727 0.353445 0.336892 0.221415 0.18605 0.18728 0.197257 0.131974 0.36216 0.198722 0.00573551 0.0474754 
0.623497 0.655653 0.617025 0.870646 0.638477 0.294663 0.380653 0.175316 0.108879 0.89555 0.67052 0.978234 0.743289 0.0200077 0.248412 0.408997 0.565454 0.585437 0.369875 0.864156 0.833679 0.56793 0.798232 0.473424 0.325112 0.217601 0.273649 0.143788 0.842051 0.364876 
0.40276 0.672593 0.233938 0.376132 0.30308 0.402765 0.0678544 0.146819 0.708841 0.144111 0.0342282 0.851225 0.922086 0.502269 0.211012 0.16832 0.279899 0.115981 0.360296 0.850176 0.141617 0.789045 0.226121 0.371264 0.120408 0.04498 0.466208 0.163889 0.962791 0.977381 
0.653714 0.571267 0.540626 0.463137 0.547264 0.997095 0.289771 0.746828 0.0214902 0.859957 0.749194 0.963252 0.640374 0.0274955 0.112645 0.689433 0.407901 0.784395 0.469709 0.366693 0.592505 0.487002 0.732965 0.787793 0.150001 0.398412 0.279925 0.325155 0.91359 0.612323 
0.639129 0.0567231 0.836285 0.470916 0.81374 0.755853 0.287968 0.523113 0.748672 0.472389 0.472437 0.356023 0.209128 0.4801 0.398896 0.480378 0.0342915 0.977357 0.0308989 0.673934 0.47723 0.360345 0.319864 0.945356 0.0635152 0.375483 0.729799 0.808173 0.558493 0.46274 
0.891946 0.464047 0.755589 0.90067 0.781805 0.757176 0.582803 0.75474 0.184526 0.569892 0.296976 0.3274 0.812582 0.762631 0.54578 0.595479 0.909771 0.2906 0.998804 0.887082 0.10498 0.192471 0.397597 0.631054 0.374171 0.633222 0.0506373 0.841218 0.358192 0.477792 
0.23446 0.0146923 0.852327 0.473445 0.254115 0.343553 0.457884 0.230999 0.371178 0.0516702 0.219847 0.0992966 0.630267 0.610868 0.858208 0.0921381 0.525896 0.311549 0.601465 0.900733 0.147482 0.640275 0.108703 0.922 0.580866 0.38863 0.130447 0.0470757 0.0651794 0.641786 
0.0480628 0.469103 0.361119 0.931435 0.0835805 0.199354 0.524404 0.328326 0.769907 0.928194 0.159821 0.472094 0.453153 0.255211 0.607524 0.762342 0.0771683 0.533875 0.450301 0.20352 0.146169 0.988791 0.366196 0.437443 0.521978 0.77791 0.00113213 0.764691 0.696109 0.461349 
0.721927 0.85966 0.511814 0.0276056 0.703404 0.782213 0.753388 0.391344 0.233205 0.247594 0.37755 0.736243 0.198774 0.51632 0.746507 0.216575 0.273738 0.40332 0.990585 0.751595 0.567682 0.442138 0.544007 0.32025 0.378205 0.379161 0.201722 0.697335 0.595809 0.846303 
0.9934 0.751565 0.641402 0.630844 0.84063 0.137921 0.235689 0.980978 0.0537367 0.20626 0.208304 0.924508 0.514481 0.165066 0.369448 0.460451 0.992549 0.567651 0.985396 0.887604 0.429365 0.267583 0.328807 0.927949 0.852362 0.213129 0.669201 0.539336 0.864746 0.661509 
0.0575023 0.825789 0.593152 0.758542 0.114671 0.785969 0.577488 0.99734 0.0059546 0.988273 0.805224 0.55795 0.329959 0.297986 0.40729 0.849757 0.739766 0.788923 0.463151 0.24765 0.589342 0.964227 0.226732 0.471155 0.486637 0.706721 0.480584 0.998354 0.444069 0.396422 
0.292079 0.927023 0.26177 0.505983 0.507836 0.326973 0.312717 0.698714 0.375888 0.514412 0.825489 0.775064 0.961689 0.121484 0.615333 0.523077 0.0860534 0.0209412 0.05386 0.520317 0.175838 0.551842 0.284572 0.139987 0.151059 0.0403121 0.388733 0.965824 0.997379 0.120874 
0.501487 0.683746 0.236623 0.829947 0.634417 0.11274 0.174457 0.867469 0.928141 0.39293 0.0196677 0.19864 0.871023 0.302634 0.429668 0.286257 0.409741 0.145545 0.128692 0.0881736 0.951384 0.78337 0.555169 0.491564 0.842953 0.732953 0.232484 0.721985 0.761219 0.158463 
0.395994 0.743951 0.349116 0.914267 0.46295 0.765506 0.0233154 0.340902 0.529269 0.663356 0.974407 0.391933 0.895982 0.959383 0.302575 0.476204 0.290938 0.243536 0.626172 0.74671 0.573718 0.319085 0.653919 0.75849 0.172569 0.996116 0.613868 0.646278 0.827998 0.762928 
0.303491 0.0309172 0.629073 0.199455 0.261157 0.880178 0.466387 0.515346 0.766749 0.792782 0.540482 0.229861 0.363399 0.0465744 0.541602 0.821456 0.90262 0.901393 0.0637807 0.551087 0.804447 0.653662 0.0151086 0.423706 0.615796 0.7694 0.260024 0.0457115 0.881961 0.811903 
0.458666 0.146243 0.543944 0.735762 0.492154 0.237479 0.870893 0.353526 0.492669 0.627881 0.604108 0.798276 0.919654 0.430579 0.144349 0.166922 0.586581 0.225394 0.66633 0.262743 0.657374 0.282707 0.67012 0.356699 0.497668 0.902905 0.0213287 0.970587 0.595221 0.266108 
0.239571 0.95832 0.197137 0.658788 0.656699 0.285658 0.998845 0.302271 0.747083 0.643061 0.536964 0.740136 0.875718 0.520273 0.312681 0.428389 0.176562 0.374349 0.543463 0.38437 0.796126 0.528023 0.584611 0.253974 0.237406 0.173824 0.742376 0.547368 0.475548 0.580638 
0.785819 0.549605 0.592384 0.463211 0.2385 0.155597 0.686847 0.352129 0.706057 0.426694 0.237707 0.47707 0.911793 0.713074 0.438114 0.864515 0.477879 0.211795 0.0339047 0.587486 0.332443 0.949856 0.949874 0.461107 0.475207 0.0873084 0.406947 0.0747093 0.889061 0.110846 
0.596447 0.00478821 0.509693 0.389017 0.538036 0.0626488 0.147593 0.909439 0.378292 0.278037 0.664904 0.382778 0.38687 0.377057 0.88062 0.101916 0.730352 0.989189 0.500412 0.886765 0.210992 0.582143 0.161819 0.90081 0.669257 0.169412 0.281022 0.751986 0.0132178 0.737438 
0.0546454 0.231449 0.89949 0.16497 0.440176 0.14183 0.0648163 0.331978 0.236327 0.103345 0.483593 0.488115 0.590149 0.878798 0.361917 0.335954 0.349938 0.555957 0.622587 0.041346 0.250336 0.522178 0.27277 0.989713 0.336771 0.99943 0.788105 0.0283898 0.476801 0.974368 
0.7372 0.240616 0.276815 0.681498 0.0710199 0.588956 0.317101 0.47299 0.423833 0.525536 0.146763 0.566218 0.839681 0.106371 0.370163 0.278438 0.235009 0.541752 0.316673 0.38977 0.292314 0.631042 0.705962 0.236849 0.889114 0.059361 0.616278 0.119049 0.297978 0.374946 
0.285771 0.128903 0.204807 0.586729 0.177177 0.71278 0.532094 0.131669 0.11603 0.75046 0.166327 0.656383 0.567308 0.739186 0.660549 0.974066 0.235674 0.329741 0.484356 0.176226 0.57179 0.164282 0.108507 0.501159 0.370205 0.66567 0.0516906 0.751357 0.902499 0.0799533 
0.423672 0.959141 0.0989968 0.41346 0.106454 0.299716 0.606952 0.971398 0.267105 0.187024 0.387463 0.0611952 0.0916927 0.703733 0.856239 0.753399 0.527021 0.31398 0.871102 0.521697 0.136691 0.18706 0.3966 0.543123 0.967444 0.84482 0.701581 0.572513 0.108995 0.899803 
0.456253 0.176427 0.380586 0.249843 0.773717 0.316426 0.848487 0.208699 0.186557 0.119679 0.81769 0.504081 0.949433 0.208803 0.766164 0.628752 0.871683 0.40832 0.47644 0.168607 0.136306 0.170639 0.918774 0.0894755 0.209353 0.790322 0.555077 0.857494 0.584889 0.629399 
0.131538 0.85906 0.439132 0.269165 0.550336 0.174289 0.442531 0.216742 0.0188716 0.224648 0.507504 0.175298 0.131188 0.642259 0.761201 0.716988 0.715964 0.379393 0.336223 0.163723 0.354528 0.131014 0.477107 0.901289 0.909382 0.705743 0.663085 0.671628 0.889757 0.145091 
0.458536 0.595282 0.9325 0.877595 0.879671 0.352918 0.856843 0.90311 0.0680637 0.997982 0.540667 0.763039 0.203354 0.364511 0.902082 0.0633987 0.996858 0.716249 0.714195 0.832711 0.605245 0.338384 0.544406 0.263921 0.434398 0.684739 0.906199 0.62365 0.118759 0.233208 
0.734853 0.192959 0.551635 0.0578267 0.950602 0.882313 0.472927 0.567263 0.443418 0.190907 0.0250292 0.390584 0.508875 0.487254 0.207697 0.415568 0.990197 0.838079 0.845197 0.573184 0.48634 0.806007 0.933185 0.144164 0.427966 0.710451 0.90731 0.984779 0.156824 0.220846 
0.606193 0.412777 0.400147 0.113718 0.988488 0.197836 0.848762 0.967407 0.957809 0.902695 0.0868906 0.197285 0.298541 0.804284 0.0838024 0.208422 0.878356 0.820382 0.564496 0.388089 0.142876 0.369656 0.267026 0.587101 0.720377 0.130918 0.327368 0.485653 0.945665 0.753313 
0.97587 0.165551 0.673003 0.434306 0.744428 0.0608638 0.558179 0.63967 0.802438 0.867665 0.713694 0.501721 0.637025 0.804133 0.103938 0.508645 0.695227 0.928808 0.684555 0.196901 0.144425 0.472987 0.777725 0.974488 0.773011 0.0707095 0.51641 0.163749 0.799369 0.748141 
0.704535 0.747198 0.339024 0.177596 0.585912 0.613711 0.900154 0.234519 0.343411 0.153735 0.992174 0.241363 0.339529 0.890421 0.498296 0.00638793 0.171119 0.901411 0.95135 0.879066 0.561906 0.898066 0.0675128 0.96928 0.828209 0.663356 0.450046 0.391916 0.661693 0.342962 
0.0583917 0.315231 0.318337 0.377612 0.231095 0.857862 0.569318 0.612565 0.895807 0.21974 0.564505 0.408915 0.431423 0.557487 0.677702 0.375973 0.196774 0.58302 0.647252 0.441515 0.801741 0.779793 0.843915 0.547585 0.704722 0.202822 0.872445 0.712738 0.12282 0.801826 
0.279288 0.03562 0.203896 0.851165 0.289119 0.729386 0.671817 0.746313 0.961157 0.522104 0.838081 0.579364 0.0117241 0.999022 0.457976 0.220027 0.148895 0.402365 0.467171 0.870163 0.858336 0.0831971 0.642903 0.73316 0.353252 0.066859 0.263846 0.265707 0.907765 0.582387 
0.268314 0.252105 0.574579 0.863095 0.113234 0.0758664 0.576909 0.0871133 0.468542 0.696687 0.0641575 0.877956 0.894033 0.565276 0.0388832 0.963015 0.148081 0.142977 0.562635 0.713897 0.144115 0.107378 0.23283 0.404131 0.737086 0.53591 0.44103 0.0116677 0.0593798 0.749901 
0.268463 0.34366 0.816098 0.980584 0.149391 0.807746 0.113846 0.768267 0.0749804 0.101044 0.491048 0.818319 0.648008 0.580998 0.940963 0.602202 0.139688 0.259781 0.788741 0.599319 0.884148 0.320887 0.659304 0.357428 0.633233 0.883473 0.483451 0.510901 0.699363 0.457977 
0.85377 0.499746 0.434286 0.422907 0.18399 0.442253 0.250188 0.0728367 0.543457 0.560264 0.0889771 0.0508599 0.251621 0.21224 0.0476846 0.162731 0.544893 0.500066 0.675815 0.290386 0.801666 0.892309 0.627026 0.655766 0.424461 0.010992 0.180874 0.615972 0.369159 0.0233231 
0.925208 0.780347 0.82502 0.549132 0.31656 0.53243 0.33499 0.323507 0.245876 0.128808 0.286231 0.0345046 0.0492075 0.94336 0.244783 0.64651 0.252558 0.62041 0.703965 0.968293 0.538158 0.027762 0.228892 0.672546 0.203936 0.486843 0.222233 0.0127437 0.328789 0.87419 
0.155935 0.466021 0.515247 0.0850555 0.458695 0.505776 0.209174 0.997152 0.711335 0.53525 0.710364 0.27298 0.368087 0.721153 0.341434 0.449225 0.0621125 0.0572331 0.179099 0.598189 0.832162 0.0174509 0.931817 0.914265 0.573243 0.996351 0.639811 0.0806147 0.10196 0.256163 
0.495652 0.715027 0.222015 0.75882 0.692826 0.471055 0.314414 0.474655 0.47307 0.67133 0.236616 0.50162 0.773412 0.0134779 0.106294 0.157305 0.452378 0.269011 0.610306 0.668704 0.0353086 0.377246 0.0233036 0.561254 0.078089 0.0166702 0.469101 0.26762 0.671522 0.70466 
0.318283 0.567092 0.644654 0.506426 0.0414441 0.621956 0.560854 0.568435 0.366082 0.912388 0.87198 0.111108 0.334656 0.841997 0.531824 0.49298 0.170929 0.910303 0.663569 0.984844 0.985926 0.512286 0.640043 0.303039 0.330648 0.985319 0.935944 0.0396276 0.370348 0.958371 
0.509362 0.0169395 0.0767342 0.550762 0.128618 0.595395 0.00729413 0.766841 0.975197 0.415734 0.421175 0.693542 0.886115 0.755975 0.0205487 0.83842 0.811578 0.383883 0.986226 0.472378 0.751471 0.250642 0.644278 0.571189 0.9822 0.856817 0.155137 0.142596 0.669382 0.506094 
0.0156535 0.493344 0.759477 0.301028 0.690577 0.361902 0.863452 0.543459 0.604205 0.476004 0.246836 0.0892529 0.785338 0.442619 0.044991 0.0019525 0.424254 0.522611 0.111867 0.856786 0.596786 0.494454 0.120536 0.238858 0.748913 0.614829 0.127862 0.391084 0.159922 0.457569 
0.394226 0.71552 0.205196 0.230924 0.0895224 0.540923 0.530223 0.598866 0.943122 0.982195 0.979712 0.504519 0.948199 0.631894 0.460854 0.917855 0.867247 0.764707 0.929497 0.0843028 0.935943 0.32748 0.883515 0.568616 0.713346 0.0596674 0.774859 0.720174 0.712585 0.808699 
0.360869 0.383261 0.244813 0.850819 0.142776 0.876881 0.324485 0.595677 0.335804 0.00730003 0.804535 0.450299 0.0657663 0.789686 0.482473 0.257491 0.505418 0.250918 0.683173 0.53357 0.226364 0.633295 0.0982627 0.591906 0.496125 0.54495 0.226408 0.505812 0.558998 0.940509 
0.943291 0.232453 0.140547 0.645088 0.69425 0.223581 0.665881 0.125032 0.61957 0.594952 0.953434 0.566599 0.647447 0.465781 0.533645 0.325409 0.289023 0.464658 0.474534 0.784247 0.463887 0.564025 0.824692 0.980267 0.139299 0.380306 0.74646 0.780478 0.178714 0.515206 
0.395698 0.346386 0.691332 0.288639 0.0974974 0.243033 0.26227 0.996573 0.182603 0.531631 0.745685 0.145368 0.489586 0.30175 0.647762 0.63017 0.615529 0.0923773 0.266214 0.866436 0.384814 0.0795289 0.630188 0.302644 0.0505359 0.650494 0.163311 0.953701 0.411674 0.793155 
0.258947 0.896787 0.510851 0.435733 0.503984 0.0947395 0.828851 0.732015 0.810778 0.658574 0.505486 0.862339 0.72043 0.856997 0.00566877 0.946768 0.614519 0.0221971 0.83717 0.062123 0.438147 0.0604302 0.980948 0.0477131 0.400974 0.52629 0.479025 0.465434 0.402754 0.638796 
0.427753 0.679523 0.110958 0.106938 0.949033 0.531001 0.404653 0.399452 0.462269 0.20614 0.510347 0.307721 0.939768 0.761761 0.417886 0.77699 0.151589 0.182143 0.651479 0.0920007 0.923922 0.0821244 0.252725 0.529302 0.337046 0.42293 0.97273 0.0601429 0.86795 0.186855 
0.0376071 0.801082 0.573165 0.0276465 0.575014 0.694579 0.681798 0.371787 0.378865 0.970176 0.707404 0.562112 0.811271 0.367727 0.618184 0.386646 0.271034 0.492405 0.0162464 0.908411 0.790147 0.638197 0.983722 0.412752 0.880776 0.942307 0.678725 0.183348 0.966434 0.394543 
0.554976 0.865172 0.407813 0.764855 0.228212 0.000211431 0.504244 0.813823 0.18108 0.965442 0.858813 0.201452 0.955259 0.891316 0.373386 0.418018 0.336032 0.309701 0.470076 0.186729 0.703216 0.496708 0.534326 0.218325 0.962169 0.567917 0.373117 0.642875 0.864905 0.0909594 
0.725423 0.883157 0.795568 0.752189 0.161364 0.13845 0.0601591 0.839103 0.668048 0.671305 0.468004 0.475215 0.23867 0.962225 0.854673 0.544483 0.717719 0.288081 0.326242 0.210881 0.0975426 0.385212 0.703 0.182422 0.0867186 0.554504 0.822875 0.244208 0.358164 0.496608 
0.139711 0.932167 0.961213 0.195293 0.63966 0.0751775 0.431349 0.0100524 0.144006 0.67488 0.218517 0.84781 0.708443 0.984535 0.75758 0.381507 0.260811 0.253615 0.556084 0.520079 0.826689 0.972703 0.248374 0.241933 0.0947608 0.348683 0.750182 0.412431 0.854812 0.506137 
0.330959 0.701215 0.362669 0.0103545 0.269179 0.743386 0.578333 0.666394 0.270971 0.103055 0.327857 0.598358 0.208196 0.975786 0.333662 0.535152 0.318957 0.692584 0.0835412 0.711751 0.470228 0.803664 0.234508 0.245689 0.0854297 0.908229 0.90602 0.891593 0.574313 0.677911 
0.578351 0.243776 0.428685 0.295011 0.332391 0.653176 0.808024 0.162298 0.785318 0.187647 0.332287 0.522922 0.597878 0.758074 0.000801394 0.745001 0.925519 0.902285 0.00145244 0.229831 0.139391 0.455663 0.0729725 0.982377 0.885579 0.226092 0.462994 0.129099 0.261192 0.467062 
0.558099 0.184784 0.498633 0.659719 0.617278 0.0164591 0.600001 0.47275 0.422304 0.664093 0.0456684 0.288608 0.888546 0.904595 0.572994 0.677676 0.238807 0.21997 0.0504957 0.777007 0.11038 0.0731315 0.290137 0.482773 0.916623 0.244115 0.61225 0.53693 0.227486 0.536257 
0.156748 0.566045 0.960439 0.897132 0.477338 0.304832 0.611851 0.92425 0.205838 0.741244 0.323671 0.292562 0.908782 0.622484 0.783809 0.21165 0.657445 0.426954 0.663651 0.221425 0.8708 0.768054 0.592365 0.289359 0.698369 0.686521 0.392257 0.4883 0.737564 0.603406 
0.749934 0.687617 0.597344 0.87855 0.530793 0.854006 0.293047 0.0866865 0.145089 0.582132 0.190259 0.54785 0.26024 0.79115 0.73536 0.958866 0.31403 0.491214 0.247181 0.75633 0.359297 0.933155 0.676245 0.278481 0.0169479 0.427498 0.146354 0.422577 0.710994 0.328581 
0.508391 0.642505 0.286892 0.507863 0.818709 0.858469 0.58266 0.12892 0.122535 0.375454 0.139824 0.543204 0.602724 0.0196267 0.435823 0.744046 0.953316 0.64576 0.510115 0.927245 0.482571 0.027086 0.086382 0.169212 0.391405 0.582978 0.512771 0.0505398 0.317903 0.895467 
0.153573 0.483973 0.252056 0.289597 0.146624 0.375861 0.870894 0.339773 0.0730366 0.86231 0.376317 0.11513 0.192286 0.195375 0.649532 0.14264 0.340732 0.660465 0.243663 0.427849 0.720128 0.643068 0.0901493 0.615988 0.74572 0.943594 0.157419 0.155331 0.942313 0.98603 
0.22818 0.394231 0.667705 0.196352 0.317349 0.206178 0.911105 0.971381 0.195774 0.108974 0.450281 0.170843 0.382798 0.546326 0.0855407 0.880032 0.752794 0.232986 0.0318091 0.344376 0.601064 0.151852 0.2031 0.536982 0.785503 0.712549 0.13488 0.759094 0.293309 0.113046 
0.188974 0.32792 0.1748 0.242419 0.460265 0.968551 0.012293 0.628657 0.25316 0.470586 0.547485 0.492712 0.862888 0.578112 0.384601 0.479471 0.815586 0.498073 0.678343 0.0826231 0.704058 0.769955 0.979724 0.0770341 0.221237 0.0943393 0.789089 0.52382 0.604487 0.805769 
0.6755 0.292295 0.49847 0.818795 0.844604 0.800816 0.385736 0.35055 0.357034 0.119484 0.206593 0.308371 0.925934 0.704779 0.931858 0.227716 0.495154 0.358414 0.395541 0.6998 0.2314 0.298422 0.824801 0.422993 0.476924 0.305847 0.507152 0.939056 0.088157 0.372125 
0.352651 0.887583 0.795644 0.49034 0.0597758 0.0984905 0.383603 0.355337 0.690447 0.566539 0.974798 0.87721 0.872632 0.837983 0.496194 0.538495 0.691858 0.428776 0.736565 0.544099 0.473828 0.887048 0.435695 0.285951 0.986315 0.444212 0.971205 0.899826 0.496674 0.68642 
0.197998 0.202412 0.604968 0.297141 0.623296 0.576987 0.954149 0.484811 0.187152 0.521705 0.69057 0.200208 0.840795 0.379399 0.715573 0.941827 0.800241 0.704604 0.544073 0.570154 0.684528 0.432636 0.40525 0.888782 0.0273887 0.372119 0.425802 0.923896 0.0738214 0.687132 
0.965735 0.240279 0.594548 0.276992 0.50895 0.275158 0.231642 0.441821 0.021759 0.573062 0.0669065 0.966454 0.285157 0.228803 0.932291 0.617991 0.78917 0.98788 0.581358 0.141253 0.297933 0.777521 0.773269 0.362284 0.280776 0.232144 0.70052 0.246706 0.428906 0.492062 
0.889831 0.0726293 0.336469 0.290969 0.778382 0.659741 0.25206 0.651607 0.00227071 0.487702 0.548727 0.926054 0.641617 0.739287 0.315402 0.39914 0.713907 0.905879 0.660414 0.880099 0.0175836 0.514877 0.144129 0.97933 0.896783 0.869935 0.558181 0.774128 0.376451 0.0833572 
0.50723 0.621101 0.62865 0.530011 0.375126 0.915864 0.163326 0.107851 0.775074 0.591078 0.436959 0.478799 0.75609 0.869167 0.742302 0.465098 0.195009 0.0553499 0.253127 0.105028 0.638479 0.731186 0.871665 0.162916 0.269349 0.0624266 0.599669 0.693643 0.836094 0.0997848 
0.88618 0.164296 0.946817 0.109636 0.755737 0.816192 0.689202 0.660118 0.119102 0.76746 0.341429 0.70981 0.221819 0.409157 0.544815 0.0283187 0.706373 0.0642416 0.793017 0.803299 0.105101 0.107625 0.921793 0.617943 0.838899 0.204001 0.731939 0.623622 0.0642279 0.907647 
0.298079 0.717522 0.319271 0.903212 0.60975 0.391584 0.406354 0.395081 0.396142 0.139927 0.632028 0.905297 0.559757 0.840078 0.674034 0.989973 0.405686 0.939511 0.293217 0.392587 0.513317 0.788698 0.44062 0.436376 0.400976 0.372703 0.830294 0.356903 0.234261 0.916116 
0.914652 0.132406 0.0131921 0.113425 0.670969 0.939391 0.802673 0.650973 0.439997 0.15658 0.760306 0.327266 0.719004 0.37627 0.908684 0.762146 0.316129 0.335726 0.26329 0.136151 0.0179404 0.217422 0.805792 0.277181 0.100713 0.190715 0.348756 0.83797 0.683953 0.8267 
0.536421 0.559206 0.576647 0.567434 0.322939 0.690338 0.80215 0.722685 0.964993 0.5908 0.857018 0.873091 0.101683 0.085532 0.0778322 0.625219 0.601096 0.0269588 0.987776 0.807042 0.56793 0.193889 0.856543 0.16054 0.509382 0.331878 0.615032 0.342866 0.925148 0.698517 
0.197109 0.00651707 0.420706 0.515841 0.822 0.581807 0.398946 0.596707 0.120197 0.645509 0.742592 0.977962 0.976896 0.029569 0.0702302 0.408443 0.25943 0.494226 0.913543 0.480751 0.139534 0.718354 0.311404 0.601729 0.066173 0.897324 0.605736 0.128652 0.094922 0.303242 
0.95357 0.0976606 0.161283 0.965005 0.580157 0.960123 0.153637 0.879754 0.474381 0.491794 0.326124 0.153302 0.449124 0.0345382 0.436898 0.8392 0.616742 0.0453056 0.793521 0.919543 0.442549 0.426254 0.440907 0.209205 0.00444756 0.880393 0.09879 0.505489 0.160703 0.993125 
0.164051 0.0621278 0.755407 0.825815 0.998182 0.0190965 0.155307 0.194106 0.717357 0.822935 0.364421 0.0618894 0.883579 0.420957 0.255547 0.773562 0.110626 0.390933 0.969248 0.411985 0.967692 0.894188 0.515286 0.0434321 0.437495 0.726784 0.016052 0.207315 0.399856 0.535243 
0.425936 0.52118 0.94037 0.216072 0.0325679 0.162055 0.839522 0.793295 0.797567 0.0739315 0.200727 0.724917 0.505786 0.132089 0.104594 0.349936 0.896392 0.657546 0.577853 0.299592 0.940792 0.591347 0.711402 0.0828399 0.665006 0.561771 0.222412 0.806351 0.336719 0.868245 
0.929247 0.321103 0.0135113 0.958981 0.36481 0.41854 0.882953 0.517584 0.0552114 0.587619 0.996151 0.273212 0.40071 0.98468 0.173346 0.0874764 0.846881 0.943665 0.936181 0.687048 0.974887 0.741648 0.0667701 0.866412 0.278578 0.922657 0.65611 0.518812 0.416084 0.467434 
0.618256 0.0488146 0.0174682 0.6686 0.431862 0.130105 0.243719 0.699054 0.179984 0.0972847 0.178324 0.444874 0.211147 0.768029 0.697073 0.377007 0.891393 0.30056 0.614543 0.333786 0.720398 0.517317 0.107699 0.0150034 0.43471 0.201965 0.182183 0.210292 0.503413 0.704523 
0.229019 0.429166 0.014479 0.411898 0.318266 0.267502 0.093902 0.822831 0.532101 0.702406 0.360797 0.315503 0.988301 0.183071 0.209368 0.869334 0.15137 0.83171 0.878014 0.923945 0.595124 0.870716 0.420922 0.306485 0.717155 0.644251 0.691945 0.144781 0.824412 0.937764 
1.02841 0.947233 0.979202 1.01663 0.599465 0.769079 0.99586 0.630142 1.18336 0.988384 0.569663 0.28041 0.146058 0.291797 0.684284 0.79384 0.570125 1.56948 1.13067 0.448968 1.16484 0.457134 0.401076 1.3306 0.69937 0.987999 0.505853 0.72318 0.955961 0.579084 
1.33153 0.457729 1.09704 0.763469 1.05613 0.544318 0.668118 1.35254 0.728581 1.02262 1.11299 1.34666 1.19926 0.0606557 1.00355 0.872918 0.399013 1.12267 0.361764 1.08712 1.40612 0.902185 0.183389 0.942392 1.10547 1.44153 1.34389 0.331966 0.514467 1.67087 
0.228884 0.885015 0.113402 0.976046 0.318957 0.256186 0.821919 0.422979 0.626202 0.321652 0.551751 0.684482 0.522918 0.62136 0.20676 1.06404 0.991625 0.576432 0.923664 0.243009 0.491194 0.530044 0.171632 0.29422 0.79118 0.982099 0.437448 0.795942 0.791262 0.139129 
0.726595 0.742066 0.255199 0.0107833 0.127248 0.911779 0.531132 0.563167 0.00087534 0.549522 0.623408 0.0894794 0.939051 0.348353 0.0787613 0.31729 0.968157 0.115654 0.372297 0.822248 0.0796116 0.837067 0.864953 0.430279 0.956358 0.224816 0.5748 0.823583 0.872294 0.462384 
0.523983 0.474221 0.744262 0.0490409 0.927088 0.9101 0.737556 0.765838 0.723105 0.164993 0.564464 0.386384 0.760787 0.888237 0.494468 0.364307 0.377985 0.582887 0.865269 0.58974 0.00707253 0.77915 0.307675 0.731622 0.983663 0.920925 0.370094 0.430243 0.40464 0.0106748 
0.33153 0.592202 1.28537 0.650743 0.602134 1.09846 0.22382 1.13314 0.567278 0.490393 1.44954 0.437778 1.04038 1.39318 0.90408 1.06464 1.04172 0.652913 0.52144 1.16582 0.81429 0.690483 1.23916 1.13387 1.28459 1.48278 1.39379 0.270671 0.692995 1.13158 
0.959356 0.488523 0.741809 0.415633 0.560129 0.628948 0.924694 0.322344 1.13195 1.14494 0.151162 0.569341 1.17029 0.742202 0.730242 1.11999 0.19726 0.975904 0.12734 1.15368 0.620269 0.815742 0.805544 0.561012 0.2859 0.975013 0.424471 0.0456356 1.29149 0.42149 
0.292718 0.0858274 0.486069 0.661741 1.06131 1.16914 0.470321 0.350191 0.908749 1.08771 1.32279 0.874711 0.805467 0.849322 0.95293 1.04203 0.961965 1.03022 0.360505 1.16677 0.361886 0.385327 0.759999 0.653238 0.582956 1.05853 0.457614 0.791845 0.55534 0.478001 
0.361206 0.545255 1.12936 0.763135 0.544577 0.848568 0.248646 0.967274 0.520436 0.214053 0.284892 1.16232 1.36251 0.710017 0.675464 1.04668 0.703189 0.949631 1.00794 1.20874 1.50853 0.622169 1.11198 0.452593 1.09497 0.68768 0.456491 0.538506 1.3215 1.1737 
0.897599 0.724346 0.203638 0.875629 0.809698 0.500025 0.43606 0.917843 0.372449 0.866291 0.428589 0.0307925 0.14395 0.593768 0.32742 0.614177 0.0331165 0.370032 0.300484 0.795859 0.621915 0.281286 0.638966 0.775275 0.646281 0.0182872 0.377184 0.665625 0.742426 0.817771 
0.672984 0.842491 0.192947 1.05424 0.230552 1.23584 0.86839 0.319083 0.305762 0.587632 0.62393 1.01844 0.883275 0.902198 0.68261 1.27626 0.384785 0.325417 0.700474 0.722366 0.840273 1.03294 1.04284 1.11528 0.732959 0.26757 0.559484 1.14873 1.153 0.730669 
0.46895 0.628434 0.386267 0.890265 0.84233 0.976205 0.56824 0.41747 0.851972 0.106087 0.916265 0.0991172 0.667549 0.536526 0.533656 0.128809 0.965073 0.260604 0.327376 0.457063 0.980829 0.514934 0.588991 0.542034 0.79828 0.738248 0.697056 0.162991 0.411431 0.615575 
0.783356 0.490728 0.826458 0.990806 0.71457 0.559696 0.931326 0.178414 0.746736 0.374908 0.977744 0.902148 0.0253905 0.384872 0.932662 0.608215 0.68441 0.687038 0.642856 0.565784 0.172075 0.539594 0.465497 0.147682 0.479365 0.0464971 0.325567 0.319569 0.663275 0.599679 
0.858019 0.363963 0.00860155 0.990933 0.914665 0.581797 0.859567 0.342059 0.967516 0.184176 0.027238 0.718475 0.630348 0.369492 0.462529 0.800177 0.300914 0.94201 0.93869 0.398007 0.644137 0.548597 0.560558 0.665972 0.508349 0.348033 0.798882 0.517322 0.161021 0.626046 
0.675825 0.257736 0.479003 1.29933 0.819369 0.547888 1.05991 0.7568 0.531289 0.552996 1.29982 1.29092 0.667291 0.335572 0.870466 0.882367 0.735129 1.0791 0.935827 1.31056 1.50291 0.672625 0.950229 0.456947 0.36533 0.455271 1.18971 1.08652 0.73236 0.77724 
0.69422 0.446471 0.638674 0.773111 0.229545 0.505948 0.281457 0.784595 0.66122 0.824256 0.614822 0.643768 0.600637 0.276881 0.700623 0.66359 0.017928 0.355904 0.234073 0.131161 0.7375 0.061122 0.171762 0.645023 0.919172 0.945701 0.597872 0.305515 0.238362 0.444707 
0.772313 1.10207 0.956767 0.834276 1.32209 0.664634 0.983981 0.429431 1.5285 1.05026 0.522952 1.1452 1.17801 1.62854 0.750876 1.35305 1.45823 1.50648 0.925373 0.664374 1.59783 0.761751 1.05318 1.58637 0.82582 0.418473 1.60998 0.88373 0.955164 0.886106 
0.710335 0.432024 0.831489 0.211581 0.905875 0.0908734 0.797551 0.25176 0.254652 0.122648 0.660707 0.161015 0.884568 0.329954 0.310903 0.224014 0.109452 0.805531 0.559193 0.954364 0.940263 0.747982 0.911496 0.26004 0.63195 0.667851 0.998678 0.58759 0.616381 0.870429 
1.32386 1.27488 1.14574 0.612659 0.441481 0.827135 0.395594 1.41323 1.06302 1.32042 1.32717 1.08716 1.5791 0.713654 0.815798 0.609267 1.18095 0.563803 0.45081 0.387563 1.45784 0.355667 1.14571 0.176352 0.777243 1.16071 1.18871 0.731744 0.890851 0.914091 
0.703508 1.40702 0.765135 1.21256 0.355726 0.910688 0.7102 0.478097 1.09855 1.27668 1.36639 0.542258 1.65714 1.09792 1.48575 0.782347 0.667946 0.89544 0.277657 0.765332 0.93639 0.756338 1.1305 0.341062 0.85597 0.739818 0.999221 0.901366 1.5875 0.191501 
0.398611 1.30558 1.34596 1.16161 1.50983 0.929694 0.799478 0.87283 0.758864 0.312773 1.34482 1.32162 0.441289 0.933593 0.888142 1.32595 0.728006 0.7125 1.25644 0.987742 0.939991 1.50613 1.00378 1.19439 1.37799 1.20428 0.523476 0.569352 0.477531 0.215457 
0.745646 0.644134 0.925757 0.530764 0.476983 0.222982 0.702153 0.472931 0.676004 0.277958 0.225651 0.140195 0.179695 0.0725644 0.748418 0.745767 0.425032 0.990552 0.416089 0.258424 0.738764 0.378281 0.275298 0.600458 0.282861 0.0790355 0.531322 0.713724 0.277488 0.519325 
0.716797 1.33274 1.44991 0.544271 1.23499 1.26061 1.21029 1.14566 0.809016 0.940846 0.476196 1.00745 1.25553 1.01458 0.461892 1.07452 1.39246 0.831297 1.30462 1.19756 0.942714 1.27364 0.214613 0.678268 1.08779 0.253945 0.768346 1.34145 0.723599 0.23396 
0.609411 0.601591 0.374073 0.118531 0.789783 0.412673 1.11384 1.71573 0.499545 1.5253 0.671609 0.724622 0.639908 0.717138 0.593448 1.42383 0.998589 0.602326 0.729747 0.877442 1.26379 1.17541 0.214509 1.06659 0.827511 1.13525 0.653023 0.870385 0.269436 0.856869 
0.633198 0.0581876 0.966543 0.743813 0.855106 0.978041 0.00261811 0.179611 0.36776 0.709052 0.645869 0.4576 0.563204 0.877649 0.615065 0.499647 0.371263 0.179854 0.728161 0.603795 0.482431 0.276865 0.574971 0.862051 0.85529 0.849004 0.315288 0.113192 0.444019 0.185656 
0.333074 0.584418 0.530141 0.693903 1.29699 0.618352 0.772444 0.515803 0.715324 0.899238 1.25426 0.505934 0.601118 1.04313 0.307692 0.75283 0.968749 0.689719 0.859265 1.07341 0.410937 0.966182 0.518577 0.343749 1.23124 0.57141 0.319586 1.15868 0.366428 0.921658 
0.849708 0.321431 0.983658 0.187071 0.788974 0.421707 0.355513 0.950573 0.834536 0.996128 0.712536 0.613793 0.728845 0.93096 0.571961 0.636076 0.736047 0.0572007 0.277184 0.104658 0.835504 0.785853 0.139078 0.430234 0.138334 0.0342437 0.347109 0.635312 0.55195 0.0749554 
0.297003 0.907763 0.779165 0.167437 0.672081 0.451512 0.48931 0.486917 0.555945 0.237442 0.450419 0.399876 0.983705 0.151037 0.25935 0.394795 0.791494 0.714663 0.332815 0.525642 0.378697 0.657013 0.447156 0.130336 0.14396 0.743868 0.539403 0.319748 0.188796 0.424586 
0.841307 0.844316 0.125051 0.344793 0.130022 0.191203 0.907519 0.797968 0.82837 0.403882 0.14671 0.705073 0.320387 0.0580789 0.0997959 0.151847 0.959689 0.206208 0.0767699 0.549349 0.276945 0.619031 0.121718 0.795607 0.990076 0.0365049 0.433059 0.328888 0.0798425 0.339805 
0.680567 0.435543 0.684084 0.716025 0.593171 0.323919 0.190283 0.99003 0.266041 0.681416 0.199201 0.494886 0.988022 0.926122 0.977595 1.01003 0.803938 0.0803802 0.0754691 0.550715 0.563291 0.853503 0.319489 0.853658 0.907899 0.494462 0.618486 0.969399 0.473289 0.532646 
0.96608 0.204796 0.381606 1.42774 0.912498 1.43985 0.946456 0.881708 0.691019 0.425265 1.22347 0.890011 0.914374 0.916842 0.753979 0.81842 1.21841 0.423564 1.38136 1.63308 1.23017 1.11061 1.04155 1.02457 0.117025 1.29269 0.302264 0.767999 0.592863 1.39645 
0.207216 0.497165 0.398813 0.259377 0.278315 0.218569 0.237012 0.262415 0.519284 0.0716417 0.409952 0.53238 0.984951 0.557199 0.837996 0.0923314 0.0725042 0.24757 0.149293 0.785414 0.340081 0.174772 0.907931 0.53319 0.23914 0.461738 0.607825 0.401535 0.704226 0.42402 
1.07106 1.30837 1.51587 1.21857 1.02914 0.763105 0.474708 0.773486 1.11929 0.739609 1.46076 0.393472 1.05896 0.225532 0.425502 0.937973 0.659413 1.10324 0.507591 1.0142 0.482298 0.940603 0.7198 0.550162 0.300954 1.26416 0.832697 1.11143 0.989625 0.783713 
0.426702 0.706314 0.925802 0.182831 0.341369 0.0435643 0.125596 0.105895 0.564803 0.741263 0.650136 0.555684 0.0599426 0.681921 0.0985097 0.370536 0.531061 0.00459144 0.491708 0.807515 0.680199 0.380528 0.188059 0.269296 0.973046 0.0629223 0.791285 0.268658 0.345162 0.36461 
0.836892 0.432965 0.719838 0.0333281 0.208471 0.853264 0.57411 0.288131 0.766131 0.214383 0.0574834 0.167982 0.687133 0.827192 0.317642 0.117857 0.50883 0.251624 0.546079 0.461496 0.464141 0.0441766 0.944797 0.80657 0.485996 0.655512 0.510423 0.967846 0.125279 0.403465 
0.837068 1.3914 0.253574 0.706412 0.993793 0.456847 1.6567 0.793049 1.60557 0.843437 0.866073 0.608286 0.455488 0.766342 0.739413 1.17008 0.749436 0.521032 0.677948 1.1754 0.372842 0.393568 0.873835 1.10418 1.05008 0.403297 1.20124 1.39285 1.35455 0.807954 
1.33819 0.697752 1.20217 0.888112 0.70773 1.23831 0.625527 1.48052 0.835801 1.31591 0.97198 0.807739 0.942739 0.201294 0.723422 1.2123 1.30803 1.21152 0.886825 1.52984 0.730157 0.803255 1.07171 0.196163 0.487413 1.16236 1.03213 0.898884 1.17352 0.978868 
0.434698 0.149534 1.14989 0.778783 0.88944 0.966347 1.76257 0.217571 0.728132 0.923982 0.911492 1.71497 0.51698 0.883204 1.19429 0.921543 0.686435 1.32466 1.38325 0.1476 1.18878 0.702464 0.728491 0.712841 0.547819 0.900073 1.55942 0.935978 1.72063 0.983154 
0.461451 0.468101 0.894992 0.920508 0.0510693 0.896641 0.629032 0.996292 0.0355705 0.719534 0.0109536 0.502721 0.772765 0.860103 0.0377518 0.864226 0.356418 0.0526319 0.211069 0.696112 0.860221 0.527038 0.27413 0.523133 0.859577 0.569797 0.113575 0.880248 0.0942062 0.847401 
0.963316 0.33365 0.42456 0.561118 0.736301 0.656901 1.25497 1.0917 0.626423 1.08618 0.737591 0.397793 0.546765 1.45515 0.793114 1.06851 0.251062 0.520816 0.805373 1.47289 0.820371 1.12722 0.932197 0.727709 0.372817 1.03671 0.655671 0.115367 0.435617 1.45603 
0.405901 0.509084 0.139681 0.874237 0.304177 0.326348 0.669701 0.967638 0.104819 0.37175 1.1405 0.138443 0.305246 0.931443 0.645441 0.770853 0.98637 0.767371 1.06589 0.924313 1.17132 0.584091 1.0046 0.800771 0.191985 0.665405 0.230337 0.976579 0.625288 0.889491 
0.876666 0.570537 0.474085 0.565946 0.400528 0.682855 0.78998 0.137268 0.923623 0.124805 0.713036 0.648113 0.0541424 0.0460504 0.180028 0.125176 0.384517 0.309276 0.649831 0.114186 0.70636 0.166742 0.205553 0.363549 0.701184 0.329518 0.980072 0.970461 0.265275 0.207612 
1.21455 1.48925 2.30994 1.26124 1.14279 1.80456 2.19119 1.5161 1.38356 2.27658 1.54271 1.3033 0.532367 1.09895 1.71737 1.25117 1.51888 2.00654 1.56318 2.55244 2.25018 1.02105 1.50683 1.10274 1.13391 1.65527 2.33572 1.3383 1.12651 1.98898 
0.0283175 0.99633 0.0827577 0.737832 0.374235 0.424962 0.943612 0.156754 0.677541 0.307988 0.890651 0.643425 0.711772 0.403861 0.454686 0.608834 0.398613 0.477718 0.0242451 0.671683 0.869205 0.965502 0.44263 0.890853 0.497232 0.541978 0.478736 0.691692 0.60045 0.95601 
0.348304 0.0026295 0.384321 0.0468875 0.559352 0.9987 0.0167229 0.0723828 0.616365 0.870529 0.209835 0.433239 0.774778 0.955863 0.428477 0.0162359 0.697846 0.671544 0.257931 0.866987 0.638457 0.905014 0.733939 0.0342446 0.273228 0.779072 0.255441 0.108378 0.821378 0.256074 
1.11272 0.565823 0.977645 0.0952543 1.47132 0.682164 1.30824 0.913937 0.671498 1.45946 0.306723 0.920305 0.728685 1.07364 0.593074 0.22985 1.10916 0.58898 0.949786 1.05107 0.29888 0.682427 1.16883 1.06599 1.10495 0.991928 1.13186 1.10791 0.951071 1.4267 
0.990848 0.016994 0.786878 0.368032 0.273797 0.326895 0.200049 0.768329 0.925673 0.0914145 0.244586 0.180459 0.150433 0.871083 0.924298 0.700119 0.760014 0.985698 0.274271 0.236759 0.667572 0.615218 0.128499 0.725149 0.567579 0.622837 0.682605 0.576552 0.91151 0.412027 
1.04733 1.55225 0.93694 1.29096 0.896312 0.62632 0.998303 0.150206 0.916168 0.296432 1.55063 0.317155 0.8133 0.682185 1.00965 0.52659 1.04828 0.888978 1.16856 1.24774 1.1735 0.779793 0.600933 0.448868 1.29409 1.11611 0.97238 1.21532 0.45746 1.07207 
0.936222 0.355608 0.727262 0.147644 0.6424 0.318571 0.638497 0.480787 0.196833 0.0342365 0.0145587 0.0694584 0.562338 0.95492 0.0388492 0.446348 0.326226 0.550756 0.29926 0.999298 0.410073 0.532486 0.908267 0.558541 0.795442 0.343171 0.742426 0.0580416 0.644476 0.411428 
0.765884 0.294173 0.357634 0.935439 0.219895 0.686224 0.0652747 0.621381 0.036605 0.979866 0.390998 0.519462 0.0209447 0.146309 0.0134521 0.570175 0.751321 0.112494 0.604834 0.496835 0.280769 0.719036 0.897741 0.352835 0.529924 0.672186 0.319415 0.896393 0.767745 0.0757922 
0.369208 0.11797 0.598493 0.626881 0.223447 0.213622 0.177223 0.29543 0.985888 0.297718 1.05375 0.775112 0.730413 0.319052 0.304692 0.43016 0.933952 0.794979 0.948026 0.133447 0.778371 0.953426 1.03152 0.920575 0.305899 0.568076 0.630089 0.874666 0.134756 1.11281 
1.10432 1.56217 1.4029 1.30283 1.40884 1.65956 1.43 0.41336 1.61954 1.17072 0.678449 0.904121 0.808126 1.1647 1.13138 1.40379 1.29409 1.7052 0.575139 0.255012 0.830215 1.40348 0.551221 1.21054 0.928297 0.805995 1.6044 1.50651 0.162436 0.985838 
1.62376 1.44933 1.63971 2.01075 1.96959 1.33452 1.40232 2.50264 1.21516 1.7388 1.58828 1.9436 0.932342 1.98371 1.67064 0.511172 1.68011 1.42421 1.97064 1.23261 1.41424 1.28659 1.09735 1.20918 1.63566 1.29152 2.07791 1.62483 1.06497 1.18235 
0.483584 0.225593 0.758356 0.813628 0.347874 0.91584 0.65383 0.809821 0.196922 0.495263 0.336714 0.0331507 0.222936 0.0029644 0.989125 0.369958 0.290293 0.129338 0.0628154 0.962966 0.867231 0.618963 0.0683734 0.0605604 0.773197 0.652844 0.778245 0.880399 0.0738748 0.0791084 
1.45778 0.767131 0.616361 0.466724 0.416621 0.869882 0.356341 0.433622 0.686769 0.639394 1.014 0.378448 0.428339 1.04367 0.630515 0.969353 0.3235 1.26704 0.93665 1.67248 0.858819 0.890361 0.674311 0.531558 1.03316 0.637989 0.765679 0.509566 1.14177 1.54464 
0.116174 0.783455 0.952261 0.198619 0.773284 0.575778 0.697258 0.483426 0.560416 0.166474 0.555287 0.516068 0.525804 0.792918 0.554375 0.234926 0.384663 0.804577 0.375354 0.27898 0.194959 0.625692 0.199786 0.12992 0.50631 0.741355 0.216416 0.237538 0.932031 0.991602 
0.800529 0.440925 0.91124 0.840948 0.849541 1.11584 0.81908 0.842959 0.520519 0.971127 0.884274 0.846331 1.21209 1.08717 1.28631 0.676219 1.25876 1.10704 0.357397 0.939627 1.18094 0.840116 0.528157 0.71045 1.29815 0.857353 0.412771 0.57037 1.05217 0.950782 
1.06763 0.619053 0.43074 1.12498 0.432624 0.82587 1.02515 0.482944 0.829152 0.376486 0.242144 0.560982 0.242214 0.829005 0.0117467 0.787747 0.935999 0.587239 0.695801 0.702343 0.913975 0.818185 0.620559 0.449359 0.430057 0.649357 0.691662 0.595255 0.861154 0.94903 
1.23442 1.19762 1.7412 1.45986 1.04505 1.56334 1.37723 1.04618 1.45314 0.920739 0.916527 1.40185 0.98261 1.68058 1.63678 0.83659 0.532718 0.499006 1.69053 0.55575 0.964242 1.28294 0.620068 0.968109 0.871509 1.17826 1.68164 0.854546 0.916412 1.41526 
