0.105916981894223 
0.170543339836722 
0.737994577171183 
0.655698528720592 
0.907925589524715 
0.679822385137988 
0.92420134820699 
0.440437977607249 
0.353968380003885 
0.89241885931562 
0.174171007903947 
0.713915233066771 
0.614689032616207 
0.555746435527495 
0.766095976989789 
0.290611257322034 
0.400666205216581 
0.69229508599102 
0.375087773030872 
0.474799270787533 
0.433075253373233 
0.333530313049358 
0.972380527223588 
0.286505208705206 
0.307590384825353 
0.748430532225661 
0.28920022607205 
0.230781473137549 
0.420996636974112 
0.992179174838651 
0.48868844372303 
0.94390169448485 
0.702115649919052 
0.217823882212922 
0.0616141756121169 
0.297645845973803 
0.949557941312163 
0.74300688750338 
0.421735622006386 
0.339446330798398 
0.388222400563549 
0.033555957462817 
0.424449466393082 
0.0316685249303818 
0.346453269344097 
0.944290836549841 
0.948640136717427 
0.948561072384328 
0.167816615411022 
0.544089567075577 
0.0929363134953866 
0.953948490874097 
0.11973509602564 
0.0651286339558641 
0.473828411903776 
0.856486619961317 
0.382640563353954 
0.526616664597732 
0.907625639450689 
0.692396788776111 
0.919523470862003 
0.85062490105354 
0.419354597279749 
0.0877967232121254 
0.693542609656941 
0.298110532833314 
0.21566837300966 
0.219452464207243 
0.574456927619892 
0.399997909474596 
0.0400255593416936 
0.765989395846821 
0.159118594659295 
0.726835126661479 
0.595034873227128 
0.237355480608916 
0.358203922560118 
0.431960728086861 
0.402707748165777 
0.436228505028848 
0.508445958784783 
0.401682077652058 
0.0827780439863034 
0.921627637316946 
0.585792777454248 
0.625442937903259 
0.642959832509968 
0.32228984216502 
0.839154520720738 
0.894386030922719 
0.666002243561965 
0.581773831683618 
0.268708825637987 
0.844537168104176 
0.211732625505682 
0.686118967159988 
0.12930037482775 
0.650457153689446 
0.855395799406313 
0.688888511010597 
0.711966727268358 
0.10420314257293 
0.874889565186719 
0.547061525228362 
0.897122899741175 
0.420657926328246 
0.830380346975778 
0.846548699916656 
0.34104828775542 
0.57059941394635 
0.485375316755965 
0.806396955398818 
0.0379288376305086 
0.570394711522348 
0.457219511664578 
0.109502257472291 
0.64725783886074 
0.339252678760113 
0.539041248833656 
0.206870696899916 
0.23208365973245 
0.248859864149626 
0.189418863135312 
0.893416989095972 
0.560458543838711 
0.970966657353145 
0.669462319158632 
0.999313988036931 
0.937436162102659 
0.480596481726657 
0.498121469101493 
0.497360222142428 
0.12602208483334 
0.785106112143592 
0.615031976761909 
0.0963655783019535 
0.248853934852696 
0.425111853589383 
0.112182247583658 
0.4709739248261 
0.625791292613363 
0.405231014869405 
0.447376480546257 
0.288803294096878 
0.207469237827551 
0.80137169596287 
0.76990056178612 
0.383161719438922 
0.389720216728511 
0.0281669207611367 
0.971376172275916 
0.0276758499639624 
0.51740665045416 
0.853682222189005 
0.831251285091102 
0.383378226667514 
0.114712621976837 
0.948920231238615 
0.682625401191682 
0.64569377490459 
0.696868663433659 
0.324334736396183 
0.215535620584011 
0.235432264360851 
0.700421542610885 
0.996726184487654 
0.00421620052407883 
0.185795359290312 
0.696801764384432 
0.0192603168028044 
0.614537948675476 
0.653478166175889 
0.637374565043725 
0.292071163037991 
0.0346732690221784 
0.330465496722924 
0.953952191078153 
0.409348501632183 
0.81982000005074 
0.619869058839461 
0.353014105976814 
0.789839074931674 
0.142692170999729 
0.520846238547544 
0.432852917226717 
0.535125134144119 
0.447069818819016 
0.150625436895922 
0.916832520912348 
0.686175560113735 
0.297414157296785 
0.281904675022677 
0.905187992321334 
0.614771148288949 
0.132860474724996 
0.816243091462579 
0.437557455396418 
0.238241463611351 
0.30603022694708 
0.130847045617476 
0.96936866603037 
0.103416463802342 
0.856908112833641 
0.539973711901674 
0.165752755463937 
0.766992318733368 
0.290375455115194 
0.790163485458336 
0.358330800234143 
0.215490625423802 
0.67560219942857 
0.700487186678314 
0.841596289004253 
0.288763333629818 
0.993453240027964 
0.945191798770459 
0.531597490262344 
0.431999202976573 
0.414629627210743 
0.140322601672725 
0.654951996334204 
0.242409639681383 
0.903499480469839 
0.821006153557806 
0.930095399796162 
0.566197012528071 
0.168036240540764 
0.740071080762017 
0.965048148806385 
0.84358661134278 
0.524782878247384 
0.0560988017180087 
0.743603453423154 
0.200463307854808 
0.413313747700005 
0.345040514496824 
0.385429597994362 
0.435709020930249 
0.830939041028746 
0.941596790550153 
0.974090036511437 
0.234094741813735 
0.211455269104245 
0.343911724603069 
0.706965176934005 
0.777485900092307 
0.0312310908857954 
0.126608359264002 
0.0882508932792366 
0.819260165934476 
