0.454506707064816 
0.943738423283983 
0.142744787318446 
0.341086953200984 
0.711799149806388 
0.00522463270213152 
0.665195008907741 
0.0216774394306208 
0.354402688561446 
0.156181473469991 
0.495252909690592 
0.44010012435906 
0.19274599245203 
0.199259478087933 
0.523271794145407 
0.278575040802353 
0.45262689493918 
0.0381058566015213 
0.893471380007588 
1.07031956479642 
0.916782483036315 
0.885585578030343 
0.633050352851256 
1.2756742396711 
1.24052197483308 
1.13206088638388 
0.959481252836426 
0.557199922995588 
0.375455761444371 
0.412227273506177 
0.167304849303433 
0.810362161052457 
0.321892315596393 
1.35087419535482 
2.04619241514033 
0.336124868307903 
1.20332365007053 
1.67997674946307 
0.297595673447667 
1.74075199712411 
0.58538154192102 
2.19599218644977 
1.08253391394454 
0.774827904199084 
0.0144875505626592 
0.638752335934613 
1.7321967007793 
2.77315063349295 
1.08505779148638 
1.01698581533998 
