0.162121 0.461715 0.150225 0.175818 0.224342 0.182656 0.473003 0.138208 0.397943 0.490858 
0.981114 0.346285 0.230686 0.404172 0.0268254 0.258895 0.293211 0.0277589 0.628875 0.474402 
0.798391 0.21037 0.872218 0.567014 0.464735 0.69859 0.357912 0.414072 0.051889 0.227617 
0.695813 1.14193 0.492779 0.915002 0.658627 0.674286 1.05946 0.395504 0.940109 0.499041 
0.532705 0.170107 0.252122 0.832198 0.967803 0.638409 0.752812 0.626949 0.999281 0.907776 
8.03414e-05 0.867683 0.373049 0.0632801 0.22723 0.400707 0.536864 0.0793444 0.790268 0.688102 
0.900516 0.505142 0.664148 0.122668 0.514401 0.942582 0.882922 0.639575 0.53317 0.582778 
0.823236 1.48516 0.662681 0.481735 1.01718 0.893423 0.684464 1.48016 0.351946 1.51072 
0.116868 0.327295 0.399147 0.106426 0.698299 0.0763202 0.267299 0.132482 0.183083 0.773032 
0.0799099 0.7761 0.357476 0.456819 0.737677 0.246905 0.0964348 0.270713 0.630457 0.91639 
0.741898 0.390552 0.482602 0.331648 0.930247 0.164398 0.833706 0.495623 0.0707816 0.919997 
0.972586 0.868301 0.320617 0.56019 0.0209333 0.957335 0.675509 0.150587 0.637815 0.163815 
1.23392 1.36243 1.06919 1.04918 1.61139 0.361058 1.27217 0.724707 0.877947 1.39573 
0.710962 1.16135 0.304299 1.08217 1.27613 0.97308 1.45003 1.01801 1.80156 1.39928 
0.930831 0.782087 0.52839 0.321856 0.262189 0.13502 0.617901 0.484372 0.6579 0.579505 
0.215136 0.77737 0.687777 0.807982 0.785725 0.0344775 0.91942 0.244797 0.441127 0.953868 
0.713463 0.895469 0.332751 0.785775 0.470857 0.692332 1.1766 0.806393 0.395058 0.653055 
0.0562536 0.22315 0.351114 0.214274 0.167585 0.0446848 0.0210113 0.0925551 0.196817 0.348936 
0.539625 0.839968 0.922266 0.779788 0.898425 0.647176 1.21704 0.766777 0.711008 0.942711 
0.772862 0.734853 0.128952 0.620459 0.191057 0.249979 0.959134 0.0151862 0.527398 0.457545 
0.462034 0.518414 0.932422 0.565377 0.898682 0.437066 1.0638 0.994155 0.643583 0.947208 
1.11968 1.03263 0.614701 0.720495 0.797649 0.699632 0.463186 1.6815 1.17833 0.839828 
0.778521 0.573397 0.838051 0.683661 0.709281 0.915828 0.705573 0.945739 0.103618 0.0898642 
0.474501 0.293429 0.390447 0.728393 0.125309 0.182772 0.569882 0.433222 0.319006 0.443802 
0.0565356 0.763839 0.656471 0.724388 0.923518 0.647834 0.283464 0.689356 0.523421 0.373123 
0.928061 0.938914 0.588048 0.487969 1.08529 0.377452 1.03029 0.578004 0.440688 1.47515 
0.802473 0.956783 0.806467 0.834719 0.84201 0.965532 0.96098 0.308243 0.828839 0.49766 
1.26047 1.6215 1.47864 1.09398 1.34524 1.27145 1.26423 1.18111 1.59673 0.862309 
1.53381 1.92084 1.01394 1.28327 1.07853 1.43801 1.65466 1.61058 2.05812 0.427845 
1.14922 1.4511 0.708086 1.49402 1.72665 1.424 1.19402 0.464076 1.37152 1.69971 
1.12534 2.00244 0.940453 1.77285 1.6036 0.789521 0.772659 1.8096 1.1914 0.878424 
1.05741 1.04118 0.313988 1.39092 0.69589 1.21416 0.829958 1.09017 1.42481 0.566246 
0.353855 0.322945 0.0305162 0.967736 0.908073 0.0276052 0.970422 0.49032 0.349149 0.620636 
0.971852 1.61147 1.5302 0.808759 1.51509 1.12614 1.28135 0.652129 0.529568 0.943956 
0.699771 0.408731 0.435071 0.790384 0.769626 0.542676 0.51355 0.887315 0.905653 0.357326 
0.976545 1.8534 0.765617 1.72232 2.10905 1.36307 0.398171 1.77836 0.916973 1.4843 
0.81735 0.280125 0.169432 0.584305 0.377939 0.67441 0.527559 0.620604 0.276838 0.413157 
0.719791 0.184844 0.395779 0.426174 0.438883 0.537175 0.646779 0.649997 0.560852 0.407116 
0.168637 0.178579 0.262872 0.270563 0.127089 0.0186066 0.483541 0.459847 0.211116 0.378171 
0.944183 1.13146 0.439594 0.603784 0.365695 0.491716 0.623835 1.02272 0.321168 0.262396 
0.472516 0.603304 0.173565 0.641727 0.361504 0.390079 1.4601 0.872462 0.530022 0.88272 
1.56115 1.77275 1.10529 1.12997 0.718825 0.622007 0.817313 1.16124 1.41433 1.1248 
0.978242 0.926528 0.674128 0.703041 0.866874 0.273895 0.399059 0.636662 0.388927 0.814456 
0.63935 0.259697 0.800789 1.32864 0.762158 0.667901 1.06416 0.70957 1.61986 1.05419 
0.560745 0.946023 0.54637 0.475363 0.779022 0.200829 0.815634 1.02894 0.91656 0.474657 
1.38445 1.0436 0.586131 0.815989 1.3616 1.45183 1.10813 1.49607 0.919585 1.13199 
0.608984 1.21889 0.530771 0.701189 1.18826 0.920969 0.805438 1.03893 0.291796 1.04091 
0.960762 1.19451 0.724246 1.20763 1.37009 1.66006 1.057 1.08389 1.04923 0.94414 
1.19744 1.26201 0.583611 0.611532 1.37 0.555745 1.18945 0.86744 1.03405 1.16765 
1.06293 1.2261 0.919786 0.977604 1.06049 0.466292 1.25848 1.50753 0.707849 1.56431 
