0.365906552688184 0.957548580540113 0.0586592860596188 0.34893345819463 0.782077960283613 0.121676434618737 0.711001631092881 0.0871504484068212 0.408552618653367 0.146634474106436 0.777434220702885 0.605883184569615 0.936779979159876 0.429039622157226 0.739537486312647 0.564584977299307 0.899884938884604 0.761339652774253 0.581455323598709 0.453863364496981 0.753547756097896 0.297444917586901 0.445249119369312 0.333455140364253 0.544549328025648 0.722197843694625 0.396566131396101 0.448643123082485 0.609101528123334 0.569735053500561 
0.928031113876159 0.672868466468737 0.0120527764902691 0.62999047309837 0.917767079521183 0.564158344678264 0.837916155855113 0.3472039352689 0.145302293460366 0.227562270197205 0.406998507816558 0.123312679900771 0.841244226630801 0.424787968662383 0.656631554488193 0.871049311140923 0.551296116258806 0.704953412172155 0.0157728079405568 0.34515956178296 0.252871918745742 0.139826628285041 0.912614624932684 0.144822247581306 0.965011757168534 0.214427431639715 0.270590073046652 0.984225629529417 0.680837661642998 0.252033400780627 
0.565397515960591 0.140801375323198 0.920218648827322 0.322896314043947 0.369095740404646 0.351531784126162 0.186064521256432 0.277185799309082 0.0680877158286856 0.757231457744559 0.142936441641175 0.465246063608533 0.79770848229017 0.496585936829584 0.232019508426501 0.412354113163731 0.597128691254532 0.138103317895021 0.247706273218881 0.857607684274722 0.3049538422743 0.0217288094088835 0.0146421938595896 0.664075284272543 0.39742496119443 0.105243906698431 0.953500092993829 0.322114791226611 0.025129447898907 0.613459130134735 
0.253464631214429 0.457882339419513 0.20359964953698 0.553283826849634 0.66020602829865 0.729379391800682 0.967141390868409 0.763609335184936 0.307963411214894 0.367109585738921 0.64102323305325 0.286247675220583 0.556994984932637 0.324664502433893 0.178375780616522 0.228970886881542 0.392166048116576 0.900652045643502 0.898203599348642 0.0731207389235341 0.147787865913136 0.938954192976683 0.331170924613907 0.420678120492387 0.455367966057188 0.402565194251596 0.0847356164809576 0.95701094623995 0.606299942217898 0.648801318428004 
0.331881381462984 0.197048270481319 0.424691809194289 0.0818760017827593 0.373810323734036 0.652879237418749 0.246752301694358 0.0246616606076623 0.500908135617367 0.417899564094287 0.244085922258864 0.439583022984019 0.03406805566108 0.346711449656576 0.349981817457053 0.0224632222300124 0.416405525164038 0.334240305357827 0.112932749694756 0.760377307105593 0.596148556570894 0.183712588898788 0.27717479856082 0.166015855803952 0.267824971568204 0.836518504211358 0.210629936574766 0.0946087180654769 0.416544261243533 0.224888571238696 
0.402622614526522 0.831777576933465 0.149299065821979 0.488958236034424 0.00607865066001283 0.738473618037158 0.369246062252839 0.239890877238348 0.57071997267607 0.296918640969626 0.736800013620626 0.542982757154829 0.381923226730467 0.643674575977903 0.226177982089186 0.769583489453477 0.648924943054861 0.655606915162218 0.616666706082737 0.239768428109898 0.0128384002977522 0.0186275017073356 0.21944150163751 0.0602110362425062 0.0892461365730764 0.977507095507616 0.171657718280155 0.604742417286087 0.492320206476126 0.530346024923923 
0.152414247033692 0.844477533478099 0.353786658489648 0.513651996988444 0.344863130819052 0.076174987311624 0.68773793473318 0.450879485133188 0.261028952331944 0.600042435180955 0.247102580915163 0.640456601291461 0.807717219597043 0.11930672465821 0.463557949788807 0.296896838602944 0.275352905072105 0.268674772615192 0.773506309161526 0.423546210699399 0.858804722390499 0.916397658955423 0.0514233347273161 0.316833982136222 0.381327286231975 0.654292545717365 0.255754084004603 0.198566243754958 0.122406330870962 0.0546668695322938 
0.47248041158209 0.807037563301446 0.511036390889121 0.224965097159288 0.632842741671051 0.54749459223538 0.953072459306071 0.633658336401873 0.736987703708537 0.674960393466077 0.579879062878083 0.825559156993709 0.465290075688641 0.862184526906723 0.565492461436151 0.226245330035541 0.101480115149574 0.273866113325774 0.862595577558065 0.899849823144114 0.20584019467194 0.804389839120261 0.573366178688185 0.685614183550582 0.372517329403968 0.0237406605867242 0.195849454137394 0.470572113744238 0.903223693730834 0.402533692871283 
0.16705435330814 0.664698164385601 0.956549135720322 0.476382617341912 0.502608259764245 0.173292625118615 0.202994063356477 0.786961346039953 0.146305252326925 0.546000323278179 0.666973285441157 0.0592988257702764 0.312973604057297 0.160535374018416 0.872775869571926 0.999414341795024 0.340726215893329 0.268167898378048 0.878104283915972 0.673184041954033 0.341782505366034 0.404370501489144 0.0961309877466773 0.814041221370493 0.488898496972196 0.00985247020723894 0.848948316163686 0.788819210641994 0.0956292363026348 0.861776649663901 
0.255776801542676 0.466222541114724 0.170978058289652 0.476004859332208 0.181371478302687 0.908481532885379 0.577424634442784 0.294817005282367 0.0720956223884648 0.022111317015514 0.454814017148974 0.281582950774431 0.794831762408094 0.510844238062338 0.566361413903939 0.0833075378613477 0.78852349121781 0.462344358541303 0.200864795273168 0.206523025798652 0.34825687993195 0.466118620604277 0.724653914594477 0.981964701106247 0.919212829900103 0.871567332771232 0.797937058010657 0.0387745515227097 0.864621253507164 0.0937375111827909 
0.105623170379916 0.204327292523114 0.432477596940301 0.759167525305027 0.634589838873732 0.681524714371645 0.795628816522995 0.327186056343964 0.967361165691152 0.618645624941043 0.761166529286971 0.948739379431764 0.757457347626699 0.0985889314704779 0.860887445382738 0.971830404324051 0.464458913372091 0.0588542564346912 0.236961009530676 0.137719333541087 0.00140989044422128 0.986150924763518 0.524709421699487 0.609045018397235 0.334716146765841 0.721156010449505 0.648189363835389 0.991829434395808 0.845180912241163 0.349618614717451 
0.466255043401138 0.849411451755609 0.163664096014301 0.689991343955298 0.897872057724681 0.321460773837393 0.308871808579588 0.269138785222865 0.396308128105403 0.93045684494227 0.306386006611402 0.231488424291788 0.544653229966316 0.542050366076222 0.358250635695211 0.617256790024418 0.992433287647197 0.476845194738114 0.271699996610837 0.906255828567982 0.866222527618892 0.614219334517187 0.650497453054423 0.405156341654938 0.46082771636821 0.527682268684162 0.140894767554738 0.882641642511005 0.422513966650788 0.67125867134512 
0.662903032004892 0.639939274732988 0.385267778335994 0.618245768911325 0.666166461278608 0.0922147032988401 0.732216162687709 0.481272331265823 0.455127299825953 0.18479159325879 0.357206406024309 0.22989816309708 0.140209179922923 0.389981407807831 0.627361246772312 0.636231265571854 0.69234628212776 0.50962474843853 0.306246281962203 0.477608048347082 0.899989537152427 0.131059426307673 0.600885531009189 0.0313256635702752 0.827984331070038 0.211576221718555 0.19832341333934 0.585802800463258 0.790561309065042 0.324719878923911 
0.495931225718454 0.845819285602999 0.99787510895453 0.751627461017817 0.995085922727806 0.400315329185537 0.856921690599779 0.927958683642042 0.489829206269722 0.510038328274703 0.904643904348997 0.100796968899858 0.577313718222703 0.0706146371296972 0.680567035523858 0.745873092001708 0.00519238113862457 0.26575719707315 0.962601074224086 0.633175766843555 0.929416737422369 0.852597185941544 0.0989552041460761 0.802752198457414 0.776592202687068 0.212809479144776 0.127868062127552 0.35493056434715 0.109328337758128 0.605511107592984 
0.147115192285736 0.439694619163246 0.958930912933246 0.967902787171733 0.266641988182965 0.423414266378837 0.186580641352215 0.550786377563322 0.107590014144884 0.779152699155803 0.860036749362129 0.462092252091154 0.961202311239829 0.910258831238215 0.595083061176766 0.625767990736202 0.903529938749208 0.138711745141741 0.439493625639328 0.972647219840687 0.370002725245207 0.182966476337757 0.147677212412975 0.26614822555972 0.24496896093573 0.543784112195666 0.459912617807528 0.471870860712181 0.24320346381295 0.617119849623281 
0.965439956241452 0.00807098340472872 0.182439822747678 0.675726942005954 0.951665864622177 0.873970214780619 0.727338787355034 0.651944238694399 0.114953158389288 0.263507645626222 0.109296249812396 0.520309339264996 0.630936083224085 0.28886463386336 0.977699827371821 0.422516118767975 0.851230683663275 0.301368448785438 0.206356460613006 0.162477152612448 0.910314020461955 0.963166129963302 0.725374922195666 0.194157366372985 0.0735278198048706 0.258512179395792 0.0769759214811561 0.00094850072531576 0.580133883441814 0.890502251055329 
0.556866490939995 0.113793109631911 0.230255091442516 0.960582623954953 0.765892932676374 0.414480638921997 0.319392078731224 0.748505787517215 0.700045772756992 0.921421490402026 0.0985517236760281 0.510138679589605 0.937211604795479 0.209275334533779 0.189188445899541 0.450974423488678 0.000908539490432059 0.217853322066846 0.173554063214178 0.00387380498662109 0.32185676643745 0.28522371294731 0.00716910386057183 0.117021895489661 0.607362960056091 0.261056017289129 0.401396568617144 0.0620738004260828 0.0871660965977911 0.224068049632329 
0.823846146447134 0.52020794575716 0.980786362693142 0.301026616621257 0.414394186803537 0.373012526239766 0.852834461973066 0.0816291157942244 0.939143836874961 0.626404226673373 0.921029759395924 0.158167459408625 0.875032004570346 0.80943834235245 0.499740722357685 0.144746160213201 0.88730319214025 0.879271681305487 0.11063668258312 0.620244083036345 0.797041150779702 0.80546298499892 0.512940911581746 0.929831683627 0.523682522855448 0.701924826246062 0.707619614424106 0.599164322689253 0.512998793964894 0.868861047373725 
0.510467936897308 0.959399827816724 0.871456397348701 0.892569229713186 0.364929887755019 0.094115510845694 0.184299071262132 0.268776352569938 0.178452155311785 0.551908039712576 0.811712707384916 0.154305539422284 0.330279396326996 0.295112381582146 0.364697060082532 0.496340865806841 0.747716383567092 0.711317697842816 0.994957156111763 0.460265862219099 0.58988808980618 0.219148239560899 0.0831351974656008 0.771397272544525 0.899733504709367 0.373615000989414 0.254455875466276 0.514401908317633 0.0681570386077538 0.0211938857206481 
0.305554753491549 0.813763530470869 0.680946882035702 1.42671565614639 0.999915358267614 0.560165160152577 1.17255410925946 0.0721871871523358 0.578477400871887 1.06721445558906 0.547802280519626 0.903570294788839 0.722434594875232 1.38421462649753 0.675162525891745 0.887005651299121 0.967445119266516 0.547887287209841 1.43688719496841 0.355458257899261 0.601212380658455 0.405485634030317 0.482819949331799 0.308173170956223 0.599006924161168 0.761251950423071 1.08420122165055 0.927344597951026 0.800483802137754 0.599164776405352 
0.5840959629719 0.952452849354704 0.912707474399889 0.687038418102676 0.34295424778556 0.701651015224784 0.323233234008711 0.307164501278985 0.0620301674316142 0.518987528384422 0.285556583388081 0.90414028444266 0.26738913636855 0.0106268908124663 0.959100455687961 0.9590806495661 0.214060486791867 0.558342732765535 0.79233002837027 0.264237539928157 0.251596339490801 0.0935994408843062 0.75913982784908 0.546659750962428 0.445050001898368 0.0380616552721686 0.998148028067364 0.760911086218646 0.00387692149743017 0.764203147987006 
1.01215741155534 0.899502992217287 0.102090329454992 0.986267462772861 0.61837024752284 0.304735227121805 1.06056899385053 0.499596882256738 0.590514689582537 0.389535778739175 0.76172646732927 0.573654322900848 0.873382876622497 0.501486783072605 0.22929688400547 0.685626326477095 0.320752102296721 1.08345018171525 0.67885150383599 0.0701826145395181 0.831539438410249 0.57329926203487 1.15457001760965 0.678140437328916 0.808770466584392 0.223539556966415 0.85365468403777 0.316301193274344 0.211871708055484 0.41895358481615 
0.257628712744418 0.320905011537158 0.101298433481972 0.640076069550092 0.941713541154324 0.66852099071407 0.957245231898432 0.578694209607536 0.0843275094942619 0.639765359694258 0.341010232336137 0.64198915582673 0.730548737361724 0.254222251650867 0.0262701956924284 0.871659511894025 0.0829339472370699 0.916529903134859 0.842694701974268 0.572588418275039 0.45091405987638 0.20976982497115 0.264536342318088 0.990316160130182 0.0797693874749314 0.197331697796629 0.526887436858545 0.74284308107601 0.958878944997806 0.658963542652367 
1.09781275130727 1.04870985308028 0.183148062421435 1.66053004779656 1.09574507860366 0.477344341998538 0.701895572950263 1.7297681775359 0.891270334566497 1.78652686917757 0.963054520817535 1.850116711586 1.54842620299624 0.55951764596723 0.698954089495065 1.33623108876678 0.532542534272679 1.50118513450937 1.04241031154101 0.409871277854345 0.850731206472102 1.76480026335575 0.942025173796227 1.37519774689957 0.829135358244959 1.07953373078099 1.88942289024246 0.936412690265821 1.2144000849797 1.01709199554541 
1.26310737622907 0.747632724638492 0.658960511236509 1.22715679345233 0.602223200518772 0.769176385107838 1.1218230666473 0.874397562068277 0.610779118779528 1.20546241917999 0.685358989711465 1.38164369332441 0.834172215473426 0.715930185722479 0.969241741863089 1.29899169338168 0.653336080028681 1.50832086197528 0.447094426271214 0.915329554493096 0.916312174265381 0.383779973054114 1.38365910506122 0.681639138347873 1.30618771786647 0.594204286449159 0.840271505370666 0.817641792177801 1.08139128004959 0.912329068462665 
0.701311573930592 0.959956586878181 1.08239605498535 1.60982638606897 0.731810770872537 1.49726960126717 1.5735067927337 0.709940784558309 1.51986679138919 1.55823089409896 1.10934894485902 0.910924562710863 1.13639607485513 1.38975618317832 1.67244255569423 0.968885167046242 1.79297047569913 1.35042068097973 1.9584302469967 1.23511323409688 1.83232020056851 1.22648998838603 1.35178686829642 0.575608460051373 1.06024165192113 0.885985744428126 0.602329787141673 0.0941684768617657 0.996140370704164 0.806240768597406 
0.907223244848393 1.16001683664428 0.282847156522261 0.852621069617345 0.980738514154823 0.907207223274252 0.577956080719505 0.835261981979607 0.526806291667919 1.32680062060981 1.15954821471109 0.456087819643924 0.781807776459058 0.754742626685429 0.355761484659477 1.26650846744142 1.07098069609483 1.53285382682461 0.62884439386284 0.972448412014103 0.867416327024156 0.548417689934447 0.736542571668594 0.386412014915607 1.29830874813496 0.905668179255836 0.716823604778809 0.693886171637849 0.976620229612319 0.790758088601204 
0.457431299638826 0.0917494350584005 0.763399183759874 0.917150605061651 0.615633388509102 0.910326132454165 0.720074714800141 0.207510720584758 0.511738647844689 0.686445071499077 0.891016184376837 1.10887688436647 0.463280489308887 0.990060690422312 0.271019929252488 0.317624455862685 0.758799140679672 0.320540756708461 0.913681855787689 0.359947157040657 0.58257499732623 0.665690913329813 0.80539059890429 0.442389668384565 0.419200389924528 0.373536599905232 0.366134585698613 0.0992476116573306 0.588519293571351 0.0595553671908572 
0.314123478065774 0.802967215614388 0.8574462875504 0.182821345803162 0.341260088521675 0.481781458014807 0.762855598635316 0.76134421526155 0.467171366628158 0.354300171305948 0.237673178861046 0.241111922882394 0.808874701573573 0.974311157026023 0.907461479997832 0.837339211963993 0.684712911554069 0.42340266462355 0.817938583023261 0.610939067175438 0.842739862521535 0.261167465728258 0.664098908838267 0.0531888080900226 0.542964471476864 0.725291739096078 0.0990260488615833 0.0193990396479522 0.338250246916286 0.878694828248978 
0.737204072395019 0.160080957160995 0.356295309964278 0.759343854137636 0.409442951292237 0.267703055662593 0.514967129822551 0.424710330691882 0.814060426719764 0.32504451377094 0.62142814015549 0.91019174450336 0.118863567314025 0.626164351482733 0.42859972972841 0.287606360258586 0.716335123280833 0.617020881771075 0.356359942557017 0.0886608064741255 0.378855643076816 0.556372702793211 0.325993248535399 0.846488818229559 0.290321680921657 0.700240886864399 0.00841705983472558 0.709395393882052 0.599058060356178 0.502954290031698 
1.05099604573042 0.809199419389711 0.871716788957039 1.30329769283669 1.22149027091902 1.05932579511142 0.670599649364834 0.38881894905934 0.603931114211305 1.19446018316619 0.645326616890272 0.832378248384678 0.582903954206456 0.586257232474343 0.914791339436532 0.256639552864065 1.0536722304824 0.623156328873061 0.387188069477705 0.592393757300763 0.475179121196603 1.01342794151366 0.0949217298226324 1.11313355535243 1.23206523796112 0.464740162874488 0.656138484392037 0.527616988296024 1.05501126729456 0.84887659667736 
0.518121390557926 0.0432558349718486 0.527963916441146 1.09071428334973 0.945359066841992 1.15543194519583 1.20625830077046 0.281449066378652 0.860708480690375 1.1393004458006 1.10848012818575 0.586869671911404 0.358200406314432 1.29961930456643 0.92931329123235 0.28746433979262 0.85670540079696 0.595090431928762 1.2705600503012 0.923893957645328 0.375351948481524 1.19861708351836 0.459803821585563 0.396200490664403 0.411671709764551 0.742505562918202 0.450287231990083 0.86998858079792 1.1243186373504 0.263896516440052 
1.09701582498919 0.803699340950512 0.548781385780066 1.08544895184516 0.952850190971429 1.01042959575478 0.185535631369056 0.274519809511583 0.149049264567188 0.796193038921403 0.241508823679076 0.42454067637537 1.09081199202353 0.478342663629826 0.573026012512015 0.646520060390841 0.970638330585885 0.214873746062891 0.356561781666017 0.676374023417815 1.12974872165059 0.882064458082104 0.193632377771063 0.754245033496901 0.955679719330984 0.509289864459458 0.38484555394935 1.01037391255006 0.817123851796551 0.728455837341748 
1.28511966981126 0.645999718204813 1.12892985529589 1.18307917896557 1.2435522456429 1.05106888743044 1.46427633394056 1.51682031763693 1.10839685413002 1.28447456375392 0.745273498458006 1.12097243062891 1.57937320960476 0.940633597852297 1.02023122430511 1.66158528814651 1.10774667934731 0.884002882150642 1.13219779118184 1.44412662969978 1.11783051332571 0.607566241698559 0.887437345221495 1.63900011078592 0.269596400605655 1.13878248670318 0.526683390622584 1.37337498635238 1.6046489710987 1.32439321130373 
2.69266068887293 2.58186178898264 1.57846383438879 2.27442464173118 2.45371341635026 2.87507485457552 1.15834740691019 2.00673851490504 1.58299658540413 2.62346831150786 2.39412342482012 1.55239616085027 2.64371101036929 2.44024320784707 2.06612123546087 2.51405585242737 2.08556455538181 1.89979553833132 1.06413407834265 2.80538090855203 2.30437579554667 3.16229887025381 1.53688316237025 2.47205424589961 2.47571915728399 2.12247004571249 1.7600374071956 2.18725359281808 2.28109015477457 2.22770363797065 
0.12052618377377 0.478476116722236 0.711033704208424 0.283549587758107 0.31695871842053 0.90443353568688 0.563888520449231 0.178260437506129 0.700590566697331 0.808450507967051 0.450564847240833 0.979059497990989 0.240454770575004 0.732309351904518 0.643676439272372 1.02094515876794 0.158561397656639 0.450597716586339 0.269973116027549 1.26108328615335 0.334868390255152 1.05500267933459 0.974325249661709 0.95846580097081 1.01772930712024 0.266217577051764 0.21354553485347 0.409969557593392 0.347683621528348 0.517744252402799 
0.603987385650351 1.10975204717167 1.37076987199605 1.25165730006763 1.1183144602764 1.73524695106772 1.81065948329388 1.21533346964228 0.725073400035382 1.30672586406543 1.70963946291112 0.918142365490655 0.935598087731236 1.01232925183844 0.369042076222737 0.984733173942783 1.36980175476542 2.03185840048603 1.50941961177559 0.861464878873909 1.10393891145498 1.07673973587306 1.50957809802947 1.71416345134867 0.888128270112078 1.40436693762848 0.554518099842645 1.80154303604728 1.6084013925518 1.79690229338419 
1.55543959993663 1.16467967829219 1.54294051062166 1.46021269728219 1.37495113813586 1.48622864410112 0.97054749235233 1.77618773453733 1.10801330701048 1.69890711902505 1.78858612013298 1.26385587228518 2.00291935941259 2.10377504733031 2.06351152033073 1.52145136614598 1.84992074446535 1.03285116178952 1.35935419092972 2.19386688341875 0.777716545332784 0.90087854513752 0.800968070506248 1.15110353931629 0.521366910725269 1.24530593975378 1.35259815508419 1.12559887453656 0.55380351409364 1.4427814793343 
0.679510163180906 0.209561850550704 0.87641204047706 0.0260460633540819 0.621586755761609 0.68376074213532 0.629790039561664 0.690325218691784 0.825743900263575 0.0355067827738538 0.473917901596929 0.775329242973337 0.0359669273703879 0.383025701864427 0.453190494749273 0.696482168070602 0.695849504656918 0.465097172910306 0.713212272965865 0.0487307568624667 0.593459198064156 0.7468554859997 0.657023239780647 0.830445743449628 0.551236924396084 0.311509909132084 0.113815384070649 0.463529429015244 0.690280247961613 0.226272595274522 
2.18383341011845 1.94629886509378 1.36939894524719 2.23472475547181 1.9778945344911 2.18184519499873 0.534407605953125 1.10003693976063 1.20402843235228 1.56149173475734 1.60863309265658 1.73572183099192 1.9313144292356 1.88144186692999 2.25513806002903 1.87674328393604 1.7357775668956 1.49051564766742 1.81030629521361 1.32564741796693 1.42151824852676 1.35063372633434 1.38181033327508 1.77021784130255 1.83097853704278 1.93599824155958 1.27580322823248 2.07777930317426 2.07684118215089 1.5441786946076 
0.659664336051044 0.480024456555064 0.288576031934627 0.827589038580083 0.0938603931149351 0.0653331187193073 0.357158125003409 0.362527391547196 0.191961728956173 0.695619956136459 0.580218093972291 0.446762518691347 0.552321473414922 0.0338136511829322 0.568685114205058 0.629171309168886 0.484723839088754 0.712461296574515 0.278273084422492 0.262377003113379 0.767031785780325 0.10990478150498 0.589404460690916 0.325412749331158 0.569044538310175 0.377513730721654 0.0410001988455976 0.90475465106924 0.244602297521342 0.787962226915411 
2.22991877365437 1.92365262230022 2.08758501686336 2.12901824510835 1.68703741683346 1.87864117267704 1.8804112919458 2.08492538102576 1.68885456383798 1.43233258490437 2.06211089587289 2.52447014983308 1.90364526851716 2.40963060823791 2.67533674658812 1.97120510354895 2.39346176579794 2.33660026450005 1.59642826897339 0.794118643953443 1.99779797771656 1.52867044786387 2.08315119405858 1.84931194872903 1.54228954370159 2.58912117904908 1.20722793866268 2.44386722706982 1.86247084859883 2.03665545791045 
0.426091798877571 0.926879641280812 0.560555506366616 0.0863641635214596 0.776157981342779 0.760928695930697 0.577084086976521 0.971203803282505 1.41811464360612 1.10029033258461 0.339415104598449 1.05126138086949 0.884365137929839 0.784154480696076 0.741098164256457 0.732343571286217 1.01200204740092 1.2267228147818 0.772700308079065 0.991277586334907 1.17988471142877 0.19408318004621 0.824923372685791 0.33579025475768 0.271643296992362 1.69689222512818 0.518015621807721 0.235492081572091 1.0351330306479 0.418396780837606 
0.0827343819531606 0.0874145301354243 0.76077009881578 0.87603791615596 0.111885336661753 0.00216302786089244 0.0855924687576948 0.682099982161383 0.406737587479055 0.244802491834622 0.996465066927227 0.217479684393085 0.450065949896199 0.00213702080000049 0.820617953775008 0.00737667073041786 0.39448720911229 0.192559638801445 0.512750134801949 0.53118398730979 0.492187630919361 0.121860402112635 0.273888989296262 0.841946832574513 0.260830169444271 0.91896998920211 0.0598702982688711 0.811738719380137 0.176394054017846 0.513065759006073 
0.0474384824028609 0.0587529267088369 0.0309798517654144 0.0942049787121369 0.0133362052962577 0.118712718322569 0.0854216683615399 0.0607655365061686 0.0533810741911714 0.0963129382706198 0.04637912146384 0.0561296435808517 0.0293798460145128 0.113370311760179 0.0964913519918993 0.114355490698567 0.0555782240514615 0.0387661189723639 0.0939547793214623 0.0646369455870161 0.0450229780512494 0.0534514095512994 0.0412663142964113 0.0349638881190791 0.0611441093595682 0.111841363114935 0.040644822294755 0.0479196077740148 0.10854538039532 0.109315855947848 
0.710559415863829 0.911307233370365 1.13211882812761 1.44713220112127 1.07764692017717 1.07404531421274 0.86546015257406 0.63856460851768 0.97707866274018 1.13957927730978 0.423078747195101 1.28011614724043 1.35169958950697 1.01108060387793 0.59879015984684 1.35984742347507 1.01076672062312 0.955786724672511 0.984865933660637 1.42572746685724 1.20527106617447 1.15472455069661 0.716030233920907 0.947698206391363 0.173328328123538 0.741661389104384 1.03069228077418 1.33475227234029 1.07836835521073 0.88644602659955 
0.846277066847424 1.41247408691713 1.32862475491572 0.43137702000153 1.27643479511835 0.625132216591929 0.984993367431644 0.864278698774618 0.30650427321877 1.1141131086001 1.54666144790365 1.57878126930646 1.41560897748216 1.37334244946608 1.52782521771381 0.276958679483317 1.50719444937503 1.11668927887805 0.633122632424918 0.228321553528303 1.22662022664992 0.288026286793811 0.79375673117679 1.32429134490982 0.818011464480006 1.40938914763464 0.637286614673706 1.34714783850084 0.845416501624318 1.0805231838371 
2.5533837417631 2.78704672167782 2.51697596974383 1.74225502347337 1.69578126352682 1.32888228252666 2.20997931337482 1.36452989008224 1.64509231409932 2.90487080095124 2.34574143512795 2.79721088171153 2.58733455080805 1.53454726465084 2.57181925633914 1.82876897460849 2.14639375807036 2.31987505008688 1.17475545535249 1.07339719270448 1.82961923381212 1.80885597413734 1.49204080621548 2.63019661801733 1.8110194069509 2.12470399542753 2.61211696546096 2.31187734607303 1.36044526438774 2.48184045459421 
0.935776632999884 1.04183200953657 0.415735166890792 0.602758732046642 0.184079950752387 0.651340145343377 0.642206963428858 0.513895874469612 0.180292958911517 0.988689810578203 0.861859562746251 0.918422768173613 1.14958178780125 0.3391405419492 0.939706133743146 1.04467618715801 1.06078701874812 1.1690543868629 0.266646165661064 0.338941746480098 1.16671998956799 0.307692710991911 0.462772026159227 0.879806813449275 1.30745904762996 1.2837460811202 1.41006476762946 0.164133550489539 1.54686026112698 0.922858491035842 
0.323734247021356 0.339291408176989 0.909639201300575 0.309698697357835 0.235042002982198 1.24845065758095 0.462145672535508 0.49433380166747 0.743785793810859 1.25428078269996 0.870557869804979 1.19211089793396 0.247469228981137 0.505143288884971 0.563865456835918 0.717151552607158 0.3730252123753 0.878639490234745 0.687206120973067 1.37444944566295 0.712335134226304 0.42902169571093 1.11785434870564 1.07578311682754 0.961887238648773 0.899030136200851 0.752312478997528 0.676924318881931 1.12122358299999 0.832773019282178 
