0.454506707064816 
0.943738423283983 
0.142744787318446 
0.341086953200984 
0.711799149806388 
0.00522463270213152 
0.665195008907741 
0.0216774394306208 
0.354402688561446 
0.156181473469991 
0.495252909690592 
0.44010012435906 
0.19274599245203 
0.199259478087933 
0.523271794145407 
0.278575040802353 
0.45262689493918 
0.0381058566015213 
0.869346243381097 
0.753527130135198 
0.916782483036315 
0.778339633149065 
0.633050352851256 
0.297953534476934 
0.841840647377045 
0.543264976615969 
0.638540463103846 
0.499291107032613 
0.375455761444371 
0.405550602582134 
0.0736397253625687 
0.613013569765598 
0.218416995533095 
0.840743728462581 
0.422800846227738 
0.160830070343 
0.670805653892883 
0.926413087621724 
0.297595673447667 
0.926407793222293 
0.472698904977713 
0.963805959618092 
0.429836102806502 
0.774827904199084 
0.120329503916999 
0.120189540163234 
0.996473726839574 
0.979617987079223 
0.985413060188385 
0.585800028791899 
