0.303136 0.863321 0.280893 0.328747 0.419477 0.341533 0.884427 0.258424 0.74408 0.917813 
0.981114 0.346285 0.230686 0.404172 0.0268254 0.258895 0.293211 0.0277589 0.628875 0.474402 
0.798391 0.21037 0.872218 0.567014 0.464735 0.69859 0.357912 0.414072 0.051889 0.227617 
0.610463 0.957466 0.474556 0.736099 0.433278 0.420066 0.911164 0.314552 0.703564 0.284444 
0.532705 0.170107 0.252122 0.832198 0.967803 0.638409 0.752812 0.626949 0.999281 0.907776 
8.03414e-05 0.867683 0.373049 0.0632801 0.22723 0.400707 0.536864 0.0793444 0.790268 0.688102 
0.883778 0.443561 0.597105 0.119009 0.467321 0.899304 0.835932 0.606488 0.530692 0.574923 
0.300538 0.886663 0.274627 0.201298 0.495005 0.689499 0.393526 0.937837 0.275594 0.940581 
0.116868 0.327295 0.399147 0.106426 0.698299 0.0763202 0.267299 0.132482 0.183083 0.773032 
0.0799099 0.7761 0.357476 0.456819 0.737677 0.246905 0.0964348 0.270713 0.630457 0.91639 
0.741898 0.390552 0.482602 0.331648 0.930247 0.164398 0.833706 0.495623 0.0707816 0.919997 
0.972586 0.868301 0.320617 0.56019 0.0209333 0.957335 0.675509 0.150587 0.637815 0.163815 
0.316093 0.774074 0.592022 0.550708 0.71006 0.132429 0.211696 0.272266 0.64489 0.418195 
0.0887892 0.162832 0.0352181 0.524854 0.242572 0.252828 0.617712 0.311465 0.830574 0.606579 
0.930831 0.782087 0.52839 0.321856 0.262189 0.13502 0.617901 0.484372 0.6579 0.579505 
0.215136 0.77737 0.687777 0.807982 0.785725 0.0344775 0.91942 0.244797 0.441127 0.953868 
0.60942 0.749072 0.0549491 0.641028 0.209081 0.592363 0.874021 0.530828 0.211876 0.379486 
0.127689 0.506525 0.796989 0.486378 0.380398 0.101429 0.0476933 0.21009 0.446751 0.792045 
0.385576 0.537042 0.907962 0.565336 0.762038 0.530579 0.951321 0.426675 0.454366 0.939705 
0.772862 0.734853 0.128952 0.620459 0.191057 0.249979 0.959134 0.0151862 0.527398 0.457545 
0.342637 0.482116 0.914864 0.476686 0.862088 0.32922 0.996472 0.907498 0.60326 0.900926 
0.285977 0.249716 0.0173936 0.333795 0.651831 0.34091 0.342931 0.790302 0.538635 0.296629 
0.734118 0.53609 0.812845 0.668308 0.696774 0.909387 0.676097 0.922633 0.0722346 0.0622202 
0.474501 0.293429 0.390447 0.728393 0.125309 0.182772 0.569882 0.433222 0.319006 0.443802 
0.0374825 0.711653 0.629325 0.651363 0.839164 0.591845 0.269337 0.639372 0.469014 0.309237 
0.887558 0.406677 0.249428 0.186847 0.731208 0.178525 0.654751 0.170877 0.42078 0.96992 
0.802473 0.956783 0.806467 0.834719 0.84201 0.965532 0.96098 0.308243 0.828839 0.49766 
0.534437 0.99986 0.682994 0.35665 0.35479 0.708173 0.402855 0.134558 0.939851 0.0782039 
0.421955 0.829745 0.0391806 0.587406 0.373579 0.319369 0.727841 0.931575 0.702968 0.00823335 
0.867094 0.841344 0.647848 0.902649 0.981748 0.583659 0.703825 0.196485 0.589608 0.990352 
0.628684 0.845177 0.339164 0.863217 0.974834 0.410227 0.0379794 0.763882 0.198495 0.310435 
0.620473 0.754299 0.0480345 0.776229 0.173977 0.822806 0.351597 0.47937 0.655067 0.18295 
0.353855 0.322945 0.0305162 0.967736 0.908073 0.0276052 0.970422 0.49032 0.349149 0.620636 
0.246779 0.907927 0.988459 0.0539538 0.694137 0.638077 0.692802 0.487826 0.0365311 0.115813 
0.699771 0.408731 0.435071 0.790384 0.769626 0.542676 0.51355 0.887315 0.905653 0.357326 
0.201345 0.551471 0.28686 0.771694 0.891422 0.591662 0.14929 0.528203 0.57495 0.675115 
0.700474 0.21295 0.103009 0.520329 0.214689 0.632705 0.394991 0.508396 0.236565 0.271526 
0.719791 0.184844 0.395779 0.426174 0.438883 0.537175 0.646779 0.649997 0.560852 0.407116 
0.320731 0.339639 0.499956 0.514584 0.24171 0.0353879 0.919647 0.874583 0.401521 0.719243 
0.527449 0.657925 0.296874 0.157227 0.00667925 0.292292 0.338542 0.779746 0.108806 0.0349767 
0.123654 0.0242292 0.131702 0.244461 0.0052908 0.0784207 0.980705 0.239276 0.076828 0.800839 
0.917247 0.861367 0.657159 0.425448 0.160429 0.394667 0.132306 0.980503 0.703789 0.597629 
0.762006 0.66074 0.654631 0.47559 0.792687 0.0637113 0.0889377 0.448312 0.313749 0.679806 
0.456801 0.075337 0.70303 0.871927 0.44426 0.402209 0.561749 0.425519 0.987796 0.580377 
0.369672 0.914511 0.252303 0.110649 0.593195 0.0325917 0.580664 0.850953 0.503381 0.231894 
0.575276 0.560294 0.103978 0.328944 0.762106 0.68961 0.339008 0.538529 0.274989 0.412043 
0.0514331 0.67586 0.429997 0.38238 0.449632 0.252608 0.476876 0.516989 0.0252803 0.641568 
0.326679 0.706046 0.0697499 0.684762 0.862537 0.973042 0.567608 0.309848 0.905391 0.821381 
0.624697 0.883528 0.317023 0.302756 0.828265 0.333583 0.750168 0.749449 0.715863 0.53057 
0.815558 0.933823 0.605475 0.437561 0.814741 0.318179 0.453946 0.846184 0.11913 0.889581 
