0.39834 0.757794 0.936864 0.279809 0.0630606 0.914253 0.34735 0.071151 0.952339 0.999322 0.875398 0.322663 0.99484 0.687923 0.350982 0.793918 0.360362 0.404307 0.641955 0.404186 0.183922 0.709808 0.597217 0.347706 0.545616 0.383808 0.7046 0.675899 0.575027 0.749219 
0.352792 0.120446 0.45692 0.675005 0.35744 0.665765 0.217469 0.824038 0.239098 0.758545 0.844311 0.314815 0.0873612 0.696516 0.961371 0.298612 0.395672 0.0076816 0.274097 0.0692449 0.0960718 0.219114 0.144638 0.112497 0.232244 0.346703 0.844888 0.802448 0.0407468 0.820978 
0.0897477 0.855439 0.392348 0.0336466 0.485967 0.174548 0.810485 0.210426 0.0916006 0.981441 0.252513 0.468758 0.261259 0.0623159 0.861781 0.497481 0.961772 0.147802 0.945979 0.00886939 0.124596 0.443284 0.0936044 0.378771 0.186848 0.164673 0.867956 0.159152 0.757284 0.0807454 
0.867026 0.410713 0.363664 0.463191 0.163591 0.491311 0.905145 0.684108 0.45566 0.89072 0.178952 0.855896 0.989155 0.836044 0.569973 0.679129 0.477627 0.489653 0.64696 0.121259 0.531858 0.915431 0.562068 0.485121 0.0256311 0.967094 0.17616 0.24177 0.94689 0.0336497 
0.564423 0.871561 0.243622 0.857523 0.906698 0.730449 0.16531 0.173034 0.731146 0.168595 0.725568 0.448271 0.949298 0.128604 0.0251906 0.0186819 0.767173 0.435177 0.452634 0.67202 0.0900092 0.0465207 0.97056 0.60027 0.58891 0.80253 0.46932 0.806614 0.478447 0.126527 
0.625794 0.975408 0.766969 0.123708 0.611469 0.0447129 0.404694 0.0448615 0.162048 0.592156 0.940419 0.638814 0.736795 0.0631572 0.451573 0.766208 0.380967 0.337988 0.6313 0.838723 0.632198 0.983719 0.55183 0.725867 0.645912 0.508422 0.319563 0.767416 0.799216 0.958396 
0.0646413 0.345876 0.780246 0.686363 0.317565 0.807783 0.579851 0.267565 0.761533 0.40197 0.203532 0.853364 0.108114 0.698902 0.54953 0.832896 0.182476 0.0464572 0.33918 0.358606 0.502229 0.73158 0.942545 0.963104 0.207097 0.266084 0.550268 0.467975 0.365935 0.8889 
0.12566 0.939347 0.393126 0.059521 0.357435 0.88597 0.0501733 0.26499 0.369682 0.47154 0.136543 0.514248 0.383409 0.123692 0.504928 0.0682047 0.378359 0.8866 0.492457 0.325002 0.0306553 0.369688 0.568764 0.839115 0.932204 0.392568 0.310827 0.00853938 0.03902 0.403726 
0.24662 0.417701 0.971384 0.716991 0.508925 0.531593 0.975012 0.45883 0.663707 0.274674 0.153822 0.493214 0.40661 0.930419 0.680022 0.0246707 0.881011 0.579659 0.0799299 0.165409 0.522126 0.732215 0.154772 0.430384 0.405678 0.61447 0.883439 0.270417 0.810841 0.508637 
0.854652 0.735304 0.663927 0.518104 0.794375 0.867482 0.0360467 0.0274906 0.908848 0.854862 0.0356892 0.669025 0.654031 0.978503 0.822598 0.0125082 0.0671955 0.335125 0.890861 0.464677 0.856169 0.729502 0.1871 0.406813 0.512966 0.224453 0.834153 0.0521577 0.747747 0.19009 
0.651522 0.0234781 0.758673 0.409421 0.547793 0.910176 0.639268 0.202617 0.292555 0.37001 0.854272 0.944368 0.477328 0.333033 0.997625 0.716341 0.0681734 0.0269516 0.986674 0.719752 0.109999 0.341404 0.441412 0.534585 0.579794 0.230506 0.48419 0.0751955 0.7596 0.527378 
0.252826 0.865111 0.633616 0.186095 0.535064 0.619396 0.979576 0.59863 0.184028 0.17106 0.0242797 0.146292 0.462081 0.40802 0.915752 0.0317399 0.0387261 0.300723 0.0501787 0.996681 0.778659 0.452552 0.81468 0.461153 0.763486 0.614208 0.348608 0.377756 0.643477 0.945298 
0.593563 0.532588 0.385097 0.180045 0.671573 0.892166 0.395694 0.668279 0.282644 0.547591 0.707479 0.581743 0.890927 0.881889 0.0343259 0.736846 0.752498 0.44232 0.720381 0.122214 0.953032 0.792741 0.638822 0.79942 0.276139 0.122858 0.590291 0.507411 0.199646 0.422963 
0.899115 0.718224 0.412827 0.418064 0.910433 0.625869 0.915258 0.671794 0.887993 0.738578 0.169486 0.104691 0.117575 0.570929 0.754584 0.948189 0.897051 0.206506 0.166755 0.140724 0.421731 0.0786442 0.926498 0.592969 0.0888347 0.986984 0.847805 0.0611798 0.915272 0.387564 
0.445343 0.236051 0.496554 0.246678 0.573869 0.0849644 0.219737 0.129692 0.447297 0.689445 0.740834 0.627072 0.977825 0.938934 0.0132665 0.451008 0.114688 0.651901 0.416456 0.283231 0.100052 0.844737 0.172431 0.743628 0.950682 0.621803 0.180846 0.514048 0.525197 0.352369 
0.185123 0.335777 0.588469 0.931568 0.840478 0.222568 0.907761 0.829844 0.567318 0.847992 0.228757 0.516014 0.996843 0.561903 0.91062 0.715202 0.478181 0.151885 0.584018 0.264338 0.212525 0.669093 0.353087 0.468388 0.0521067 0.442003 0.261153 0.133609 0.554863 0.811233 
0.529226 0.224659 0.874582 0.291746 0.279013 0.308888 0.454218 0.114017 0.438844 0.451422 0.653024 0.170452 0.132938 0.466706 0.302375 0.350342 0.529155 0.115266 0.804093 0.95365 0.458448 0.652129 0.891374 0.285328 0.312087 0.604672 0.932431 0.597504 0.603236 0.50895 
0.891748 0.504816 0.349408 0.25408 0.802175 0.53074 0.550893 0.36488 0.179732 0.190993 0.935315 0.055005 0.979851 0.272912 0.647873 0.329741 0.952132 0.227874 0.945298 0.959136 0.844883 0.453938 0.940048 0.101856 0.965239 0.955148 0.646438 0.584856 0.863449 0.453843 
0.787375 0.389488 0.718267 0.919409 0.90961 0.41476 0.610962 0.775429 0.100421 0.87413 0.26987 0.479929 0.290024 0.0269261 0.459254 0.769206 0.744691 0.296977 0.943991 0.0233628 0.817112 0.726235 0.199703 0.257357 0.942623 0.0716068 0.562691 0.30893 0.248988 0.311628 
0.946861 0.439968 0.813927 0.371749 0.730801 0.3568 0.408646 0.216269 0.528065 0.310765 0.182774 0.0499492 0.5104 0.560327 0.721807 0.659354 0.333481 0.145461 0.418873 0.854895 0.508736 0.974832 0.837724 0.429873 0.335831 0.421858 0.610675 0.985517 0.129097 0.908739 
0.997906 0.223905 0.739162 0.556792 0.852937 0.694016 0.626135 0.891109 0.701227 0.438044 0.980754 0.349543 0.403274 0.666925 0.840473 0.372255 0.659595 0.107398 0.289023 0.709281 0.703355 0.322465 0.502725 0.765062 0.193252 0.0366771 0.875485 0.481447 0.90917 0.648783 
0.530405 0.0524719 0.535088 0.350754 0.485067 0.143119 0.709406 0.216186 0.584026 0.214077 0.932096 0.864999 0.898562 0.433964 0.620582 0.924671 0.949232 0.29485 0.876202 0.784293 0.723405 0.695669 0.709254 0.232463 0.300137 0.815577 0.205529 0.581947 0.00968683 0.546712 
0.744842 0.993785 0.761048 0.139183 0.959783 0.471936 0.436137 0.205677 0.82702 0.591132 0.681602 0.126393 0.198268 0.600753 0.283842 0.574029 0.640546 0.912926 0.365787 0.896524 0.845301 0.529066 0.307999 0.962834 0.342623 0.426012 0.921579 0.144976 0.446201 0.847948 
0.705258 0.760644 0.885161 0.752285 0.0430387 0.973046 0.1181 0.828401 0.946243 0.475163 0.553222 0.928309 0.915114 0.389224 0.883387 0.136299 0.788828 0.383431 0.701064 0.153887 0.0551355 0.926323 0.00804202 0.159803 0.78787 0.213344 0.842024 0.346679 0.0444878 0.384213 
0.677383 0.449833 0.0175781 0.380567 0.0761324 0.412991 0.192506 0.245662 0.551023 0.698017 0.684383 0.0400806 0.358412 0.222141 0.495415 0.0457738 0.264084 0.89662 0.804597 0.304075 0.858365 0.819171 0.480986 0.55781 0.400614 0.924057 0.917456 0.418501 0.224114 0.871933 
0.103865 0.800407 0.567885 0.677465 0.773736 0.940909 0.242778 0.986404 0.507326 0.621842 0.460177 0.663845 0.401969 0.641236 0.344225 0.331292 0.310762 0.11689 0.78039 0.464654 0.00142894 0.437956 0.351302 0.75022 0.557784 0.529506 0.0457794 0.378151 0.344434 0.970146 
0.321249 0.033342 0.57343 0.587283 0.544418 0.407463 0.612956 0.0625382 0.470834 0.384086 0.277016 0.976154 0.87771 0.316205 0.697825 0.45767 0.898066 0.570941 0.117175 0.499667 0.775986 0.166055 0.485491 0.641521 0.995597 0.0776694 0.265038 0.240008 0.0298129 0.261003 
0.593373 0.414408 0.556979 0.807737 0.179792 0.160687 0.626926 0.351565 0.966492 0.410941 0.37489 0.176677 0.771662 0.210613 0.703223 0.585801 0.383826 0.79186 0.732463 0.552427 0.141643 0.779053 0.680048 0.32193 0.868835 0.9463 0.658845 0.346225 0.907416 0.386659 
0.736738 0.602838 0.850284 0.895516 0.352009 0.573798 0.689616 0.831291 0.419533 0.323181 0.145626 0.759826 0.148359 0.0597624 0.601698 0.298359 0.794127 0.0651098 0.250008 0.668921 0.744192 0.378346 0.150315 0.594539 0.847381 0.316982 0.281236 0.29593 0.267907 0.470887 
0.0661022 0.562237 0.0575618 0.683572 0.46269 0.587995 0.812649 0.657231 0.00534793 0.114377 0.985335 0.656327 0.0553996 0.97005 0.940496 0.404462 0.95608 0.804197 0.157093 0.501984 0.150866 0.321425 0.229522 0.302698 0.216702 0.427556 0.603097 0.790145 0.361391 0.883744 
0.425513 0.462534 0.777306 0.872718 0.882406 0.300589 0.747728 0.226943 0.0133828 0.914478 0.75758 0.492579 0.449175 0.992847 0.101359 0.412057 0.330782 0.907738 0.87141 0.170289 0.313901 0.442727 0.166357 0.635137 0.278021 0.0811062 0.544134 0.0998787 0.402741 0.63885 
0.0360599 0.998525 0.503082 0.8562 0.650038 0.976554 0.134274 0.948593 0.967435 0.353078 0.545999 0.446159 0.0708622 0.259804 0.350159 0.514126 0.1465 0.118095 0.453205 0.756192 0.583806 0.556772 0.410544 0.98327 0.405749 0.945504 0.0820247 0.276189 0.785709 0.229937 
0.46048 0.0315107 0.871112 0.292729 0.924532 0.530714 0.0810612 0.105921 0.901657 0.627936 0.844 0.394793 0.21646 0.249788 0.0665129 0.521002 0.0914037 0.0580637 0.767901 0.173266 0.871798 0.231775 0.878191 0.36502 0.999295 0.0473855 0.688257 0.91832 0.189227 0.728372 
0.241509 0.0538867 0.408575 0.187173 0.316299 0.707932 0.940622 0.497644 0.702326 0.808016 0.567202 0.359632 0.123041 0.101905 0.949052 0.745193 0.737812 0.211206 0.372435 0.976903 0.577843 0.642954 0.220448 0.54972 0.891209 0.359075 0.429223 0.243329 0.787447 0.218205 
0.898837 0.32413 0.254877 0.420768 0.0941105 0.671946 0.48179 0.905686 0.172239 0.351657 0.146309 0.232239 0.281939 0.920876 0.0771604 0.952596 0.680425 0.530557 0.233067 0.54308 0.556504 0.698808 0.439619 0.554538 0.314173 0.224994 0.297719 0.516034 0.299411 0.614459 
0.937708 0.207389 0.861755 0.96911 0.109981 0.917012 0.384947 0.726262 0.0662789 0.924124 0.926786 0.753508 0.594812 0.229693 0.48262 0.569017 0.867254 0.697507 0.912306 0.42217 0.469724 0.784656 0.597521 0.249018 0.587202 0.75906 0.462158 0.67666 0.372588 0.909033 
0.411442 0.444455 0.38497 0.062796 0.580817 0.859772 0.736556 0.154938 0.629439 0.153357 0.359363 0.727001 0.209693 0.767449 0.970957 0.462636 0.333312 0.435661 0.316093 0.0274216 0.940921 0.839307 0.774305 0.891017 0.31473 0.947033 0.79155 0.23725 0.381863 0.970293 
0.0420191 0.236178 0.409592 0.636613 0.264887 0.0656542 0.00435684 0.784146 0.724427 0.150457 0.580537 0.363483 0.456242 0.152609 0.74389 0.739309 0.341415 0.670766 0.216969 0.232511 0.42801 0.71775 0.242817 0.932107 0.595523 0.549373 0.0640771 0.539089 0.783524 0.868 
0.777652 0.760893 0.552385 0.655663 0.380103 0.791818 0.655596 0.795559 0.9565 0.458441 0.206709 0.0824907 0.752241 0.848654 0.945105 0.190617 0.247895 0.861892 0.483254 0.602644 0.275811 0.229741 0.824636 0.302382 0.500208 0.0427225 0.0538019 0.211263 0.50948 0.465671 
0.643048 0.979316 0.0484134 0.81182 0.503302 0.584807 0.525411 0.882017 0.187897 0.0326388 0.0523662 0.886095 0.620448 0.96443 0.799548 0.687583 0.327442 0.806446 0.112154 0.733107 0.660177 0.832726 0.132525 0.581755 0.618449 0.230648 0.917302 0.610436 0.528077 0.664494 
0.318772 0.0122008 0.701127 0.334763 0.88339 0.249346 0.020712 0.511018 0.695462 0.0346353 0.619497 0.443529 0.709696 0.0733832 0.604579 0.0474372 0.778326 0.596551 0.0280277 0.47136 0.922872 0.120487 0.185212 0.505126 0.216762 0.460964 0.449283 0.775486 0.222437 0.913844 
0.957367 0.784281 0.808035 0.956014 0.764594 0.705021 0.0782591 0.900232 0.21882 0.495179 0.585146 0.317582 0.684939 0.080777 0.0748813 0.629793 0.31591 0.822479 0.0885385 0.874071 0.82087 0.428707 0.967838 0.416984 0.344134 0.10273 0.543349 0.827306 0.00595525 0.12221 
0.747193 0.4933 0.422611 0.868121 0.416878 0.633667 0.492212 0.853519 0.445578 0.860622 0.0977987 0.723001 0.375243 0.627709 0.873261 0.349186 0.165726 0.493623 0.310243 0.635323 0.620238 0.331057 0.716719 0.0669696 0.388714 0.0184666 0.837915 0.103266 0.87241 0.520286 
0.598976 0.910868 0.145005 0.550037 0.904043 0.540526 0.195195 0.725332 0.298855 0.700463 0.189513 0.0498614 0.123413 0.584598 0.818169 0.206532 0.360237 0.213926 0.601399 0.458774 0.817605 0.00539762 0.575488 0.113704 0.854307 0.517725 0.263014 0.79159 0.191002 0.757303 
0.625528 0.389115 0.0868092 0.683433 0.299665 0.729179 0.402757 0.603469 0.891718 0.624643 0.367348 0.857995 0.670626 0.40992 0.610725 0.909558 0.454494 0.00847735 0.211916 0.323597 0.42158 0.542495 0.148973 0.599103 0.360163 0.818496 0.0946479 0.129654 0.0752047 0.324402 
0.166501 0.090571 0.287393 0.208338 0.67849 0.560003 0.724807 0.178418 0.0179015 0.940112 0.543148 0.243596 0.165617 0.55206 0.525818 0.564806 0.969846 0.319288 0.88042 0.262036 0.267983 0.122771 0.217542 0.134789 0.717678 0.817371 0.588838 0.315943 0.950563 0.104758 
0.479821 0.721334 0.351731 0.224963 0.733935 0.459884 0.1761 0.820363 0.0772952 0.707961 0.0374694 0.92223 0.692829 0.333965 0.30166 0.335915 0.680556 0.852274 0.0338983 0.479149 0.963076 0.268558 0.562546 0.991879 0.0580976 0.0403203 0.0236179 0.447807 0.922484 0.965714 
0.189831 0.722442 0.205883 0.727747 0.810765 0.750787 0.568956 0.964171 0.510487 0.233563 0.940757 0.251851 0.702458 0.705449 0.751496 0.501227 0.630792 0.860384 0.419119 0.674649 0.916767 0.115905 0.0346926 0.079414 0.225541 0.420926 0.52836 0.493844 0.721224 0.159055 
0.50134 0.216519 0.448417 0.960973 0.908927 0.0584995 0.130358 0.289997 0.817129 0.470215 0.167883 0.735236 0.443567 0.563146 0.66255 0.706323 0.606725 0.632242 0.0542517 0.130741 0.824784 0.757818 0.0784719 0.821458 0.75472 0.592503 0.705821 0.843558 0.459107 0.0482474 
0.306054 0.452829 0.322152 0.176557 0.882761 0.980675 0.913593 0.264064 0.842417 0.158471 0.461877 0.0963908 0.853177 0.351263 0.284588 0.470456 0.135267 0.019154 0.8157 0.488935 0.487213 0.280044 0.497244 0.816167 0.982667 0.00778108 0.600281 0.210084 0.997453 0.638065 
