0.990117 
0.297418 
0.977353 
0.0962568 
0.826216 
0.0376856 
0.304146 
0.328699 
0.751656 
0.551102 
0.0931896 
0.744751 
0.614496 
0.342171 
0.421617 
0.551926 
0.35335 
0.398841 
0.898402 
0.346152 
0.29228 
0.582183 
0.815547 
0.0672276 
0.628995 
0.726059 
0.655753 
0.554324 
0.875109 
0.218339 
0.621071 
0.0647794 
0.448342 
0.500476 
0.300844 
0.570147 
0.0138844 
0.124343 
0.806935 
0.170636 
0.550432 
0.492883 
0.524106 
0.403032 
0.163717 
0.0603802 
0.452345 
0.729851 
0.056412 
0.721887 
0.298374 
0.290993 
0.134315 
0.385484 
0.801702 
0.963767 
0.532214 
0.500368 
0.523083 
0.0729659 
0.20207 
0.174946 
0.30031 
0.300129 
0.14894 
0.334446 
0.75276 
0.966785 
0.302191 
0.0486485 
0.429823 
0.435588 
0.576408 
1.26411 
0.230745 
0.143715 
1.24683 
0.789931 
0.731238 
0.70861 
1.15328 
0.865442 
1.00354 
0.80632 
1.42163 
0.534958 
0.515141 
0.349411 
1.23117 
0.196843 
0.227532 
1.39736 
0.960671 
0.180464 
0.812546 
0.55919 
0.486664 
0.843217 
0.641817 
0.826493 
0.944795 
0.309614 
0.765499 
0.518914 
0.953418 
0.315948 
0.363513 
0.715538 
0.348696 
0.481238 
1.00975 
0.675825 
0.129554 
0.646561 
1.13197 
0.0826133 
0.945647 
0.968536 
0.70864 
0.171151 
0.410612 
0.112919 
0.400083 
0.38767 
1.12577 
1.33707 
0.844965 
1.23451 
0.68475 
1.27028 
0.514345 
0.910353 
0.809748 
0.830645 
1.0294 
1.00307 
0.955897 
1.65116 
0.730787 
0.854107 
0.466313 
0.422509 
0.986285 
0.423241 
0.722205 
0.578953 
0.778416 
0.559832 
1.36279 
0.706746 
0.938808 
0.57738 
1.32836 
2.31231 
0.392816 
0.929119 
1.52535 
1.06215 
0.832075 
0.111648 
0.669309 
0.712297 
0.959382 
1.07091 
0.282684 
2.34091 
1.80353 
1.28635 
0.4396 
0.355458 
0.717502 
0.666524 
0.558447 
0.716399 
0.494765 
0.644095 
1.4827 
0.223355 
2.21494 
1.3862 
0.299152 
0.138121 
0.243333 
0.91359 
0.598468 
1.31311 
0.573225 
0.452505 
0.366089 
0.792554 
0.813941 
0.814025 
1.00232 
1.44395 
0.73972 
0.630212 
1.09618 
0.724652 
0.387799 
0.199076 
0.30701 
1.23578 
1.83546 
0.708008 
1.12128 
0.819777 
0.364642 
0.306263 
0.588264 
1.04023 
1.61095 
1.44617 
1.13954 
0.23784 
0.872111 
0.861504 
1.37882 
0.688688 
1.8637 
0.958049 
0.0222406 
2.22076 
0.793945 
0.998721 
1.2566 
1.16797 
0.652187 
0.577456 
1.35557 
0.843941 
0.907418 
0.901989 
1.66513 
0.722613 
1.38235 
0.965184 
1.3595 
0.0766338 
0.0234992 
0.956379 
0.149315 
0.216596 
1.4386 
0.580708 
1.06432 
0.754078 
1.68234 
2.0023 
1.23882 
1.51858 
