0.186381557852691 0.784814344207389 0.207026653055244 0.295308625893356 0.155183484512066 0.957140546974757 0.44085199956229 0.417783844668822 0.463963130675251 0.999114020215357 
0.591588424430574 0.974219506783568 0.7936091031109 0.605356942185466 0.059282254323689 0.678240189037592 0.962658508659049 0.45876904771901 0.777704776192407 0.846947617607671 
0.543410897213161 0.100324256325446 0.497206516492692 0.230700168061946 0.410820494386277 0.969419769694262 0.618741194440134 0.519208514739103 0.577732844833598 0.861597063567955 
0.307217324948205 0.169764111060701 0.750870831615958 0.519863396660872 0.384087665478259 0.752046492168505 0.653720882510646 0.897108556723616 0.98926544178971 0.784249845547953 
0.732859656654462 0.465275010695076 0.724925100727653 0.411534040853418 0.307379891245107 0.0559672299611898 0.453123908411667 0.0856516446409737 0.26372675716537 0.176321487200247 
0.179857075143802 0.371336703509779 0.174987838488189 0.215027084044018 0.936260471873496 0.011739901228775 0.858365416579263 0.900750575241432 0.0739924473952882 0.420502292040211 
0.622987658410929 0.788566383373454 0.431773333936205 0.840293959585699 0.315962754077491 0.620732398362921 0.0654667202333102 0.572390374124873 0.514837110604616 0.376498669852702 
0.687575224594961 0.279173017817493 0.682114923034745 0.614304897875742 0.14492741598553 0.187244746915878 0.964783421951519 0.0831018902238743 0.120030958933541 0.150248090275621 
0.91117380997631 0.135286539162865 0.590142590332393 0.301375996896777 0.432514960610806 0.905176250795543 0.0468221513558588 0.386115574793495 0.889502326782747 0.20770369295201 
0.380835858671131 0.703670589066943 0.328731697255795 0.133425511783553 0.247635401812574 0.974813780390833 0.304659497431039 0.652574870273865 0.501343464648779 0.432395988097878 
0.349579013001553 0.603206132819698 0.581233193702263 0.145212152514111 0.949692140152181 0.742441156495948 0.218820541720618 0.477298984363097 0.802744562739885 0.652743072581213 
0.848162407946116 0.197440866398884 0.983765493549106 0.925392390579801 0.183900760798305 0.375694988883071 0.848474744232964 0.549456447423719 0.0215154379325695 0.951752968483437 
0.0194766798829796 0.618733207380347 0.166664893447257 0.180454842540396 0.456680212470338 0.455043367481989 0.0061640033127363 0.268783880532903 0.290467677244776 0.0725877954460837 
0.580434163576286 0.0739507270573356 0.342889257620569 0.0533036665653905 0.371779305082458 0.997656918778187 0.54378395166154 0.21490723364623 0.138150041256924 0.101143745222009 
0.84454597222159 0.892161514220488 0.240275027201037 0.516803191327442 0.781107950519505 0.307532109699722 0.234063146918824 0.531153790669366 0.67813793939657 0.873983213456117 
0.189773711446588 0.462671337472184 0.505717097882536 0.589075712219812 0.41630028861071 0.276866407436974 0.892378091928737 0.4858457860818 0.859882805524187 0.197630945642828 
0.848502062004752 0.652614459339953 0.885595121060205 0.850667828003833 0.886382866911826 0.218130085433442 0.77606090666801 0.711609594014598 0.406913741454251 0.452155343981246 
0.371447515115474 0.460301532381351 0.522322278434635 0.0284336576582249 0.537729841184034 0.460222598182761 0.670019794862775 0.278106460338739 0.469906360842776 0.0991624853510293 
0.582251281492615 0.081320765928183 0.384999363860368 0.990772349485331 0.730031785334702 0.880826745142446 0.0891949993419679 0.0934402952705072 0.146140567584069 0.209303853997567 
0.248732086874165 0.632162061775583 0.662253705448495 0.475228317326052 0.296445076930539 0.8694535501142 0.831802215787662 0.633381829954765 0.55833668980421 0.589222621701023 
0.274450683565255 0.569816759760695 0.522959634827968 0.948499165556799 0.97265396709251 0.0357809216584158 0.753336426843017 0.714827301639003 0.888586867805428 0.242049603503034 
0.709590218343329 0.248530502969234 0.268001637615655 0.918327919328813 0.776786204023575 0.966251940991575 0.568036211888189 0.504717566040138 0.678387823186956 0.591137495397556 
0.505210476449451 0.642492079998486 0.458334632307261 0.137042837822962 0.416800550088789 0.496387917750435 0.541087767034947 0.687318847140212 0.0430725491720836 0.949611941789988 
0.0419134705462301 0.104573528188024 0.117339126829801 0.104423875405037 0.133212476424377 0.128019727050481 0.0929201639013503 0.0943012800866583 0.0623886199040239 0.0997712973940448 
0.575092591265786 0.949055334657897 0.5381514302527 0.955960670202767 0.70249444258836 0.334923021025468 0.60229134837216 0.739539754525441 0.742383317178519 0.254536668560354 
0.268376588936019 0.571870198227896 0.198428598668575 0.401280080523769 0.647840357955049 0.776869630495146 0.2128497772898 0.853165242132609 0.487277747837002 0.510157038722703 
0.0973354738801599 0.883855419933293 0.887863887737996 0.477688116220211 0.408457240029149 0.615313602076461 0.178161090981139 0.738039879497471 0.735332549133178 0.80748401645989 
0.114725391784981 0.450467504018928 0.781800458706591 0.664671982420134 0.643698057260745 0.544487599003157 0.237513696237792 0.0358073878364116 0.403246797294143 0.249035407261192 
0.884493476090728 0.0434576438861853 0.781243833815863 0.674004254633573 0.39431880215513 0.754593927953791 0.545990215778339 0.466922061025586 0.648418171386682 0.24698154139679 
0.885359139851967 0.182802737101121 0.980155609433952 0.544711463404741 0.376269019374766 0.94422518997128 0.128820800037133 0.91186811015554 0.605360392529175 0.137439000749783 
0.00324568605224877 0.00194753731123303 0.536994433158208 0.834015112222584 0.466613157221172 0.461105696262464 0.531381170316725 0.584219494870233 0.944746392906985 0.562264180689731 
0.316666727833229 0.0940211981466457 0.906253083391348 0.818542150243969 0.501596489598906 0.026472147602211 0.63620499241364 0.98000862101461 0.0353297314661569 0.256047946670981 
0.875014440672754 0.342368498902945 0.455592259539788 0.789488867581129 0.272102474462497 0.669831719047832 0.473053784432418 0.959591494337962 0.304141382004045 0.757299534792401 
0.887817792160538 0.0362728780326132 0.916794425454911 0.689673752140903 0.628626844780678 0.331488995341166 0.5419263449241 0.402919049201598 0.535487149460042 0.903407359282205 
0.0270067186586176 0.35233425149508 0.480686633461809 0.436139873059007 0.453087397414814 0.364466595499391 0.995193880280621 0.103076822939413 0.0105342843547042 0.205351177220041 
0.659679238779726 0.881415812158372 0.147947557699128 0.970806882343047 0.374214634177433 0.186622694545143 0.806884221083581 0.240611624069077 0.390981959870538 0.781593598248171 
0.919053090508156 0.934383713364748 0.948852078421882 0.657848764407952 0.428775757303774 0.0741466809825542 0.871026866993096 0.728849529936429 0.0197106781188779 0.388173632327173 
0.0346552674586649 0.73971575365297 0.413888042811922 0.0218567031336698 0.781231075966895 0.244147936864616 0.212628574260787 0.290614952654109 0.18002531194588 0.114272718247147 
0.930964657872188 0.346931656311619 0.397488015115144 0.921759506434686 0.509596539704034 0.0189162228662999 0.509387927104379 0.551455958953747 0.321615985742935 0.539085831310724 
0.351759554061003 0.0135994948927007 0.622971974134854 0.0634337091566099 0.854053470174477 0.511144543557334 0.820420916031147 0.837819669980346 0.750998497837767 0.671901524874467 
0.470720353730466 0.776755995372685 0.846566756213004 0.167165100459977 0.876153413313962 0.19687035455277 0.203043643490727 0.00375908326717882 0.377735779357598 0.511357916959337 
0.103831736962977 0.192265445596492 0.791129055239886 0.673171073793946 0.612540890712731 0.696926400966841 0.123692917902872 0.896056716588597 0.116054973748844 0.199338540202965 
0.895048033229623 0.890983800242421 0.96455644459401 0.560003700865049 0.196372344088274 0.494611215671688 0.691880551035653 0.380781658280044 0.89364197499134 0.787727750812466 
0.400528824654092 0.813688788883818 0.258861181882635 0.723797246652859 0.768864970579042 0.670806718113434 0.219631414472943 0.959530032692807 0.433855564054746 0.970225117188264 
0.0374988352312134 0.854236917393933 0.969609272054432 0.870592017742403 0.680352168301125 0.264617594037572 0.0616233529626982 0.213744218663539 0.39306842477938 0.491795610162597 
0.193958875814502 0.296339148458315 0.895270678298873 0.482290847006115 0.333508591037204 0.0459968546807776 0.246787765173014 0.798907810333979 0.999151365610729 0.612304001296889 
0.407898924112143 0.175470954961633 0.549215638752143 0.833187979743121 0.00790446178192299 0.864509334511568 0.410231253422392 0.468966768064708 0.24213917817402 0.2960570567589 
0.319082051138638 0.598190985941034 0.836132763076467 0.107148496074299 0.322091310423806 0.110580898354745 0.461043263819758 0.492181581936199 0.758888629725103 0.490389815742338 
0.10810141309769 0.129817635810991 0.126206115865519 0.307994790008412 0.681776995486149 0.788258740919453 0.846332712876153 0.0937374663518425 0.692212050908139 0.0479999938111139 
0.175797016724871 0.128421271167497 0.540985454099625 0.52137475612415 0.401990737835434 0.831717039934026 0.0600267726720006 0.358153871613351 0.459244534823441 0.422419877037674 
0.327537727288579 0.685982345278002 0.915019270132116 0.791313980038445 0.919128896884458 0.79042307641929 0.912858065031512 0.0440014366973193 0.239004160202226 0.500459076663771 
0.521688127382295 0.138966513259411 0.546927730120738 0.0496509642576875 0.312290762243945 0.786055134515723 0.802573789024293 0.0543099315941485 0.819398771548761 0.126695492181402 
0.670013502935269 0.470774471204214 0.113179848606678 0.467346675286089 0.79932462183024 0.111681945548098 0.755612844099699 0.861254875267966 0.219404983568429 0.697386114889553 
0.0615591717949945 0.274719870356193 0.104222199391947 0.430338840000616 0.79810054913705 0.950743704757192 0.726147575078282 0.109744190535036 0.578169358466124 0.14063388534662 
0.014363843694039 0.89211963739562 0.676551784989326 0.810750433618182 0.480912022647926 0.466338097830655 0.412378914486757 0.609096981390298 0.998597602344463 0.504910301320611 
0.30906664330742 0.761072531854363 0.630013656334278 0.221745573636402 0.0668515033229665 0.351960559482067 0.218753554710333 0.387297957362654 0.106066726429921 0.00803521764665431 
0.18587855418769 0.399246075151703 0.886396091412914 0.0314744389469764 0.318287819859167 0.404750575127754 0.184459695305956 0.883270342624323 0.853362468857121 0.695121919796574 
0.685143562034102 0.14818085641991 0.421106483688829 0.0859833423139453 0.757682441873316 0.897104192978404 0.0834520651812524 0.886863828121843 0.413558997228896 0.629410165728082 
0.757536706202647 0.147329154405069 0.997450182249994 0.71238272782728 0.692335223407575 0.20754648843881 0.752278163482695 0.78112141079466 0.0281915934061146 0.408898073484221 
0.667592303230211 0.321953472503825 0.408549344265669 0.740003714967224 0.00436405255247057 0.794283281595531 0.607382040561649 0.691147851972594 0.629116603577944 0.682178607400497 
0.136088898283542 0.624835830678833 0.965896960425405 0.0405847442149427 0.953307843785705 0.153760709919799 0.583165293831152 0.00442576027802792 0.70344775500783 0.828089382803586 
0.849986224105796 0.502419977244109 0.88851166303179 0.913935572491134 0.769136707798327 0.0221272591278437 0.0399382274505505 0.229737059427753 0.692459625939139 0.250777360171569 
0.896834484909169 0.397879143881682 0.287556688959219 0.0286103177108757 0.472944162346511 0.412691959443163 0.482145989123076 0.477642930114616 0.934834207517082 0.0415100664040084 
0.562720735485606 0.10047340032893 0.880698340617128 0.502373059154683 0.802656462132461 0.0736417232654413 0.836527517760584 0.820665595999458 0.235413111939342 0.71463069308504 
0.186537046747551 0.492055679298963 0.321988234539234 0.51858845912579 0.444708149683757 0.558408371083891 0.646180219351395 0.133566456727968 0.947934711214827 0.597273130961386 
0.31859037297267 0.0241988921040605 0.396572388887333 0.603188464026575 0.736197042207052 0.765164183150057 0.371307506948267 0.97618546070635 0.952196798713154 0.355120723561317 
0.356066020822941 0.0417248243773242 0.332772242049999 0.716597492159315 0.854139659037664 0.597193444917074 0.0416423223848332 0.0866486812923381 0.372434391997711 0.445342442350912 
0.546858774781435 0.220319765411814 0.859426758802644 0.893478339685371 0.211224635942706 0.9426706686823 0.525701391187986 0.61070090964195 0.132968477919797 0.903210353433872 
0.125428132067027 0.164054402937253 0.529656926421733 0.730667626106173 0.0440882414412154 0.893887170195396 0.406167625857048 0.0833920996273226 0.589119704790376 0.916364444805234 
0.259413088655424 0.981781377977854 0.884951352558183 0.804685407370101 0.561578101067175 0.962618622581345 0.528935285891201 0.0686865858203138 0.508015534067228 0.908874146539165 
0.493227481277724 0.840341459420023 0.762968509797822 0.0336301655284484 0.0289132505926645 0.350773027531529 0.749857312679368 0.420996349758685 0.223461055172764 0.87685744007463 
0.902259307713333 0.100800879283529 0.41094354410176 0.260838710292897 0.941306001435825 0.238929929637502 0.948053155811762 0.962928389570534 0.381809671806063 0.250858826903052 
0.465676205137735 0.0596834578325561 0.902591841841147 0.901290418728818 0.197992986924991 0.128481404096217 0.747192130392729 0.721227722855533 0.125220546500083 0.359668549138174 
0.511960361786718 0.767270598140041 0.631492701285171 0.951672946301967 0.238970489051696 0.793768744335675 0.427252601748636 0.62169621750321 0.66174029891883 0.670963318700739 
0.653465373977573 0.370041302217514 1.23879367430586 0.766133178840794 1.35360552168913 0.764315910429542 1.05863223541474 1.20341135923202 0.532991240399359 0.769981595515298 
0.155374021036319 0.821953533234747 0.423830959128532 0.53571424477171 0.913474184100884 0.120826695529783 0.111062473069197 0.725206250105166 0.16723018869621 0.674677081161203 
0.477028856975076 0.482930345106952 0.603574265670937 0.933808962534185 0.69087281317754 0.833563997740684 0.689875997024683 0.0340691007005437 0.621941229375382 0.666977661523189 
0.702114259032489 0.333263929354388 0.0306873431164404 0.365034508390059 0.846001427683176 0.829232904094229 0.159690591675251 0.872913843484534 0.460797475201336 0.743671575826402 
1.0946545583735 0.342543883822591 1.48010037325788 0.538974922645304 1.23234149114409 0.466642965860938 1.22709425682223 1.43740553510591 1.00242225059609 0.495744511369038 
0.38090077044592 0.853193746999313 0.407852951876595 0.828318178963848 0.352237951284026 0.83133669407549 0.55649465311604 0.759698905062103 0.947323014867487 0.176281093398169 
1.27163409990107 0.248998839935944 0.614188539634724 0.563651306274567 0.54368827277147 0.577082152132829 0.794907405664508 0.622613223314643 0.996933730785149 0.350952023510269 
1.12151719112035 1.28653514879905 0.996433961123148 0.647059948920542 0.477498372573554 0.518681327426462 1.46621863036395 0.812218876018818 0.576591983861563 0.961349544969516 
0.106266761878525 0.399757713306748 0.878422051707231 0.821597321193208 0.050108163068622 0.351130961953808 0.0763035001962666 0.183795742775005 0.72859469253386 0.821561303223995 
0.729288413945661 0.100530302343335 0.649153029986583 0.233207145664954 0.0169941378705975 0.168849464876582 0.31304596392083 0.228560839362021 0.696070661495243 0.609271975219543 
1.43811236589649 2.07651059619166 1.88113845743361 1.35411361511156 2.58674421449187 1.68177264982409 2.62656447925638 0.669923110770306 1.83925439397223 2.04975873067954 
1.08344966077353 1.14019475711981 1.25570660592398 1.2840213497253 1.5208514064608 0.8240856363997 0.775571881566084 1.13594506413658 1.3256639700349 0.667115891362621 
1.55595810542698 1.5073637541952 1.07552982844183 1.44115712514452 0.941825805407339 1.35811369209721 0.909870257157334 0.773565710264027 1.33459103754417 1.42243042175742 
1.19547594540107 0.885025298098717 0.450112908275998 1.49459787864695 1.19986085309379 1.5297151919243 0.268664910451026 0.970640092420624 0.359724768418154 0.861717527302558 
0.40692219891352 1.16886756915066 1.1789651540234 1.18181471556577 0.884763947128932 0.896119406499701 1.33347475915969 0.898774501343235 0.676946866111008 1.01982203344368 
0.155316198382789 0.965202614835365 0.500679073249484 0.117215364773931 0.744664020401264 0.10585349272839 0.846247038906173 0.904019980163527 0.486206528228611 0.336084702837349 
0.669447632162981 1.89483171347891 0.853228175110566 0.686961347360078 1.08870580212818 0.986024814235557 1.33904660141881 1.07853975230731 0.454357875601506 1.32338278154616 
0.811004707465639 0.486139441356294 0.561292066223483 0.183751707705073 0.739355135265513 0.745310465025079 0.684233461617512 1.12261861053272 0.514724922802097 0.982186778205367 
1.2784621523454 0.997369910335385 0.939010726785946 0.671725869213413 1.47146906776163 1.00920692452028 1.21029269559746 1.36100417270037 1.31055455297829 0.621007021245312 
0.397514498318958 0.634306776569661 0.832555894321195 0.721838065749217 0.785987718808796 0.4534916102817 0.252506223151346 0.413271248286365 0.560228352167591 0.931247193127228 
0.857082712690497 0.730497598023772 0.898056620500862 0.185546346431046 0.0755563641051778 0.403174717417549 0.655683455979408 0.40318607268324 0.365118146482447 0.734454642875286 
0.581215361048388 0.430513673665759 0.685169462465175 0.832597782356212 0.674745351234417 0.414732688382133 0.698358044890786 0.751536995342744 0.709706281737078 0.581075963526728 
1.57935538134454 1.08324902086166 0.844273791591175 0.651483642338915 0.632086666162384 0.829396352315512 1.91810844550647 1.66044360882839 1.57937171374803 1.3566966759838 
0.997439217859456 1.35645172023833 1.24762078575797 1.00898902418785 1.19638081585669 0.611217120899559 1.02477404142655 0.120993550873563 0.98698273410926 0.886515715195096 
1.37343143111838 0.792847511148175 0.818251773092779 1.44079099820071 1.92985656195528 1.79793511221312 1.47784411588151 1.75141592024598 1.13619001422284 1.28208096616387 
0.54042448387823 0.227649521724363 0.337128273680296 0.402399007869141 0.462578833190563 0.694170496378311 0.358979744791941 0.889791194603339 0.540171624824626 0.048428890425694 
0.825491592035535 0.144996971467212 0.451249185617926 0.704073844304795 0.684056367866332 0.771138107267877 0.749322224212644 0.501729186745548 0.861712421058758 0.303684329209956 
0.492489834901036 0.698391272965965 0.528651891566839 0.477024432544485 0.236157357057659 0.0644562724260399 0.00355433492861195 0.972867750517868 0.169901655622793 0.665358337754195 
1.06700320233098 0.639510393102453 1.47790837480038 1.21202253292457 0.662284515934811 0.92054694362463 0.577086510427959 0.306698079557844 0.341827053661484 0.316225878821977 
0.0854544151787098 0.16173306025052 0.346916830539881 0.69828868774346 0.0305020544946887 0.353321208440535 0.11849064258647 0.829004075404365 0.612731747642525 0.1343424555209 
0.416220786743039 0.224728171790069 0.474150762917101 0.221853111062318 0.74816435395746 0.507264909427014 0.525503139216803 0.743262186138441 0.721652025645289 0.434228492235135 
0.281287402844126 0.0511172029115427 0.87160519482916 0.769328569687143 0.274342280368136 0.0462450277295195 0.378144081064329 0.0658481410472372 0.247974372782099 0.117984743787558 
1.16271172038825 0.971366421346418 0.891158129743273 0.743874972270886 1.01631756707075 0.734085272229105 1.17032122186984 0.678255782638859 0.651203286413381 0.591733209826425 
0.657471524274938 0.418976169887597 0.975286618588277 0.550736896844448 0.764441679011615 0.980875096214268 0.682664104612031 0.560224833541147 0.376292218730886 1.07458628930335 
0.398886556050839 0.106053856490576 0.334052059915889 0.362305533352084 0.656368100934905 0.59304977871377 0.32111876967956 0.197318164306827 0.751993442371441 0.145538463266184 
0.719733854058438 0.791152023690157 0.697871980228018 1.0666327959333 0.486360991396018 0.608015024909011 0.763593347177148 0.381076692571678 0.770041718364642 0.447574879063147 
1.52983340758415 1.78122683437743 1.50854410892959 1.3104382374616 1.04404205730033 1.49663081002468 1.19963915881802 0.945843617190097 1.33287667736928 1.22217517669468 
0.485462271618204 0.0685197201849794 0.483518284273746 0.735518602355398 0.328477423543738 0.887166478610596 0.579462766527847 0.617551092677309 0.962486995964689 0.252267149363976 
1.00957334255594 1.25153476634065 0.695312521556859 0.477526059744959 1.10904736496965 0.971552351248579 1.55017157053467 0.809690559638731 0.825609006863244 1.28411922003741 
0.0942416517488659 0.768383038393604 0.313675123142033 0.92237118082589 0.0752767778907032 0.473241530542105 0.536212798734741 0.0256302882633665 0.590501641524973 0.815180109035364 
1.05352896568021 1.03863486615288 1.03805940168422 1.15120119147062 0.826074503972865 0.725840606646479 1.052036413033 1.46674590812174 0.913065408813595 0.67280947486582 
0.749245010764962 0.946600221422417 1.3917661441951 0.578352423329493 0.43721066367905 1.08916981516927 1.18344242696633 0.351361567141447 1.47604522385949 1.09654124446216 
0.88517656201695 1.00772467119443 0.828505077364447 1.18171517506633 0.363877978426703 0.592618026480429 0.977614485786588 1.36757675301834 0.862478706290633 0.651224983202789 
1.00459667759573 0.333466605656891 1.3660083264513 1.06459452597783 1.86451451950504 1.56686097160784 1.59364287816608 1.40602177556012 0.972476706262511 0.715703906472586 
0.822865057050809 0.468291684215212 0.774088137311264 0.665152426290469 0.890213724716818 1.18635537169202 1.1818640949142 1.48524997451552 0.583539751925372 1.14559142386833 
0.956172388318061 1.42172107620407 0.709113181888885 1.21757087483485 0.756069160426394 1.51907673884594 1.14270391686103 0.86512100660012 0.516448689068238 0.912083914951914 
0.494758284447344 0.770636242413202 1.14098209536997 1.06178355596106 1.15093505033381 0.903215758934507 0.314064215543017 0.771544015711012 0.599042862652849 0.739125213696802 
0.960089835672825 0.163752862317013 0.654139101313024 0.439906756816459 0.0356120737423045 0.382533268213993 0.169954218427894 0.102295048905621 0.75650796795877 0.291294558478266 
0.177654319129434 0.339566620610054 0.885506336576966 1.51166756523735 1.3733604027121 1.24515225338697 0.980076835101602 0.178565161061081 1.20602324266537 0.769088299709152 
1.42142813608536 1.91104380781843 1.40654720586829 1.92386908874787 1.32739806929368 1.95719197328257 1.75600152548082 1.63225866968323 1.990499259768 1.71111798367522 
0.265026759270019 0.677478583735717 0.970151303148756 0.943877060971405 0.640526780609819 0.849633693261879 0.374572638247152 0.705924041860751 0.992132969136387 0.561746147962777 
1.31109264739659 0.861100883700789 0.696680366795219 0.628665349939208 1.37500934065302 0.540441239360526 1.22529929406051 0.849954723206151 0.468823940143769 0.996593454706071 
0.219168429962676 0.254491249561098 0.700730166107153 0.428715234435924 0.566096308294081 0.535729938975837 0.820019787233914 0.6157790519406 0.495451568075166 0.175421005568869 
1.1195483846526 0.158186994199261 0.468802307041676 0.257414300053833 0.80608069489528 0.669938978315277 0.975582598535004 0.497598624200117 0.362586749960118 0.633180183112535 
0.696216889406288 1.51875583823126 0.972714496469077 1.02435974625816 1.10157847876288 1.04960332579392 0.900367281273101 1.07270731797695 1.36584376512948 1.67841636592575 
0.156267744491838 0.285021639754941 0.292723847851696 0.69219765451886 0.964563258193346 0.887058032142981 0.00240335530310791 0.341810559210853 0.186850856772927 0.108005437767769 
1.35258596332199 1.18184252744132 0.945876809713753 0.903933529152953 1.11171273910216 1.23586956540117 1.36240447667691 1.1974983812926 0.938020535015665 1.91665838204889 
0.275286569287825 1.22128231836233 1.26075710142994 0.95328656451781 0.676193440003083 1.23205257292614 0.852380881082772 0.660562837458569 0.776002202035055 1.08117854068191 
0.218130924708809 0.0824721049199219 0.211951573463076 0.598179235119083 0.672196916585733 1.03930820111533 0.599632301814483 0.52680486519565 0.102115296894936 0.77412613089047 
0.514478680384702 0.79047933111731 0.608877487442586 0.718608633351353 0.904642886073368 0.767036745803642 0.532162381559892 0.746303987405426 0.531254260062866 0.309931759198233 
0.933377121851199 0.653936564526117 0.251735386219964 0.449274302852585 0.382816487264906 0.075318653235758 0.520669470016822 0.649817925179704 0.719331653576704 0.376204932250924 
0.551702448608181 1.37154361872515 1.02370777867669 0.661796323277416 0.609340877787691 0.429345292455292 1.07981790143889 1.00706511937739 0.642817101008231 1.50667619702181 
0.80132540413036 0.520378872166669 1.3562495301999 0.338016781419416 0.452743753305541 0.753131977966403 0.513833152626353 0.993555942969189 0.939826517639768 0.964554176508623 
1.0657741512628 0.822738370906836 1.51230199306364 1.89150613267076 0.968887671113291 1.92424045401615 1.10556597544991 1.72753121003439 1.19751919142935 1.63069077407302 
1.49535802756293 1.79965464684742 2.14624643726243 2.58180506232183 1.60799558731183 1.38777259791323 1.39642891207563 1.24078887343665 1.57573020923056 0.509062002178243 
0.268982780209433 0.935039685200826 0.958989247125529 0.163885423384562 0.339968757656264 0.833616729485591 1.05326146617468 0.200000938523318 0.617386640402238 0.606844412786063 
0.381274428183004 0.2630857703689 0.592014387927447 0.354291796476449 1.0262660944107 0.505205537749363 0.407343333460608 1.05597686881483 0.514519076165806 0.336850750637572 
0.689912559867503 1.07361294851554 1.00593706162891 0.519118582346593 0.31375815876665 0.823152697076757 1.19293962190335 0.678521152579674 0.484160394164299 0.371377563151825 
0.964226012888686 1.20510880164146 0.750658408174455 0.16299378732185 0.730047746437971 1.25797582211124 0.60098121825016 1.05098848300307 1.89149935604635 0.891032138723692 
1.11060063713791 0.407761264375375 0.861196419853347 0.923978050762273 1.17899536600739 0.353115324782249 0.916909776532572 0.99761104049026 0.509385038528811 0.57413542099391 
0.760761948169865 1.56302539458673 0.999904400210933 0.682840556440875 0.557646305535302 1.18800947633167 0.65653213104092 0.501679686669558 1.1670866457677 1.78341159164809 
0.928832385847816 0.317028521430824 0.355570215253686 0.517818508292125 0.825301058980252 0.551858638960544 0.325228325277652 0.313015213780815 0.667219862516387 0.709174131549271 
0.281954441327219 0.756918901095192 0.82843316464536 1.04825433075315 0.308741311092269 0.0966793005920855 1.00418113533109 0.561197676911953 0.925729413450938 0.524030255623917 
0.966238859287157 0.63633905195914 0.304246695742092 0.976108010176266 0.741446772407884 0.189768069369745 0.856737716685292 0.854150349253549 0.84153214381015 0.856230004071472 
1.90865788766167 1.47326510345758 2.63542919842298 2.11057357570765 1.51659291377222 1.96866256462966 3.31688309111715 2.73796195628289 2.73475051814344 2.10620459475519 
1.21572320566519 1.22842569966749 1.20167034729628 0.751926936671227 1.83700474009163 1.74504571205731 1.36180865924309 1.45679835549445 0.185375905522045 1.46361108004738 
1.31961746734614 1.07482876978733 1.64098567658665 1.04623755533812 1.80220317270697 1.62271466851997 0.642644881499108 1.53255095166946 1.4645354393112 1.45446795148152 
0.233734624008707 0.0256663285027854 0.123722246039756 0.78283279326037 0.272533270390883 0.459756529030029 0.843015656235945 0.725880130471412 0.216708115801921 0.291290076724356 
0.746612633418264 0.674351358504851 0.705506663998397 0.307366193102764 0.84208795812343 0.911729810991707 0.53792647474623 0.861786243876179 0.0566746522097468 0.426923240910898 
2.44945471189606 1.4659299767004 2.12108096508875 1.81457396804127 0.770904773868975 0.666847356836282 2.16708795491145 1.39849116756397 2.01554028710327 1.38126007634319 
0.709416952842564 0.316358160884307 0.334693275148305 0.416272973812668 0.405807706402341 0.802466243552234 0.533363729107804 0.263271589774667 0.602950802791736 0.979173525157317 
0.78262755317254 0.746789148090248 0.765526848183893 0.300329844316065 0.695407795926272 0.437344521745813 1.19158591870152 0.805586095879303 1.30098587704133 1.01439397652349 
0.432752483143334 0.616275216874034 0.254201307074892 0.972063102208659 1.15255272166116 1.19594933707692 0.846249400506164 0.925153590348016 0.425006520188096 0.989253343790707 
1.09404063388821 0.879293878915549 0.588551712041064 1.05198577515626 1.02212092182898 0.862606854634599 0.660084260994513 1.03210958079368 0.515165788392686 0.261488742817448 
1.79372953045954 1.12490143880598 0.606946879470437 1.40017356555098 1.24325611811812 1.66517794187015 1.03918463883336 1.49417153720313 0.233457951606687 1.6082050997905 
1.38255701758906 0.905788727011032 1.15575146176836 1.0921498462532 1.71123440912446 1.73743065797538 1.31726087240425 1.61457496692745 1.3802611139528 1.49608159926376 
0.149075404430675 0.347771967981228 0.614077020671781 0.501634092598332 0.377526336117381 0.234816581715227 0.309374140005476 0.885430922493755 0.0900839748655659 0.380090022524325 
0.977770609242317 1.09452905622192 0.926954468963036 1.28639173710225 0.834684712469041 1.76187037299403 1.32018586996947 1.45189161083554 0.989106177174267 1.6217689486847 
1.22988455036356 1.06647411825676 0.629122230788538 0.845924072532285 0.909632622819243 0.733363520222542 1.22504003978903 1.38818673441487 0.798606364947491 1.25364862164093 
1.19832783807524 1.68491961121621 0.603256793620639 0.995945954840106 0.551438843008852 1.14045415657209 0.774021544912167 0.341064404653433 0.820704282408368 0.577756466770711 
2.02133046921209 1.92187742988295 1.85388808050451 1.43455199907572 2.16288003307085 1.64355038560561 0.830269189385864 1.15491805935208 1.59010913783697 1.35511367613586 
1.61388852975163 0.894648923474175 1.21946391087523 0.445571034490718 0.636361850419565 0.251863977061851 0.43819984954286 0.203809281007202 1.65446736158333 1.22662305495476 
0.631785070668167 0.56424287747 0.229019043898477 0.223882460206277 0.089665477417968 0.929337791960112 0.242354766573455 0.643533713235935 0.0872937075902677 0.293782117396383 
1.9541260217694 1.38233404491405 1.18422620192779 2.48964937071605 2.46916019962075 2.01735455179112 1.42368696326402 1.44289284835028 2.09388671586389 1.11038694740743 
0.733878894656992 1.19588191225473 0.896660231467641 0.89448596763392 0.741870959859938 1.28223092259733 0.966273563282794 0.892154042779973 0.812669917084371 1.43336298892792 
1.44165593371402 1.17820292031228 1.17850981917891 1.43668366469648 1.62694674370819 1.60507434888805 2.10709981429348 1.65425231843949 1.61669297382543 1.8289827925953 
0.2668476179676 1.10885736117265 0.945191423264161 1.10558354356742 0.874974324918422 1.31647404722543 1.43131326294766 0.735423434629576 1.25265969558153 1.24472575818149 
0.937190927815772 0.333627975642853 0.328333625402703 0.123787161106341 0.790563815955364 0.545144617255372 0.22976354884298 0.613877460106334 0.398441517981708 0.873207104561238 
1.52760632660421 1.5851603599283 0.891661653648043 1.74616436817259 1.88001890588483 1.11703979167975 1.57521483363559 0.640713346075497 1.22171849947249 1.40059488529493 
0.280866789040514 0.532814570593265 0.439571814590261 0.746414093351661 0.991886304343358 0.414501582309948 0.876821880734949 0.656945962318118 0.781647678605028 0.386084470086695 
0.511539962465126 0.665232742417299 1.15228970878705 1.27761919754501 0.585534693378462 0.276756891577932 0.573286068397028 0.941956228462795 0.807599130478143 0.142146548056785 
1.10615834974733 0.862243270425718 0.816317693364278 0.830544022870156 1.11887289497044 0.716166602595582 1.08572048789736 1.10548469331344 0.634882630960035 0.631886844212364 
0.737637579296014 0.637953799480192 1.26578036382861 0.578805202955279 1.11054433275646 0.302200732878474 0.78793442629945 0.876346396468976 0.640184226910873 0.376408058985658 
0.625829104566015 0.931955144827695 1.23974003375506 0.541490668714565 0.451287319635514 1.09040243437899 0.446924439153911 0.553855419303424 0.504455822639617 1.24558244853362 
0.00443983764310756 0.276830560789108 0.355645081678496 0.111211441860587 0.258654966156924 0.218859943442399 0.411488484266664 0.0340865150563301 0.267229342263118 0.400984537291051 
0.240613687721559 0.8229842601278 0.266856373033243 0.460311934910269 0.732683009167959 0.609501879483486 0.638185815142256 0.531234203562329 0.0845181859852714 0.0711793156396103 
2.35721745627445 1.84766587451341 2.47048881984329 3.0049394943489 1.82250569535951 2.94782077667835 2.47181627877171 2.05456685691319 2.58467689220306 3.08088481403539 
1.28594920779414 0.645285080404899 1.2939600876679 1.13545537971597 0.934964912442368 0.75169420001113 0.53798313317824 1.20239485587397 1.37231241107621 1.59042034154934 
1.48321704559235 2.397899517708 0.895012980548122 1.76442346480534 1.94057331249928 1.6478497500652 2.66460795172454 1.86606663125655 1.86395341365875 2.01321295215106 
0.884220907916783 0.339649867140185 0.826520731321615 0.653119994605587 0.761730470739788 1.10522065427259 0.44260293167567 0.594236716760635 0.728294302574301 0.524173476970261 
1.27738075650948 1.47712516134539 0.75488011604676 0.638601287132748 1.32484437624448 1.42821436141679 1.14400965372324 0.987418205173813 1.81399590956435 1.43136091820773 
0.407336967341612 0.848611324486184 0.776710191001312 0.638840566658638 0.115189043608799 0.10810019484964 0.494761318463214 0.318990711938932 0.788243338723042 0.751835865285111 
0.606057572091109 0.724094828402847 0.886695576661111 1.0503012348473 0.818739058703147 0.772753056341174 0.17545800060986 1.14664849962301 1.10191372282099 0.864525153154795 
0.423356489859171 0.107964657439835 0.35257925391362 0.541616917511378 0.335028924719341 0.557461911875734 0.54636176093218 0.588993160551656 0.378118519363851 0.752086905147915 
0.917448034605281 0.165481157278218 0.921500955658219 0.562394394828642 0.73510033666575 0.646520079545137 0.29672024702472 0.164898340122827 0.367709321458051 0.695854586145862 
0.709724023913066 0.526997444111653 0.221678259681939 0.442293950302064 0.450768023587548 0.527264959845666 0.0855390652152262 0.592440167503723 0.0858407488707383 0.249046518858379 
0.360142851425784 0.997358277949954 0.800296810555598 1.00383110739704 0.113622589707243 0.464148096062814 0.770338157420344 0.213732736892269 0.907069868257605 0.574041029239206 
1.51587480873963 0.988547284691782 1.20613811029571 1.74344104956446 0.609217264918942 1.74346550499724 1.27307471117216 1.05024556012096 0.992183391075309 0.975260635214075 
0.261958554715081 0.0445451164929787 0.612558723910056 0.0193875588751209 0.606182157799391 0.277492463672676 0.434385015123424 0.0788392895187369 0.151918280909781 0.325713844433134 
1.40524089881153 0.931959914012845 1.41223355605602 0.690127035112187 0.37499292509367 0.918350998055949 0.907181808349355 0.550368058397203 1.25158155787794 0.998116723830861 
1.48261979988679 0.929250714245258 1.89609922672513 0.484978083131063 1.3081053081616 1.13124547128507 0.944978445885266 1.32641069029117 1.2568635066181 0.791816012145564 
1.50977071287788 1.290996578598 0.788356193477101 0.209390021248071 1.61986152095223 0.886350560591389 1.3018733291523 1.17743896364395 0.337741569583348 1.31777482707132 
0.999927839855336 0.691074739456092 0.971457602188957 1.65780283888089 0.975232355036573 1.04685031874503 1.22740685024157 0.591692499236831 0.871422107839551 1.27069476957945 
0.254588828689109 0.654701112438519 0.947134459165094 0.889317459790331 0.131257724918332 0.706605620819654 0.833392158868876 0.816654983513497 0.435347389571552 0.359631674938622 
0.983801274479607 0.545994935312238 0.900029980469476 0.759598488010735 1.46362318397008 0.200952054126835 1.37027399324483 1.33253953783792 0.807197600058652 0.932869330816384 
0.874973061381045 0.884862367915628 0.151342728444949 0.635072914200696 0.623154072403175 0.790036756477762 0.59743816640781 0.291300727365 0.898334175345217 0.617031151085287 
1.12349459551204 0.294158749570913 1.52777551270559 1.41880917367136 0.926090207589134 1.36364349782296 0.909791639770433 1.45265835464015 0.789539528817325 0.6076287307859 
1.18460179448015 0.0914759150955705 0.91605713336569 0.912255406263153 0.41603692834937 0.605426148690238 0.659170123497751 0.243310575380171 0.531810339821668 0.460320311826161 
0.490875718563291 0.557331244505368 1.08042908477927 0.765653613307535 0.517020304987311 1.05248082952344 0.584869059541268 0.50193033121892 0.268387259679543 1.23338668704348 
0.503908620903074 1.13793155975201 0.921476788798742 0.832267166741365 1.17472979290258 0.614632354172166 1.17991106972837 1.60086166537815 0.493428231601459 0.638926482112562 
1.2618368211307 1.35796686384572 1.1266907295538 0.925644641383945 1.26025581084775 0.344190813608544 0.586927117831595 1.38304044524949 0.923992258671607 0.609838152380764 
0.0507549347852649 0.365689945500161 0.0528370894613316 0.614544559907087 0.360985994943607 0.702443970276131 0.786135898933073 0.23600117663099 0.0412286624807527 0.438729577936697 
0.581592876921112 0.708209376447162 0.476746303257215 0.531346341389504 0.842095908858337 0.354183992383202 1.08290437650925 0.181771110809499 0.187428888673646 0.37555599685015 
1.27236606058046 1.08128196543591 1.0359248162753 1.00151145029477 0.605529712345927 1.16278047677231 0.631958104547097 0.647179925361663 0.947443380818309 1.01687538800153 
0.610128455830969 0.421240703507454 0.453563658747229 0.0822494111634798 0.636010137027605 0.946497346942339 0.370673482177919 0.657610153213287 0.889189628156983 0.595325604126116 
1.04799673427425 1.16124044560051 1.57211064327009 1.49015348391015 1.03998274869315 1.16482016249371 1.43923066514818 1.1267479640989 0.887420049631522 0.779588733030723 
0.733971707118802 1.00252446361999 0.836347485977705 0.708666451740276 0.0863278495593593 0.640904243259928 0.888782227363183 0.0250814389602304 0.600789972152078 0.164102957894985 
1.2975578462984 1.15366378440032 0.872286302726571 1.37010158539477 1.10765799018538 1.03555761543384 0.944384885361165 0.604974402592014 0.546424240919235 0.865033217880929 
0.666098446490595 1.06071757365266 0.841723405176233 1.29050722726543 0.682412645539889 1.1290463012189 1.10727689058803 0.849365838215122 1.29000866226479 0.568884796633546 
1.38783473316007 0.607558621737863 1.54169672352457 1.49331923791927 1.51709579265263 1.93107643682215 1.73578391142845 1.49479522206341 0.862015068432425 1.85883429674888 
0.7052902134057 0.384910021740987 1.14176074095765 0.801469152769765 0.879749608681792 0.796234880758525 0.874325005103657 0.972197929948497 0.516406357149198 1.40069463036957 
0.90521525414076 0.702257045753893 0.0108274444492372 0.84501423910284 0.723079011396536 0.052138614448385 0.0815015772656344 0.568923848155911 0.600941980883396 0.0372303146803581 
0.104979757827602 0.705095590899907 0.960028251835711 0.503325813126917 0.233944157641153 0.429623801317071 0.903882780769378 0.0903698364733749 0.211756315247515 0.954076083483294 
2.27732524572845 0.885863719228994 2.42995929978471 1.50845011711183 1.63136006349253 2.4111065873527 0.808103321055967 1.03026141537244 1.6291622077178 1.86141119450057 
2.11475691506662 1.35785328891473 1.31013512728712 2.81615387883673 1.94962711179629 2.15594461038323 1.3857135441669 1.76963037979888 2.28998741206101 1.13205293215418 
0.690614690962462 0.686440137497143 0.241518572885742 0.751951385331511 0.916357066711715 0.985871970397556 1.17235746751949 0.196399507929058 1.36029038794077 1.26858643697354 
0.846699508698785 0.855827119557577 0.913849786670659 1.03897401957199 0.384322413659624 0.396983465139789 0.51083325438527 0.5773844778239 0.938879850413463 0.270622131670246 
1.14509782941894 1.28518707940771 0.879854786600842 1.07810187537736 0.436270847247541 0.858876763369545 0.936578320932801 0.262195631768531 1.21052611501087 0.454819003901188 
1.39137896690162 0.901553504600216 1.18960298918656 1.31388070341725 0.581861025817616 0.918959166168309 0.550484591784903 0.271675533229532 0.372815510553198 0.689066433525287 
0.631483620576021 1.78331383025435 1.41386107114187 2.06019296710099 1.83161711387863 1.62824510274237 1.33925277260543 1.69267745201328 1.75645766355632 1.6413099159673 
1.58798998990078 1.50769262817519 0.997629931206087 0.599931016681586 0.854864526601363 1.4370971491594 1.22133571087382 0.761643238933821 0.86980540970425 1.47092459589781 
2.09516384456253 0.492603686851616 1.14731005812703 0.997799365500729 2.16235924263304 1.1778056217413 1.54964037479198 1.46101799383851 1.07008996474665 1.36106733285595 
0.740017985279385 1.06617572105929 1.09973859516812 0.80756181207478 1.304677702658 1.29930897525855 1.17196482241438 0.53664649721689 1.4541987277656 0.793027611897341 
1.77178017094783 1.48078769579198 1.21495319436614 1.61408074665828 1.02007674597831 1.04291786499587 1.28203328872842 0.737325193787066 0.299479661773647 0.501103303745702 
1.43603639162855 0.175673734208366 1.29829116675206 1.01618388540778 1.07119999038676 1.5217383971624 0.817196928647846 0.809036822304036 0.822883471308991 0.750866272781867 
1.59201955020218 1.02947106579787 2.46324844578904 1.61476058179947 1.18906400284959 1.54284345281216 0.558326654253491 1.74715759450776 1.52948211776925 1.84743945434704 
0.797901810054075 0.276016290891626 1.14982271694635 1.4311449360412 1.59713635141859 0.638886411584421 0.840059536765434 0.690180771636499 0.317060950142643 0.955555392976951 
1.01712806170488 0.643205231078704 0.531140810355196 0.326391211112447 0.750001704079141 1.27110812160917 0.457307710260737 1.01381889201236 0.556441534016298 0.437019907813105 
0.638582469625217 1.34748433541057 1.07120724878316 1.25630303557156 1.06513233122605 0.304912259425166 0.958374985972745 0.674943455416711 1.08511290787141 0.532879130789471 
0.822420258169408 0.691349211298029 1.02093615014544 1.36241717282233 1.45547199390372 0.618515388299898 0.76432668389413 1.85702723873247 1.26787277467027 1.62685532688686 
0.875153387938327 0.15254665652009 0.971890251120449 0.65561617939963 0.200344279162863 0.547691521028701 0.346870002981351 0.892926902141807 0.663029601159411 0.792662457582969 
0.936345804308422 0.618692450506346 0.50704081965875 1.15686688639937 1.02457749737314 0.908649051648998 0.665776587560035 0.916270772867658 1.28763233854612 0.790618299561672 
0.353631977389603 0.565865647988156 0.627356633901871 1.5160534812435 0.938301397866949 1.31482562412428 0.905696312303619 0.662503922460795 0.726103516247533 0.567085975503175 
1.89676211020087 1.58700775560373 1.59197069711017 1.5663579238962 1.54736450208658 2.06692856973008 1.37957191594926 1.49947858029481 1.51211991834695 1.4231826945523 
0.978320300196176 0.936390266423665 1.0513242143254 1.0747796446174 0.734560500337223 1.16196021891563 0.749483739785431 0.906606415775803 1.45665097221417 0.669087223908784 
0.68194732624963 0.793280778184744 0.694692668072963 0.541225422165694 1.15087629402102 0.980833786442645 0.487095983489386 0.971157327481393 0.567415453761544 0.833912899726785 
0.584130932005156 0.973821333964031 1.35082020110869 0.497662232805915 0.944405385681603 1.00553706475426 0.500910442705284 0.232804323599219 0.478097110698181 0.84625372922074 
0.356161538951178 0.445233139757912 1.15962455458235 0.6245959018905 0.887930972817715 0.766183375774757 0.838606313959803 0.697338869474252 0.733236518414278 0.970375240374202 
0.544625599668536 1.01485470163043 0.739194500035949 0.503021540354522 0.0705771672144883 0.193025952617298 1.13643018986659 0.615519227350328 0.366330514653093 0.53587530377028 
1.03842260289379 1.4607366501161 1.89568533381932 1.06269177906848 0.71343632546923 0.565712818822931 0.969430316456795 0.681835681715829 0.852767695147753 1.73567831715615 
0.291517558900435 0.549986337054564 0.339460890983715 1.02378119013378 0.363797191404752 0.972182703442421 0.416071441057801 0.515345089186869 0.889596615519417 0.0972278270923241 
0.926767669900663 1.23356069119262 0.832927883778087 1.56318118179165 0.948396113781901 1.07876118733189 0.852703022125266 0.364606172307514 0.1868881256525 0.458315063937872 
0.992307593902092 0.467154637187052 0.159354633370921 0.946283359691046 1.09934323329397 0.443218794814237 0.244615410353094 0.800796243783262 1.156447677692 0.674325987362513 
1.22479061346462 0.678332852163543 1.7171416757998 1.74673639424407 1.1144945753341 1.73591725977039 1.23484036552086 1.39020480646595 1.30936186795172 0.540355283281277 
0.164170412715321 0.504638513780938 0.0933237902672103 0.080154312727044 0.948820127058817 0.263979061871164 0.75768322391032 0.163300809883639 0.536973462454716 0.143471626543046 
0.758810561534737 0.301702884110198 0.738080042729714 0.464801755343505 0.913134178587641 0.433203741995649 0.254868835570936 0.577682701957418 0.519863269694925 0.0904255313054148 
