0.567684 0.0125254 0.217227 0.0802971 0.75394 0.663507 0.69767 0.624237 0.221622 0.950859 0.404178 0.183376 0.57877 0.608862 0.517904 0.996786 0.256592 0.195896 0.10418 0.799682 0.0996701 0.66063 0.1919 0.218027 0.399246 0.142345 0.993208 0.528467 0.716817 0.867571 
0.429117 0.672325 0.290179 0.775759 0.377416 0.572931 0.843331 0.192597 0.849312 0.701169 0.0249642 0.335048 0.6548 0.159238 0.565788 0.499622 0.467952 0.181883 0.401001 0.440821 0.874219 0.612101 0.663401 0.885556 0.678843 0.573063 0.405254 0.334711 0.520466 0.0898251 
0.483143 0.335322 0.142349 0.799912 0.234887 0.218903 0.404024 0.586434 0.360953 0.813526 0.254159 0.249208 0.876867 0.317896 0.524994 0.682878 0.0204025 0.544377 0.420901 0.496986 0.806844 0.190324 0.69885 0.934747 0.748801 0.0439978 0.589411 0.155037 0.24603 0.052775 
0.0975246 0.853582 0.0298477 0.261301 0.914264 0.4356 0.340027 0.0864366 0.697012 0.235209 0.564568 0.270732 0.627637 0.56416 0.227988 0.0581093 0.298557 0.962256 0.481566 0.555517 0.0555041 0.496825 0.14271 0.149406 0.573776 0.682291 0.460626 0.105783 0.785514 0.0690553 
0.0438883 0.861014 0.92299 0.757574 0.0260058 0.79079 0.0267113 0.58559 0.168513 0.300592 0.60446 0.713744 0.666576 0.465141 0.183458 0.211785 0.810488 0.976305 0.261784 0.532138 0.791682 0.844782 0.533929 0.648763 0.803085 0.884704 0.327653 0.00252084 0.963452 0.580374 
0.216386 0.295993 0.169808 0.43531 0.274948 0.787149 0.67943 0.634536 0.0209727 0.134494 0.576238 0.00512506 0.975924 0.271974 0.620325 0.0470236 0.222645 0.869992 0.18779 0.211166 0.629117 0.154959 0.800098 0.523175 0.597782 0.500135 0.21701 0.541268 0.371769 0.137107 
0.298227 0.160595 0.499827 0.52009 0.725963 0.900983 0.0503397 0.967193 0.842141 0.228139 0.797273 0.0499447 0.635408 0.357784 0.085342 0.110181 0.671123 0.947416 0.0736324 0.586262 0.669083 0.354199 0.311946 0.754594 0.645901 0.229106 0.00541477 0.752058 0.7198 0.83256 
0.66882 0.266148 0.174594 0.834048 0.479494 0.82089 0.768823 0.589091 0.258414 0.408369 0.592041 0.631291 0.257072 0.251651 0.844953 0.819252 0.214375 0.630055 0.483806 0.353843 0.0457272 0.892155 0.069893 0.798747 0.0763598 0.500963 0.186293 0.00459477 0.363526 0.927547 
0.420305 0.557188 0.579954 0.831275 0.0785344 0.964191 0.978062 0.515326 0.149237 0.268651 0.683068 0.892286 0.500684 0.620284 0.101549 0.601609 0.131141 0.994364 0.35922 0.00299591 0.27072 0.172445 0.0120538 0.488493 0.237777 0.887422 0.547224 0.562706 0.856719 0.799639 
0.681844 0.741785 0.347251 0.508934 0.45023 0.238562 0.453957 0.30088 0.655526 0.275737 0.263074 0.454877 0.696306 0.838294 0.607193 0.713963 0.739515 0.516953 0.00973019 0.549979 0.280869 0.135384 0.0614564 0.206068 0.0342404 0.226065 0.337452 0.335062 0.701133 0.189353 
0.655246 0.175966 0.439288 0.487323 0.587467 0.977535 0.903385 0.714175 0.7636 0.377633 0.488355 0.137502 0.441954 0.100423 0.171652 0.0263026 0.683462 0.235128 0.357196 0.568992 0.396813 0.581363 0.229107 0.191402 0.646747 0.00434056 0.0936007 0.557427 0.0152279 0.971353 
0.466366 0.0288493 0.359429 0.194018 0.90977 0.346096 0.842206 0.228973 0.98903 0.013679 0.947386 0.494323 0.708223 0.521433 0.570615 0.670312 0.672008 0.433302 0.286515 0.61551 0.4144 0.875061 0.368617 0.755633 0.425263 0.26602 0.138565 0.229757 0.983773 0.464744 
0.0355418 0.631213 0.89491 0.588357 0.828443 0.904053 0.451393 0.144331 0.0243784 0.280234 0.304441 0.755725 0.834932 0.410634 0.516666 0.721004 0.102227 0.430417 0.975601 0.364109 0.292346 0.888389 0.114351 0.721644 0.54116 0.139784 0.0223217 0.739049 0.166862 0.98607 
0.850617 0.399391 0.578892 0.162005 0.091299 0.651953 0.574315 0.338485 0.300077 0.0177605 0.233937 0.796835 0.0840195 0.0244548 0.309412 0.954898 0.0602802 0.212798 0.982319 0.332386 0.779442 0.187833 0.935118 0.8356 0.178754 0.424491 0.168187 0.0750057 0.463537 0.296128 
0.0516042 0.635863 0.848412 0.893125 0.0819797 0.899338 0.77353 0.43723 0.678642 0.970004 0.323507 0.0508159 0.149244 0.178749 0.0929083 0.685548 0.300394 0.903951 0.432535 0.331601 0.20021 0.401609 0.733675 0.530758 0.895855 0.275401 0.598185 0.527136 0.0338446 0.151938 
0.563291 0.0947442 0.480988 0.92695 0.288157 0.947935 0.0303068 0.479623 0.558837 0.997789 0.642809 0.117704 0.252837 0.221216 0.546904 0.937523 0.359598 0.21993 0.657132 0.714623 0.898438 0.242533 0.422602 0.621654 0.731369 0.0516755 0.513509 0.694376 0.106316 0.939231 
0.549022 0.0640166 0.93806 0.822765 0.145791 0.119367 0.0636163 0.947347 0.338105 0.849944 0.818966 0.556462 0.795382 0.794873 0.325996 0.505393 0.958721 0.618299 0.424405 0.355537 0.356937 0.043178 0.712688 0.481518 0.357505 0.758431 0.52379 0.0735222 0.977762 0.213895 
0.875535 0.616171 0.140249 0.0358828 0.202737 0.993543 0.307187 0.608462 0.765084 0.22757 0.984668 0.803508 0.139656 0.953366 0.470873 0.330223 0.524484 0.673933 0.712824 0.748808 0.29483 0.705267 0.270716 0.41182 0.87713 0.825894 0.403776 0.696559 0.554134 0.862467 
0.891767 0.129682 0.587248 0.723964 0.251793 0.644358 0.196 0.321762 0.711155 0.315684 0.378591 0.842939 0.13111 0.858544 0.0612321 0.947707 0.726868 0.119944 0.73467 0.973753 0.838895 0.863513 0.236371 0.544756 0.773778 0.274917 0.583161 0.100458 0.790486 0.00597733 
0.958544 0.741308 0.591142 0.00903243 0.22592 0.866547 0.908791 0.0538305 0.645706 0.441703 0.559229 0.249643 0.319118 0.242387 0.903387 0.463594 0.75451 0.501774 0.6796 0.751973 0.537177 0.134643 0.485295 0.305472 0.0167915 0.527935 0.626711 0.961564 0.570722 0.749759 
0.545555 0.730376 0.212629 0.4242 0.519064 0.868786 0.548532 0.55553 0.344483 0.338772 0.378088 0.598416 0.256128 0.140448 0.367092 0.0809351 0.406488 0.590339 0.903141 0.62337 0.23156 0.498257 0.0480764 0.914431 0.915899 0.0141692 0.637355 0.418148 0.27111 0.585556 
0.732491 0.133841 0.952866 0.930587 0.506456 0.496893 0.0832775 0.401013 0.790723 0.092073 0.584431 0.582547 0.528994 0.680346 0.0807785 0.222073 0.0358588 0.469588 0.679107 0.115947 0.700796 0.83473 0.474481 0.845614 0.427399 0.563102 0.126155 0.42057 0.154002 0.574768 
0.0505831 0.971413 0.626303 0.553436 0.151267 0.835097 0.463317 0.620676 0.189923 0.204432 0.667119 0.553698 0.00506268 0.763196 0.906492 0.935553 0.556594 0.251627 0.0142354 0.832997 0.808524 0.974603 0.579562 0.530684 0.586592 0.208183 0.00145824 0.821501 0.476811 0.74136 
0.722806 0.24046 0.421111 0.807699 0.334623 0.999432 0.15296 0.620839 0.507961 0.639867 0.455984 0.591335 0.0978218 0.691723 0.037125 0.196192 0.959403 0.540546 0.391142 0.170386 0.921931 0.363857 0.666367 0.849141 0.537005 0.681038 0.0160481 0.821862 0.824141 0.0878531 
0.383053 0.882013 0.221514 0.336089 0.960023 0.551393 0.600079 0.952767 0.140922 0.1943 0.564637 0.691054 0.475121 0.452082 0.134033 0.659989 0.84545 0.0918749 0.657364 0.19577 0.666049 0.731617 0.0161247 0.687694 0.896853 0.858146 0.988538 0.353506 0.801406 0.689886 
0.818139 0.202575 0.239572 0.477258 0.799314 0.084151 0.920035 0.247599 0.520561 0.382782 0.728973 0.131401 0.226438 0.27927 0.595731 0.672873 0.901834 0.36944 0.0191539 0.988428 0.439607 0.150113 0.241507 0.0544051 0.595822 0.667457 0.816941 0.829405 0.672338 0.144299 
0.119943 0.628295 0.187565 0.328113 0.908236 0.614585 0.0190474 0.73816 0.387751 0.146942 0.0858674 0.805118 0.503096 0.158902 0.0936559 0.474844 0.786589 0.176347 0.27205 0.216357 0.871701 0.00117761 0.0147663 0.931058 0.847175 0.488779 0.144528 0.402682 0.401733 0.289493 
0.964768 0.11142 0.592643 0.341764 0.769401 0.995685 0.807668 0.342304 0.346279 0.791016 0.782404 0.915373 0.993148 0.998418 0.676025 0.30602 0.530426 0.92153 0.187998 0.100262 0.14886 0.109913 0.851038 0.244181 0.814663 0.0475673 0.339266 0.391511 0.166338 0.859703 
0.0237895 0.463133 0.749662 0.882447 0.0197113 0.997254 0.131231 0.628867 0.544397 0.943323 0.348022 0.19731 0.0980514 0.23382 0.189252 0.705005 0.339925 0.807997 0.108602 0.0693228 0.141918 0.795174 0.620169 0.453979 0.674959 0.0186286 0.912522 0.478013 0.805621 0.8842 
0.85423 0.934342 0.542221 0.541167 0.326274 0.256953 0.749066 0.918193 0.564253 0.846998 0.149927 0.971422 0.947599 0.404943 0.704797 0.585319 0.894111 0.505471 0.541363 0.90561 0.177719 0.18749 0.418709 0.664677 0.423965 0.44144 0.592158 0.68408 0.10338 0.39669 
0.564335 0.589182 0.00701138 0.665648 0.0385965 0.636645 0.620956 0.886679 0.306028 0.73486 0.384456 0.076204 0.150953 0.89792 0.123763 0.91725 0.19977 0.803404 0.893242 0.166132 0.628738 0.881489 0.855642 0.472195 0.75613 0.236696 0.803453 0.726618 0.881204 0.0183279 
0.655695 0.0849941 0.0189694 0.446614 0.444454 0.226789 0.567503 0.488013 0.247725 0.123954 0.462432 0.289197 0.334033 0.25519 0.722015 0.0232873 0.676715 0.744584 0.852143 0.426894 0.702562 0.672962 0.960762 0.994362 0.822006 0.676653 0.392556 0.404067 0.243552 0.117493 
0.2061 0.330286 0.462696 0.973227 0.502445 0.420958 0.00613063 0.481505 0.602375 0.776852 0.691594 0.0664669 0.578338 0.977262 0.675669 0.427138 0.740772 0.198627 0.172803 0.224398 0.895055 0.467497 0.0617009 0.744535 0.673371 0.35646 0.666319 0.536669 0.0135066 0.666524 
0.216341 0.508896 0.589279 0.191024 0.332952 0.896199 0.00585533 0.858255 0.716784 0.988194 0.0759681 0.372093 0.580339 0.574926 0.149268 0.920312 0.904337 0.338487 0.229215 0.689024 0.210394 0.310517 0.73146 0.258319 0.266607 0.687152 0.455498 0.419742 0.0158299 0.138367 
0.982754 0.929482 0.403069 0.381263 0.473494 0.0688759 0.194106 0.398324 0.556373 0.583261 0.801752 0.6998 0.231328 0.904961 0.854379 0.157106 0.837851 0.695868 0.228795 0.926745 0.254509 0.608398 0.360942 0.908455 0.55872 0.311178 0.804652 0.124836 0.9547 0.396257 
0.508262 0.755423 0.627336 0.25159 0.929366 0.570675 0.0981815 0.575121 0.33238 0.70993 0.715749 0.519972 0.366015 0.0382363 0.931079 0.434295 0.90976 0.790386 0.550597 0.114408 0.394092 0.723838 0.228744 0.844323 0.3485 0.752673 0.777707 0.837293 0.986401 0.726185 
0.604615 0.866503 0.880344 0.524371 0.0416449 0.349443 0.974021 0.923728 0.542251 0.654094 0.741728 0.424856 0.904118 0.947679 0.744331 0.210034 0.657666 0.0689781 0.0560829 0.62467 0.0981536 0.163744 0.164331 0.854804 0.927876 0.315853 0.760871 0.108101 0.449404 0.493754 
0.842221 0.667195 0.0885232 0.205364 0.710368 0.0861144 0.944659 0.877926 0.573952 0.07016 0.0691242 0.579871 0.924363 0.0741733 0.519213 0.044114 0.865343 0.896701 0.634415 0.920893 0.831272 0.852147 0.347125 0.0143991 0.306573 0.699063 0.500478 0.371641 0.674331 0.996867 
0.796564 0.653217 0.623212 0.450849 0.662394 0.15093 0.150568 0.16653 0.742969 0.208636 0.041392 0.540022 0.254153 0.217357 0.225964 0.182955 0.622011 0.874578 0.0845025 0.133619 0.0899698 0.850101 0.0242774 0.223292 0.995268 0.340294 0.606551 0.622059 0.083416 0.445394 
0.400644 0.494942 0.474835 0.381524 0.907847 0.755079 0.190452 0.555787 0.488644 0.698813 0.62845 0.67917 0.252374 0.904434 0.862938 0.492265 0.544926 0.709635 0.89804 0.757297 0.446002 0.980348 0.896021 0.356658 0.812355 0.435226 0.821736 0.074319 0.353519 0.620611 
0.141057 0.404068 0.319681 0.0779306 0.0707264 0.867469 0.250609 0.979846 0.194793 0.878576 0.00794006 0.314407 0.110411 0.0790916 0.636578 0.871072 0.0225917 0.525379 0.614288 0.735677 0.201059 0.816361 0.972884 0.809835 0.0251664 0.264892 0.956202 0.587687 0.764474 0.440485 
0.61059 0.0824012 0.219188 0.606592 0.718557 0.898781 0.371738 0.196868 0.267753 0.298783 0.499333 0.427784 0.277381 0.152002 0.439932 0.857365 0.339238 0.256191 0.633591 0.312513 0.735204 0.150492 0.1077 0.366242 0.912536 0.765518 0.273847 0.702698 0.312813 0.823353 
0.757391 0.105982 0.481237 0.923611 0.104487 0.320726 0.354235 0.537579 0.168723 0.0929137 0.575941 0.336601 0.439764 0.857585 0.0723305 0.881787 0.516998 0.261469 0.764222 0.657221 0.831281 0.0360328 0.948376 0.664914 0.665876 0.253671 0.0104466 0.250009 0.196345 0.550417 
0.0207581 0.728211 0.635853 0.779093 0.0176712 0.37909 0.076211 0.129184 0.739368 0.351078 0.167309 0.892868 0.0477561 0.178093 0.601045 0.277055 0.759654 0.665544 0.429147 0.452039 0.995411 0.568564 0.759999 0.912674 0.838311 0.798372 0.0978454 0.437229 0.703448 0.968413 
0.994463 0.0515589 0.174142 0.463308 0.48389 0.692385 0.356214 0.84477 0.195369 0.480287 0.541616 0.593961 0.52183 0.591543 0.135553 0.798915 0.145228 0.922498 0.578564 0.749201 0.501957 0.669358 0.0503496 0.293248 0.283813 0.910809 0.321968 0.972376 0.944913 0.902598 
0.595296 0.908905 0.272577 0.885384 0.851797 0.528566 0.424317 0.301137 0.660717 0.80491 0.962793 0.662125 0.0380299 0.669584 0.737939 0.169822 0.455524 0.332264 0.749439 0.0736784 0.960986 0.790399 0.655414 0.841939 0.0077545 0.126583 0.271205 0.708532 0.380144 0.0770374 
0.455674 0.76325 0.906745 0.338516 0.898617 0.691196 0.560939 0.626824 0.182715 0.0502183 0.642014 0.471688 0.918053 0.295711 0.563825 0.862728 0.729188 0.247937 0.680269 0.716621 0.933539 0.0598208 0.0708697 0.322318 0.21242 0.808373 0.526021 0.165367 0.835369 0.265411 
0.164512 0.0495261 0.537062 0.968221 0.629174 0.937516 0.354206 0.662071 0.604162 0.741163 0.871205 0.747348 0.387781 0.659404 0.795777 0.378301 0.455187 0.635732 0.227633 0.842856 0.194757 0.676423 0.480244 0.399598 0.433318 0.855095 0.312276 0.836628 0.545179 0.867139 
0.729477 0.958591 0.399668 0.885764 0.912346 0.134997 0.111555 0.741626 0.490082 0.0199421 0.362919 0.654072 0.826735 0.0140659 0.181543 0.89693 0.762459 0.819572 0.0140192 0.549218 0.286595 0.846093 0.37631 0.466862 0.14072 0.771313 0.888933 0.982056 0.034571 0.207989 
0.672678 0.383025 0.980797 0.0761048 0.41984 0.089087 0.198324 0.750801 0.403036 0.419931 0.261724 0.198305 0.0533324 0.742867 0.167709 0.873769 0.63253 0.164211 0.451158 0.0185241 0.478749 0.111453 0.406481 0.565718 0.700506 0.0129961 0.905347 0.567147 0.944413 0.810041 
0.405155 0.725753 0.389812 0.251496 0.193785 0.0801259 0.357655 0.354368 0.0869472 0.70362 0.856628 0.586718 0.536761 0.517296 0.858285 0.773136 0.114909 0.539402 0.727117 0.877985 0.385041 0.485562 0.232633 0.44925 0.228678 0.357803 0.788781 0.687062 0.638196 0.327034 
0.196048 0.494566 0.0725614 0.228781 0.52606 0.435845 0.0594981 0.924923 0.29517 0.553796 0.87194 0.902766 0.319678 0.451092 0.0814297 0.803828 0.0567175 0.843703 0.765866 0.432061 0.421606 0.273054 0.487659 0.705484 0.940794 0.539042 0.581616 0.0744653 0.205572 0.00719086 
0.489092 0.369684 0.86863 0.895995 0.336376 0.0396459 0.5038 0.933209 0.974856 0.614681 0.922564 0.618492 0.872878 0.863406 0.499272 0.122345 0.625904 0.923873 0.452127 0.136506 0.636024 0.51542 0.62211 0.687576 0.442098 0.76115 0.259091 0.229342 0.310771 0.0568831 
0.570225 0.368821 0.122815 0.60975 0.904696 0.279314 0.0775096 0.284931 0.336191 0.649422 0.446565 0.454479 0.787919 0.656233 0.191774 0.774851 0.994452 0.987604 0.727913 0.764209 0.479663 0.592538 0.00810074 0.927634 0.426866 0.279476 0.323406 0.651968 0.581106 0.970622 
0.995066 0.174603 0.522022 0.819802 0.808179 0.399942 0.896117 0.940482 0.0128042 0.119992 0.450886 0.614572 0.885233 0.942607 0.963506 0.918811 0.171128 0.958289 0.399724 0.148296 0.265563 0.891374 0.288078 0.657241 0.391779 0.768041 0.611019 0.796867 0.994187 0.829892 
0.994521 0.213767 0.573554 0.480514 0.257416 0.207052 0.41293 0.334169 0.607638 0.426712 0.158087 0.0798795 0.888124 0.73332 0.79979 0.54511 0.996466 0.872547 0.628479 0.682152 0.101076 0.486623 0.900465 0.862375 0.201518 0.0100519 0.502933 0.649306 0.396054 0.0433909 
0.196062 0.0542989 0.816848 0.322997 0.306926 0.634845 0.735742 0.736968 0.15058 0.866084 0.339979 0.364924 0.114376 0.631945 0.926395 0.60206 0.986954 0.756657 0.880422 0.0565062 0.0195131 0.439783 0.253033 0.672646 0.646846 0.347092 0.803848 0.591302 0.93173 0.726637 
0.870322 0.0899431 0.80684 0.17761 0.370718 0.415695 0.268026 0.229618 0.912889 0.984344 0.141091 0.932818 0.797349 0.0107581 0.267135 0.310768 0.14865 0.507598 0.922873 0.657035 0.677431 0.89962 0.957117 0.259854 0.253 0.138738 0.198738 0.959625 0.0518109 0.761124 
0.625396 0.252516 0.639535 0.774528 0.0284254 0.630801 0.766174 0.693585 0.335973 0.819685 0.649184 0.586085 0.336819 0.489765 0.717024 0.139052 0.635851 0.242711 0.191914 0.213246 0.386499 0.437911 0.891133 0.369705 0.187747 0.695476 0.232053 0.462072 0.606804 0.0102133 
0.0948646 0.561687 0.0962482 0.743278 0.640023 0.0565231 0.725413 0.151708 0.0975653 0.571458 0.195973 0.904428 0.852227 0.00400974 0.347042 0.581337 0.601616 0.73699 0.0467473 0.138219 0.980523 0.291318 0.219084 0.639074 0.452778 0.308498 0.263949 0.0800968 0.866072 0.977147 
0.626449 0.457463 0.540692 0.0305056 0.0025508 0.223522 0.899155 0.605601 0.854026 0.751973 0.564269 0.844155 0.80751 0.7563 0.160732 0.572881 0.671183 0.110965 0.0289454 0.494536 0.600762 0.173501 0.764262 0.940117 0.549302 0.970116 0.310646 0.251133 0.931895 0.267149 
0.245653 0.199683 0.823279 0.73234 0.93206 0.202412 0.965814 0.0668732 0.487313 0.0277961 0.152948 0.692997 0.597865 0.924995 0.397663 0.340752 0.431776 0.620893 0.479587 0.893695 0.0899698 0.482956 0.396349 0.462285 0.203092 0.735296 0.842196 0.697018 0.157901 0.342142 
0.941698 0.061629 0.163066 0.467487 0.686526 0.7767 0.217959 0.988647 0.858885 0.671613 0.00228725 0.433211 0.762401 0.533295 0.276307 0.587384 0.523398 0.846423 0.771549 0.949332 0.859941 0.608282 0.307252 0.14283 0.33264 0.468208 0.618977 0.983043 0.920354 0.559393 
0.737024 0.876375 0.641317 0.999167 0.0976495 0.986563 0.137988 0.719852 0.34652 0.114598 0.381479 0.70026 0.174184 0.602303 0.0498761 0.110411 0.248204 0.679054 0.523081 0.397334 0.0567975 0.0195554 0.724326 0.390581 0.419863 0.625257 0.195145 0.848902 0.801082 0.427954 
0.404886 0.575522 0.901708 0.416859 0.319638 0.563077 0.603556 0.102312 0.363051 0.245601 0.134369 0.767636 0.0296213 0.0281406 0.891969 0.218648 0.473639 0.344659 0.0984087 0.820653 0.340041 0.40826 0.512994 0.788394 0.681 0.255825 0.42457 0.459704 0.608821 0.704876 
0.498534 0.591321 0.354022 0.84481 0.557484 0.594848 0.435591 0.618322 0.0444015 0.393854 0.349768 0.966251 0.662733 0.432191 0.439737 0.984402 0.813868 0.354164 0.685827 0.215688 0.138514 0.339527 0.044267 0.468174 0.842564 0.356013 0.293949 0.636849 0.897663 0.105441 
0.90608 0.0849263 0.767465 0.787269 0.378891 0.894632 0.96929 0.541903 0.434908 1.01757 0.428229 0.456921 0.561606 0.616052 0.607875 0.498548 1.25503 1.26494 0.993577 0.348195 0.413901 1.17973 1.17056 0.732312 1.23739 0.551054 0.5129 0.0177661 1.08439 0.736322 
1.25964 0.98115 0.928401 0.0752395 1.05324 1.23712 1.0231 0.436442 0.982981 0.430467 0.870589 0.848946 0.943264 0.380329 0.572765 1.21173 1.10646 0.315114 0.345456 0.542157 0.689817 0.81907 0.673264 0.759976 1.14357 0.496411 0.283057 1.10433 0.0868821 0.209234 
1.71164 1.16152 1.87558 1.07368 1.65923 0.811089 1.66167 1.2158 2.10715 1.32735 0.819438 2.21613 1.37195 2.19034 0.814287 1.16326 1.34774 0.67439 1.08611 1.88477 1.03935 1.10634 1.68791 1.65235 0.740176 2.22848 1.17747 1.14529 1.82373 1.24 
0.172587 0.125039 0.926179 0.313307 0.912761 0.00237841 0.134653 0.967561 0.944653 0.433162 0.131867 0.184113 0.190725 0.688291 0.0959391 0.927628 0.660937 0.787483 0.770276 0.896385 0.275301 0.937968 0.929157 0.737471 0.399792 0.186192 0.632595 0.978095 0.204409 0.95494 
0.840488 0.576918 0.651318 0.220731 0.313467 0.523677 0.0878239 0.210257 0.974251 0.208569 0.148855 0.335412 0.640221 0.417315 0.0473865 0.0473016 0.255011 0.264283 0.834921 0.304822 0.289116 0.976359 0.76924 0.863009 0.0834603 0.304017 0.274932 0.298095 0.167813 0.16687 
0.306409 0.558474 0.954328 0.473113 0.593893 0.342492 0.754711 0.843389 0.351373 0.722692 0.331867 0.709305 0.659043 0.430242 0.0358598 0.370945 0.910939 0.643389 0.667078 0.833488 0.901038 0.994287 0.617507 0.71798 0.245349 0.724448 0.848265 0.720569 0.615756 0.749477 
0.428927 0.406699 0.905681 0.549787 0.50788 0.389439 0.121983 0.599276 0.203469 0.781059 0.864216 1.02032 0.628086 0.984883 0.768143 0.648665 0.579088 0.518844 0.601936 0.328777 1.04717 0.449551 0.639915 0.255591 0.664162 0.20753 0.365055 0.360137 0.318395 1.03633 
0.650764 0.82946 1.30198 1.16103 0.247867 1.21374 0.849215 1.34374 1.57877 0.678952 1.52365 0.901422 0.558242 1.17306 0.808124 1.4222 1.11739 1.01069 0.803334 0.679 0.9068 1.09633 1.66444 1.37837 1.22614 1.01922 1.43337 1.23556 0.729303 0.842667 
0.976793 0.917257 0.908757 0.621921 0.999507 0.812476 0.629188 0.994591 0.491205 0.814732 0.570098 0.53423 0.530476 0.897481 0.544634 0.335522 0.388377 0.403321 0.745476 0.544351 0.201364 0.318534 0.134704 0.45264 0.0450437 0.0886943 0.79357 0.567286 0.23455 0.923712 
0.370257 0.187504 0.19306 0.718973 0.269543 0.473967 0.503681 0.234846 0.889238 0.996254 0.533487 0.629505 0.231098 0.396439 0.997458 0.742233 0.683619 0.699896 0.405962 0.525643 0.435806 0.705016 0.893467 0.763657 0.717002 0.163259 0.49156 0.0125324 0.693845 0.530058 
1.28697 0.978064 1.32271 1.3135 0.927545 1.63599 0.922225 1.56702 1.73646 1.44318 1.85733 0.774545 1.04314 1.10495 1.19901 0.627068 0.459187 1.6684 0.621346 1.24498 0.870559 0.712749 0.908037 0.560325 0.645526 1.14521 1.38555 0.474444 0.772029 0.560602 
1.06847 0.432047 0.691769 0.285565 1.01513 0.538322 0.43157 0.578661 0.274635 1.1121 0.964461 0.76177 0.146425 0.547966 0.561757 0.782479 0.77056 0.396976 0.962885 0.482643 0.433315 0.326235 0.39252 0.810189 0.640319 0.514283 1.29999 0.371193 1.02451 0.941839 
1.04323 0.566762 0.794698 0.431089 0.447992 0.711869 0.495957 0.804788 0.922889 0.497171 0.0979096 1.09889 1.00277 0.991424 0.784721 0.781197 0.763066 0.998162 1.06532 0.717812 0.544716 0.987994 1.00053 0.414326 0.238056 0.444543 0.313641 0.521668 0.377407 1.32104 
0.215892 0.782956 0.77124 1.29746 0.525846 0.814854 1.19882 0.801995 1.03389 0.398864 0.414698 0.9751 0.583358 0.692894 0.995042 0.713961 0.229253 1.11519 0.825306 0.878432 1.31808 0.577134 1.34005 0.408377 0.812844 0.345785 0.397477 0.552043 1.05692 0.659447 
0.536112 0.633218 0.956114 0.707146 0.796757 1.38676 0.615829 1.13323 1.19155 0.818124 1.56691 0.643463 1.18653 1.01725 0.253452 1.04587 1.19167 0.555972 1.00271 1.46145 1.07535 1.28396 1.02906 0.667351 0.724671 0.633897 0.634207 1.08408 1.62624 1.07443 
0.837396 0.75247 0.38801 0.909224 0.789493 0.856758 0.126475 0.940989 0.910721 0.163598 0.0988689 0.933122 0.436023 0.512306 0.478205 0.550513 0.453824 0.305523 0.194898 0.393396 0.231177 0.074398 0.971539 0.990204 0.280688 0.965133 0.0201296 0.746813 0.985706 0.273626 
0.797053 0.949893 0.677911 0.406194 0.325045 1.73717 1.28639 1.02878 0.82322 1.3872 0.995165 1.02078 1.54734 0.965017 0.707192 0.0761955 1.16049 1.52217 0.188417 0.425712 1.02033 0.423814 0.701073 0.933473 0.76993 1.45831 0.738065 1.47684 1.71386 0.961892 
0.776514 0.614748 0.647416 0.333957 0.849056 0.751607 0.551335 0.689547 0.16915 0.26308 0.81992 0.381826 0.757589 0.587336 0.0614687 0.60158 0.149148 0.145188 0.152759 0.73298 0.581744 0.566386 0.21789 0.509194 0.390389 0.14554 0.244794 0.618759 0.233512 0.77421 
1.16665 1.09771 1.62106 0.57551 0.470995 1.09291 0.882197 1.41761 0.540797 0.820688 0.765021 0.286285 1.25082 0.820386 0.898114 0.57522 1.1622 0.974857 1.05279 0.366958 0.672079 0.756049 0.766696 1.1475 0.987076 0.769535 1.71061 0.0732473 1.13972 1.33039 
1.3381 0.852687 0.816594 1.22627 1.81088 1.62788 1.34504 1.61944 1.79462 0.536835 1.39235 2.13625 0.813301 1.03381 1.44587 1.67872 0.804316 0.941528 1.20495 1.34779 0.950983 1.16104 1.02563 1.38663 0.637013 1.32527 1.72939 0.434173 1.78671 1.55158 
1.13825 1.29095 0.897875 1.32466 1.24667 0.382994 1.2002 0.624236 0.851758 0.808994 0.595053 1.21721 0.507177 0.975723 0.765074 0.352777 1.12482 0.472109 0.592051 0.748792 0.916335 1.31931 0.631651 1.2842 1.00283 0.0945897 1.03538 0.887105 1.25559 1.1764 
0.575378 0.531256 0.234725 0.67838 0.492679 0.78582 0.759352 0.413878 0.923956 0.695864 0.444762 0.726427 0.8078 0.745238 0.260245 0.025774 0.825302 0.670336 0.964739 0.574405 0.436267 0.462847 0.467796 0.224605 0.164418 0.234883 0.766804 0.0937547 0.44622 0.971891 
1.35894 0.741972 1.5195 1.33164 0.48641 0.068311 1.00615 0.188676 1.04436 0.239277 1.23203 1.46081 0.698929 0.069185 1.21122 0.692907 0.499206 1.04401 0.854308 0.955322 0.583231 0.962606 0.679919 0.349656 0.815262 0.685285 0.887733 0.811458 1.01641 0.151083 
0.959301 1.32006 0.851303 0.675827 1.08576 0.642436 1.13857 0.812624 0.61983 0.560761 0.998712 0.561548 1.27009 0.994156 0.727785 0.151243 1.304 0.878956 0.99378 1.16829 0.756319 0.905481 0.729891 0.645618 0.673793 0.767863 0.805744 0.708948 0.983324 0.865073 
0.252754 0.14843 0.234292 0.402636 0.21662 0.306856 0.228412 0.196931 0.182894 0.3969 0.303142 0.306551 0.193865 0.365295 0.271029 0.0615415 0.331235 0.329024 0.446599 0.254596 0.236894 0.348145 0.257412 0.293469 0.354523 0.101102 0.410174 0.398904 0.036512 0.394184 
0.976916 0.364514 1.55127 0.649389 0.587721 0.910793 1.46918 0.494854 1.31491 0.641684 0.985277 0.930076 1.10639 0.470172 0.43331 0.29774 0.909081 0.973457 1.42145 0.76864 0.327451 0.437552 0.89453 0.684967 1.44364 0.0652978 0.945524 0.710013 0.645648 0.409123 
0.511076 0.453942 0.547058 0.231647 0.833856 1.73867 1.39289 0.843538 1.48676 0.981434 1.11929 1.34397 0.885056 1.51672 1.3545 0.61914 0.858623 0.809478 0.643063 1.03479 1.20571 0.787753 0.826955 0.709192 1.01583 0.564741 1.59355 0.467896 1.39581 1.34208 
0.970051 0.621611 0.957237 1.03974 0.476406 0.836574 0.229023 0.148971 0.598246 0.478923 1.06309 0.259492 1.00715 0.430561 0.684644 0.296824 0.489101 0.834858 0.423162 0.643455 1.11017 0.532148 0.160412 0.901314 1.11777 0.768188 0.484036 0.259821 0.240872 0.409913 
0.930352 0.764673 0.927068 0.993672 0.329485 0.486773 0.547987 0.629731 0.994153 0.408764 0.453327 0.594425 0.84901 0.596948 0.847103 1.05549 0.87159 0.334969 0.970805 0.939014 0.333046 0.489911 0.984652 0.788017 0.74391 0.458191 0.697406 0.890705 0.67423 0.164203 
1.06324 0.510455 0.273811 0.552721 0.511289 0.0540084 0.839935 0.83505 0.355343 0.182779 0.16583 0.650567 0.211483 0.811609 0.0481133 0.803271 0.749381 0.0787783 0.615685 1.06423 0.390699 0.176604 0.592602 0.870165 0.790247 0.296063 1.03477 0.162463 0.478286 0.515712 
0.343698 0.422339 0.685291 0.433522 0.0550616 0.443781 0.280398 0.965675 0.965223 0.151988 0.0874669 0.283019 0.138224 0.603664 0.179355 0.565427 0.320736 0.482204 0.987281 0.206552 0.815778 0.699693 0.479297 0.407048 0.776989 0.0893821 0.160946 0.793633 0.987844 0.644796 
1.31087 1.48749 1.33822 1.42844 1.98254 1.99188 2.11811 2.70902 2.03064 1.09297 1.811 1.42318 2.18396 2.66436 1.62694 1.9743 1.17949 2.1977 1.64625 1.77314 2.21495 1.65316 2.18956 1.69921 2.3005 2.21453 1.51172 1.5878 2.01488 1.78351 
0.497069 0.607467 0.367409 0.349347 0.101554 0.751235 0.0374602 0.562911 0.252456 0.920138 0.410508 0.502711 0.819356 0.798281 0.216398 0.518401 0.141196 0.608461 0.79395 0.0414128 0.822722 0.722575 0.196338 0.975875 0.607499 0.997088 0.546811 0.191297 0.243001 0.0964174 
0.871591 0.105156 0.942117 0.451998 0.220955 0.982045 0.959808 0.645868 0.315667 0.239647 0.509357 0.826394 0.168883 0.343191 0.256121 0.286859 0.214402 0.830196 0.959954 0.0689474 0.803427 0.0697911 0.391788 0.0794101 0.753427 0.772508 0.482338 0.86936 0.612045 0.159187 
0.357308 0.225626 0.822727 0.0878764 0.0137504 0.360197 0.0571438 0.6641 0.168414 0.668187 0.090765 0.286899 0.470271 0.209216 0.749193 0.189354 0.999117 0.0602752 0.119804 0.502097 0.601695 0.353218 0.0163974 0.419594 0.756816 0.575861 0.38639 0.544656 0.325885 0.0796881 
0.22254 0.677696 0.887229 0.801726 0.640522 0.111505 0.38801 0.203674 0.769216 0.0870319 0.0944082 0.976359 0.857078 0.947623 0.407324 0.715253 0.526696 0.101611 0.927607 0.72042 0.539284 0.649391 0.0563664 0.957361 0.847651 0.570231 0.330981 0.589442 0.492747 0.701947 
0.580542 0.791128 0.866597 0.251502 0.442977 0.763151 0.817151 0.162122 0.796591 0.600594 0.659254 0.445691 0.202642 0.0113698 0.526441 0.791736 0.047574 0.954026 0.41977 0.541982 0.0036144 0.755845 0.499736 0.711041 0.3438 0.894039 0.415971 0.982001 0.581062 0.967383 
0.0851091 0.362869 0.967636 0.713541 0.0320617 0.336934 0.571371 0.399528 0.0118454 0.238883 0.278477 0.949576 0.307314 0.204016 0.461255 0.332189 0.40297 0.924628 0.421268 0.200283 0.381025 0.712407 0.948752 0.521962 0.981761 0.528172 0.624206 0.322587 0.0380833 0.620525 
0.950212 1.19413 0.47539 1.18342 0.0226604 1.05907 0.605529 1.27935 0.533475 1.16971 1.35686 0.271235 0.758021 1.29389 0.602767 0.718382 0.962295 0.90971 0.509115 0.433946 0.903327 0.65897 0.525151 0.59929 1.27787 0.990301 1.30538 0.311639 0.935343 0.839074 
0.0532208 0.668357 0.156069 0.505003 0.871488 0.874723 0.750304 0.965324 0.465152 0.665074 0.816587 0.382455 0.845426 0.0651317 0.744006 0.759288 0.223802 0.297282 0.119529 0.673649 0.668823 0.223691 0.114574 0.0329783 0.238107 0.147762 0.259474 0.960629 0.805892 0.102651 
0.700893 0.45455 0.835921 0.928299 0.394328 0.410668 0.10962 0.609417 0.510929 0.692042 0.261304 0.0810744 0.671527 0.165689 0.639369 0.0815805 0.527758 0.175414 0.605785 0.498541 0.919989 0.765368 0.723329 0.937313 0.576728 0.436334 0.808358 0.906321 0.57922 0.712174 
0.661509 0.101314 0.906729 0.287327 0.290601 0.810195 0.79845 0.0889447 0.874125 0.167287 0.0313432 0.90879 0.890148 0.568346 0.332422 0.196212 0.262036 0.852677 0.610455 0.618486 0.834293 0.494629 0.554547 0.706229 0.39865 0.58787 0.81121 0.219009 0.208483 0.110275 
0.805026 0.979139 0.0779582 0.0478237 0.18758 0.557166 0.969497 0.698438 0.6156 0.113971 0.778149 0.999503 0.977145 0.672663 0.299578 0.103177 0.242397 0.70132 0.681873 0.413859 0.441989 0.136834 0.0356153 0.767824 0.622172 0.808124 0.961326 0.57248 0.45015 0.122805 
0.857131 0.965842 0.602772 0.234353 0.61987 0.5329 0.498821 0.924619 0.811617 0.434946 0.33401 0.885545 0.517011 1.15835 0.680096 0.515568 1.03497 0.400962 0.200905 0.469148 0.120007 0.331845 0.859997 1.13703 0.791813 0.631265 0.65882 0.0180432 0.7628 1.23057 
0.533864 0.929693 0.74074 0.450309 0.0274284 0.643191 0.830379 0.918896 0.362115 0.563016 0.138388 0.370222 0.0287159 0.20436 0.151726 0.886747 0.433828 0.336602 0.8603 0.357609 0.734143 0.13945 1.1494 1.07251 0.716574 0.281937 0.157442 0.676573 0.747313 0.593676 
0.986001 0.369901 0.35909 0.261435 0.732953 0.957437 0.717913 0.986105 0.681849 0.591153 0.844131 0.442482 0.197146 0.134763 0.0339995 0.779517 0.358866 0.562235 0.568286 0.412719 0.0576147 0.736747 0.601449 0.47053 0.547792 0.551263 0.0992716 0.506438 0.711077 0.00805766 
1.48162 1.4181 0.700386 0.498966 1.15691 0.68747 1.37982 0.974783 0.729874 0.203235 0.559093 1.04035 1.61217 0.904328 0.5583 0.763433 1.52563 1.73097 1.54255 1.20384 1.18504 0.914955 1.10222 0.850205 1.0755 0.782812 1.08107 0.545588 0.976304 1.56438 
0.940061 0.319594 0.95297 0.157978 0.794344 0.162809 0.75612 0.583751 0.752739 0.863773 0.519043 0.343979 0.0558588 0.37463 0.747377 0.0180482 0.632179 0.380781 0.875396 0.88848 0.907648 0.225563 0.244519 0.541354 0.308391 0.258701 0.379739 0.546581 0.892427 0.393344 
1.23073 1.51782 0.675845 1.09609 0.955557 0.897191 1.16919 0.596211 1.00949 0.290591 1.43198 0.408355 1.28424 0.794114 0.235522 0.740171 1.18383 1.0273 0.655855 0.915255 0.129212 0.181522 1.3186 0.339906 1.0741 1.09814 0.907768 0.472977 0.574476 0.939013 
0.413469 0.368274 0.322674 0.706468 0.687563 0.0300375 0.895088 0.932255 0.334796 0.690391 0.0527637 0.495966 0.752752 0.141289 0.616333 0.419465 0.0952418 0.294063 0.0377531 0.713545 0.641038 0.700197 0.798007 0.520815 0.384449 0.693833 0.18177 0.141506 0.896298 0.73669 
0.160879 0.495093 0.0643291 0.728003 0.0828045 0.718035 0.0310325 0.287367 0.791929 0.416824 0.872883 0.783116 0.0989632 0.947773 0.234006 0.967671 0.365239 0.816895 0.658785 0.0444749 0.489188 0.507144 0.821569 0.380939 0.225269 0.54223 0.263343 0.402939 0.565595 0.0595503 
0.834455 0.723007 0.555287 0.936119 0.316208 0.954456 1.18869 0.543083 0.317075 0.983042 0.421807 0.382236 1.1469 1.07864 0.583563 1.08623 0.899038 0.614253 0.483929 0.493468 0.8322 0.417282 0.28246 0.671021 0.662578 0.611792 0.528919 0.559523 0.626812 0.400039 
1.17844 0.23164 0.958528 0.530375 1.18584 0.0763378 0.858144 0.393382 0.956416 1.24169 0.922728 0.318472 0.6312 0.139523 0.917081 0.77377 0.68279 0.453998 0.683195 1.18815 0.72657 1.04213 0.105098 0.776861 0.96072 0.576621 1.01307 0.670885 1.01151 0.569117 
0.952221 1.42611 0.56224 1.37968 0.882264 1.11806 0.899653 0.926556 1.12122 0.582013 1.25768 0.998818 0.582915 0.704217 0.584558 1.1093 0.75976 0.698737 1.01477 0.569003 1.13815 0.605507 1.30158 0.57086 0.599354 0.462846 1.15976 1.22717 0.611965 1.64393 
0.113543 0.707429 0.70103 0.647571 0.245876 0.147303 0.445452 0.697875 0.674663 0.922987 0.464733 0.138358 0.990244 0.328196 0.695643 0.976236 0.647438 0.444533 0.246407 0.422345 0.253526 0.808524 0.797106 0.743804 0.0546339 0.4203 0.359291 0.584405 0.0828147 0.160751 
0.637237 1.02204 0.988925 0.52576 0.984768 0.79537 1.07915 0.801561 0.388662 0.976943 1.04597 0.372258 0.868121 0.376227 0.462078 0.562271 0.413024 0.631862 0.57372 0.139396 0.594331 0.993869 0.852489 0.350361 0.560725 0.216523 1.0199 0.772521 0.828665 0.93435 
1.26691 0.865924 0.928 0.708362 0.802638 0.277959 0.460848 0.787474 0.924463 1.04042 0.110269 0.86234 0.845015 0.952482 0.995955 1.07146 0.566175 0.965008 0.722866 0.685477 0.690019 1.04992 0.329778 1.09035 0.850978 0.340528 0.0876903 0.985924 0.163806 0.139831 
0.987028 0.473032 0.169081 0.885726 0.78795 0.886083 0.823175 1.30369 1.28924 0.871544 0.591569 0.894989 1.37368 0.550156 0.00478324 0.256114 0.883764 0.310875 0.353968 0.667921 0.458505 0.648433 0.741391 0.610627 0.947912 1.11068 0.639037 0.71046 1.07259 1.03737 
1.21186 0.397804 1.44676 0.932448 0.419729 1.06575 0.891428 0.906391 1.40739 0.706254 0.74818 0.756564 0.807473 1.42028 1.52237 1.56808 0.591713 1.06398 1.02839 0.778964 0.903988 1.07195 1.29607 1.07494 1.0222 0.746978 0.573424 0.494309 0.599209 0.912042 
1.30913 0.751863 1.18201 1.34826 1.18119 1.6686 1.79507 1.03281 1.2312 1.32793 1.84348 1.04735 1.21068 1.27813 1.32784 1.43074 1.51218 1.07722 0.979957 0.620691 1.25793 1.44183 0.885499 1.69749 1.35914 1.53874 0.900004 1.11584 0.779918 2.01953 
0.35249 0.171865 0.837962 0.425039 0.141216 0.502836 0.98675 0.42348 0.771907 0.219358 0.438646 0.672498 0.809622 0.207846 0.600243 0.0504651 0.745068 0.549433 0.779504 0.897878 0.164951 0.198307 0.636449 0.39041 0.966497 0.00793663 0.101275 0.547316 0.470525 0.313121 
1.28377 0.754546 1.10622 1.39743 0.868317 1.07391 0.909384 1.29819 0.552127 1.25328 1.24069 0.591337 0.434729 1.18009 0.469917 0.772516 1.32056 0.940274 0.399623 0.495023 0.557765 0.782892 0.930161 1.22012 0.745118 0.830134 1.27067 0.793293 0.853649 0.611944 
0.372444 0.968197 0.944619 1.76985 0.953754 1.01137 0.906522 1.16692 1.11685 1.47841 0.979387 1.6162 0.785837 1.07633 0.891411 1.28813 0.85338 0.165335 1.07254 1.18741 0.470763 1.4632 0.961687 0.925606 1.05379 0.978237 1.42685 0.259606 0.145768 0.898579 
1.01851 1.22544 1.70626 1.64022 1.31349 0.945214 0.820504 0.807664 0.728443 1.51003 0.92841 1.26133 0.690995 0.903417 1.7327 0.893848 0.44691 1.00245 0.563985 1.53412 0.67971 1.53353 0.548143 1.41598 0.567488 1.46486 0.766705 1.64463 0.736987 0.935237 
0.735144 0.949474 0.300411 0.821625 0.790217 0.963533 0.663897 1.17012 0.37459 0.411718 0.226724 0.549111 1.071 0.442978 1.04931 1.19298 0.857907 0.941543 1.0997 0.787727 0.486221 0.214453 1.33059 0.679512 1.10591 0.734983 1.13382 1.00103 0.78884 0.445916 
1.30378 0.599811 0.958739 1.29027 1.41016 0.701866 0.817269 1.21879 0.964024 0.825597 1.63672 1.49154 1.32372 1.42469 1.09464 0.779433 0.752619 0.465174 1.09223 0.445265 1.25876 1.40021 1.58574 0.774911 0.894855 0.335638 0.594814 1.15982 0.774272 1.1863 
1.24083 1.17092 0.470365 0.329358 0.303955 0.845582 0.226268 1.04819 0.051969 0.966949 0.37071 1.09115 1.17493 0.891481 0.21482 0.424645 1.15764 0.93201 0.924708 0.234571 1.0433 0.380176 0.69365 0.912575 0.108175 0.562242 0.703481 0.680134 1.01577 1.24357 
0.694461 0.491446 0.00804816 0.157284 0.757042 0.270425 0.779061 0.858451 0.493602 0.385616 0.630178 0.468989 0.281901 0.53449 0.0285027 0.878825 0.970431 0.582385 0.438165 0.320566 0.515776 0.598549 0.340928 0.0423241 0.385541 0.384278 0.000426039 0.0359806 0.742815 0.642268 
1.29562 0.729634 0.625167 0.41113 0.964566 1.7712 0.734954 0.900138 1.32557 0.437583 1.53997 1.27801 0.753197 1.39934 1.16541 1.04471 0.471173 1.04869 0.987442 0.771807 0.955783 1.24899 0.423371 0.831562 1.2177 0.961203 1.06038 0.590026 1.37129 1.43182 
0.760627 0.482193 0.715413 0.542576 0.460861 0.230277 1.16751 1.05234 0.442567 0.453436 0.916056 1.38931 1.0813 0.667007 1.57593 1.01727 0.971591 0.499168 0.541845 1.03981 0.636939 1.19525 0.482957 0.767437 0.371238 1.03274 1.214 0.880349 1.05929 0.767981 
0.427921 0.943725 0.315532 0.640946 0.585696 0.0902557 0.919369 0.560705 0.918732 0.346124 0.454283 0.973039 0.537779 0.615379 0.299557 0.0192431 0.898868 0.529562 0.30371 0.288195 0.46387 0.239029 0.666705 0.993731 0.335547 0.798139 0.576841 0.883638 0.557579 0.253519 
1.57518 0.408701 1.73647 1.72292 1.15032 0.998769 2.04162 1.29714 0.708806 1.47761 2.18364 1.87186 0.951495 0.434688 1.82616 1.15291 2.06567 1.49452 2.00968 1.16874 1.73485 1.40051 2.29676 1.91436 1.74655 1.44839 1.96296 0.835645 1.15297 0.971011 
0.0560244 0.507323 0.270422 0.498438 0.690281 0.686676 0.457574 0.968685 0.927017 0.0937122 0.736023 0.142609 0.588428 0.67545 0.339778 0.0508191 0.0179539 0.118856 0.58865 0.769479 0.00863516 0.31672 0.534501 0.0265187 0.00351102 0.374814 0.919797 0.181738 0.972857 0.439021 
0.933511 0.787398 0.661747 1.41445 0.7984 0.753671 0.270338 0.708494 0.378383 1.1046 0.816534 0.448838 0.347842 1.28948 0.617638 0.613927 0.851072 1.06612 0.638793 0.143186 1.30019 0.752328 0.330318 0.960481 0.500644 0.898663 0.799391 0.622647 0.152914 1.2036 
1.0364 0.693728 0.821573 0.317406 0.445769 0.126927 0.802268 0.120853 1.10892 0.786664 0.458466 0.609311 0.864164 0.274519 0.214069 0.0964125 0.55973 0.959044 0.86891 0.934959 0.883013 1.05277 0.865794 0.354524 0.977076 1.03987 0.986117 0.687604 0.879148 0.625746 
0.934031 0.632159 1.50462 1.09422 0.901314 0.775268 0.163231 1.14797 0.287648 0.911218 0.573973 1.02971 1.44668 1.29966 0.425467 0.444705 0.711232 0.52342 0.656531 0.690665 0.683568 0.916423 0.570446 0.9258 0.61678 1.29938 1.31936 0.840182 0.954527 0.884879 
1.48241 0.868866 0.288464 1.61672 1.03126 0.967574 1.10083 0.950168 0.412032 1.04148 1.85496 0.297459 0.670249 1.55147 0.937684 1.61904 1.02219 1.86953 1.39987 0.288947 1.52408 1.0123 0.649134 1.01936 1.07926 0.898426 1.12197 0.368467 0.795035 1.29062 
0.674438 0.731846 0.054414 0.0529838 0.587509 0.981364 0.788268 0.523898 0.544226 0.258434 0.390868 0.918131 0.728948 0.40453 0.332383 0.736675 0.13058 0.864176 0.405319 0.677513 0.200298 0.5775 0.624096 0.307569 0.250106 0.877283 0.22382 0.231685 0.02324 0.326944 
0.82374 0.898146 0.678429 0.808138 0.970026 0.165277 0.825623 0.667961 0.52682 0.688938 0.733979 0.245026 0.508415 1.18133 0.192891 1.4354 0.297434 1.27476 1.03227 0.807669 1.04378 1.00449 1.43168 1.10783 0.519158 0.978134 1.02369 1.37993 1.12429 0.412537 
0.296884 1.01012 0.237967 0.859754 0.852292 0.52422 0.728739 1.25576 1.3879 0.171456 1.34234 0.564382 0.801298 0.717914 0.805204 0.302308 1.03071 0.824547 0.49896 1.12125 1.09212 0.605397 1.16226 1.26931 0.624247 1.26155 1.05203 0.769417 0.597855 0.802002 
0.735483 0.299649 0.376091 0.293086 0.538066 0.534643 0.88942 1.07099 0.157743 1.07701 0.768319 0.765432 0.703958 0.319333 0.705982 0.335648 0.382389 0.316599 0.785036 0.531398 0.0909252 0.309476 0.360632 0.192948 0.457069 0.989832 0.79315 0.145355 0.566433 0.870874 
0.75892 0.643567 0.98225 0.658597 0.297537 0.480968 0.792552 0.634505 0.501993 0.0491746 0.635119 0.00673906 0.664176 0.920827 0.220524 0.324194 0.797594 0.589565 0.656719 0.183546 0.786217 0.704818 0.464018 0.680237 0.284548 0.419898 0.971846 0.00641059 0.218682 0.770184 
1.05581 1.44464 1.56683 1.0035 0.485807 1.16906 0.59947 1.47891 1.08637 1.25226 1.50691 0.725208 0.431461 1.11037 0.55638 1.35149 1.05849 1.07593 0.329763 0.766943 0.761082 0.922724 1.14331 1.09368 0.433961 0.706787 1.32933 1.07876 1.06393 1.03005 
0.906891 0.697923 0.616939 0.261156 0.533387 1.08934 0.519855 0.267134 0.523163 0.983595 0.763789 0.238257 0.478834 0.672 0.461307 0.867082 0.934281 1.15734 0.621892 0.869832 1.19412 1.03069 0.814813 0.862205 0.991341 1.02557 0.159012 0.822873 0.901979 1.09248 
0.447474 0.798454 1.43045 0.56094 1.42713 0.993655 0.293658 1.42733 0.538289 0.62124 0.870516 0.825762 1.03186 1.5229 1.2281 1.29838 0.918516 0.977915 0.462089 0.946812 0.924428 0.84733 0.949955 1.16188 0.839985 0.309814 1.01557 0.50606 0.444192 1.3284 
2.07409 2.51461 1.22627 2.10855 1.8926 1.15198 2.25376 1.94366 1.48277 1.34905 2.11241 1.64948 1.55488 1.98582 1.40614 0.790641 1.97645 1.27423 2.03265 2.0834 1.9724 1.60228 2.25292 1.83123 1.34719 1.37918 1.44771 1.25354 1.65444 2.22772 
0.589098 0.413175 1.70917 1.07049 0.165788 0.822671 0.471669 1.06313 1.45221 0.900936 1.48022 0.497645 0.854945 0.825762 0.878338 1.55712 0.643067 0.521769 0.788122 0.433229 1.40639 0.794932 1.3257 1.12901 0.699388 1.28418 1.11667 0.223375 0.685614 0.313104 
2.21106 2.86985 2.06958 2.42192 2.00035 2.92107 2.00147 1.56881 1.32496 1.62616 1.64987 2.33229 1.68947 3.26845 1.84743 2.08915 1.91893 0.968488 2.50518 2.09498 2.08143 1.4337 1.83415 1.805 2.72629 1.50136 2.39484 1.99473 1.17403 1.86284 
0.99467 0.73087 0.901767 1.21373 0.867829 0.894143 0.479701 1.24753 1.33885 0.734662 1.37615 0.425485 0.675517 0.464222 0.80676 0.232633 0.438733 0.827911 0.746653 0.922382 0.594751 0.706283 0.940047 0.967965 0.225297 1.06202 1.21063 0.592264 0.621636 0.442334 
0.457357 0.771967 0.986802 0.128571 0.185767 0.493301 0.651852 0.713844 0.333204 0.744836 0.163751 0.252265 0.623924 0.921741 0.919637 0.599963 0.734512 0.175964 0.879344 0.477929 0.999745 0.305483 0.979459 0.0490959 0.36387 0.661238 0.936347 0.875751 0.77272 0.731496 
1.55423 2.22757 1.07966 0.321947 1.27364 1.46191 1.36444 1.68962 1.39009 1.28977 1.41564 2.01218 1.84071 1.0666 0.787545 1.32732 0.817896 2.04753 1.67074 1.5913 0.811281 1.10687 1.01162 1.97632 1.42132 1.71258 1.92923 1.1982 1.69193 0.546826 
1.27679 1.28964 1.28198 1.78567 1.27688 1.95527 1.43193 1.76312 1.92719 1.2765 1.38069 0.674648 1.42684 1.19661 1.63545 0.85144 2.05222 2.04595 0.940129 1.39926 1.80321 1.00888 1.18952 1.32254 1.38337 1.2099 1.79521 1.85102 1.44005 1.68021 
0.876952 1.08222 0.491827 0.775234 0.93315 0.572766 0.796602 0.870283 0.903484 0.923188 1.26091 1.37272 0.644435 0.745142 0.866678 0.738693 0.482993 1.06083 0.397251 0.704399 0.927473 0.764914 0.630241 1.25159 0.332036 0.896916 0.99059 0.413884 1.38457 1.29925 
0.286628 0.486779 0.998733 0.918716 0.489267 0.544282 0.613329 0.0976546 0.856617 0.19992 0.85342 0.579218 0.363955 0.0475522 0.164649 0.353663 0.355051 0.68471 0.477285 0.947186 0.00998946 0.811862 0.0262655 0.630185 0.142689 0.00732369 0.74928 0.324488 0.969583 0.747213 
1.18587 1.47787 1.35477 1.51652 1.42346 1.02742 1.48559 1.10672 2.15212 1.50385 1.91754 2.03682 1.8751 1.13855 1.34672 1.8739 1.2793 1.05874 1.37738 1.24672 1.43621 2.0144 2.21076 2.1183 1.27101 1.31049 2.24999 1.0251 1.35974 0.982614 
0.656555 1.01065 0.512492 0.677344 0.975343 0.803417 1.64106 1.21825 0.917069 1.49321 0.708947 1.25808 0.40315 1.74196 1.28687 0.743183 0.922201 0.492581 1.14885 0.745953 0.718064 0.937682 1.33899 0.748908 1.39929 0.640609 1.436 0.702829 0.875649 0.578921 
0.215027 0.194703 0.166059 0.813349 0.663678 0.171036 0.491858 0.788989 0.519359 0.292734 0.516328 0.225355 0.925729 0.351444 0.797013 0.661948 0.439624 0.938058 0.358034 0.12397 0.498008 0.482855 0.72697 0.893764 0.519951 0.196683 0.988087 0.0974703 0.122204 0.488459 
0.411793 0.919806 0.798402 0.254164 0.872059 0.968001 1.07213 0.527707 0.484327 0.748515 0.871934 1.09137 0.0903899 0.383334 0.416864 0.440499 0.940853 0.506852 1.0553 0.727653 0.0341929 0.24409 0.693693 0.746058 0.690825 0.823194 1.09278 0.337057 0.351951 0.60331 
0.785703 0.383538 0.583353 0.20462 0.134054 0.163728 0.523407 0.480405 0.513263 0.397645 0.906678 0.490302 0.365481 0.431835 0.812396 0.93899 0.277859 0.0573414 0.788056 0.966029 0.0404455 0.794035 0.195727 0.204211 0.0942641 0.148369 0.0107613 0.152375 0.775622 0.230864 
1.85293 0.94992 1.38201 2.29465 1.26656 0.785226 1.83158 0.6275 1.71143 1.38212 1.22775 1.14706 2.05657 1.16754 1.17805 1.17179 1.38909 1.8275 2.35196 1.75972 1.09564 1.85951 1.91301 1.91827 1.63415 1.30312 1.51467 1.29265 0.68737 0.962244 
2.24624 2.33174 2.43138 1.72883 2.19207 1.95731 2.62223 2.06631 1.19565 2.3259 1.65492 1.20959 2.88341 1.95848 1.94048 2.27772 1.44428 0.854467 1.15011 2.17859 1.37678 1.41504 0.711333 2.23829 2.00903 1.18407 1.99068 1.1332 1.91204 2.3133 
0.685486 0.658845 0.696808 0.581835 1.20143 0.299914 0.469327 1.12501 1.00958 0.389845 1.09209 0.79694 1.12908 0.810211 0.493502 0.533863 0.607832 1.11936 1.04469 1.65217 0.202263 1.12922 0.679271 0.609512 0.564374 0.940724 0.517602 1.30731 1.13163 0.757973 
0.359159 0.49208 0.287231 0.217702 0.916258 0.623453 0.0384207 0.0925139 0.653159 0.539862 0.199707 0.804123 0.676063 0.0331902 0.756639 0.376479 0.841828 0.969407 0.0676789 0.197468 0.619566 0.85764 0.697262 0.799292 0.870325 0.18918 0.797421 0.115587 0.641352 0.835836 
0.699756 0.664713 0.195419 0.323207 0.178974 0.980072 0.325824 0.814222 0.45782 0.329634 0.821097 0.223236 0.122773 0.282446 0.401784 0.133351 0.819589 0.437465 0.984531 0.761487 0.030144 0.459543 0.111038 0.910331 0.388417 0.753816 0.897269 0.368032 0.209797 0.435761 
1.51453 0.886942 0.805829 1.23936 1.31912 1.87858 1.48667 1.43612 0.416988 1.1447 1.01586 1.03245 1.06284 0.693913 1.02241 0.110713 1.31971 1.36711 1.27474 0.817493 1.13826 1.24298 0.942243 1.83209 2.05459 1.25133 1.2976 1.53814 1.1165 0.594238 
0.677031 1.166 0.772036 0.217107 0.704685 0.856327 0.779957 1.58017 1.1554 1.21418 0.146578 0.548412 1.42796 1.26154 0.582381 1.8237 1.35796 1.21101 0.516108 0.737436 0.419029 1.0059 1.08522 0.250546 0.960355 0.807648 0.71229 0.953646 0.444101 0.622334 
0.36722 0.32761 0.630482 0.678575 0.802337 0.752028 0.55261 0.683194 0.70701 0.911998 0.891615 0.676443 0.657516 0.151089 0.388452 0.829122 0.231728 1.08049 0.69868 0.18316 0.296939 0.656827 1.06756 0.78142 0.232775 1.03084 0.776104 0.880266 1.14295 0.614866 
1.00666 0.336635 0.85833 0.479272 0.8907 0.295375 0.955841 0.480495 0.328525 0.85194 0.33024 0.929529 0.756037 0.935844 0.656215 0.8503 0.116538 0.510979 0.603613 0.298427 1.12344 0.829182 0.667149 0.571663 1.02274 0.259882 0.937418 0.580277 0.60889 0.63285 
0.0971595 0.262034 0.728483 0.159191 0.957059 0.796605 0.202812 0.652379 0.167529 0.456003 0.399244 0.1063 0.86315 0.763334 0.936143 0.714353 0.999601 0.82694 0.11325 0.771458 0.284135 0.323757 0.840991 0.871497 0.310625 0.143756 0.250268 0.0279859 0.448058 0.756258 
0.106535 0.632987 0.657447 0.70499 0.640509 0.0344855 0.461404 0.25918 0.786041 0.737932 0.962109 0.880678 0.532065 0.934095 0.347212 0.845615 0.626692 0.71204 0.309095 0.825996 0.00498613 0.282244 0.835823 0.430486 0.822519 0.351665 0.358739 0.890669 0.809035 0.550032 
1.64931 1.17631 1.83348 1.55098 1.83368 1.94641 0.812191 1.87351 1.37583 1.57398 1.48389 0.797571 2.13723 1.6983 1.72325 2.27707 2.26647 1.30974 0.848336 2.39505 0.585444 0.898296 2.28715 1.71423 0.915337 0.775959 1.28383 1.16358 1.03105 1.36 
0.348398 0.942635 0.482799 0.653276 0.654224 0.090603 0.177162 0.344556 0.503623 0.736556 0.302385 0.0442094 0.427793 0.947218 0.289949 0.331104 0.123415 0.623286 0.697737 0.103829 0.326162 0.115687 0.661976 0.376966 0.926266 0.89131 0.479637 0.636413 0.789394 0.369646 
0.841834 0.49381 0.873107 1.7026 1.16762 2.09396 1.91711 2.25038 1.07552 1.30587 1.49568 1.1362 2.42325 2.01939 1.85216 1.0023 0.960903 2.11372 0.630016 1.29618 2.01153 1.54716 1.70772 1.84657 1.65458 2.09109 0.688606 1.08981 1.73113 1.75869 
1.24578 0.742802 1.46238 0.489707 0.301286 1.22205 0.244826 1.48372 1.48751 0.64776 0.908097 0.745494 0.447861 0.810738 0.953133 1.05828 0.872636 0.923035 0.299408 0.869884 0.903897 0.66686 1.25795 0.719547 0.795642 0.401567 1.41718 1.47918 1.49156 0.554428 
0.345163 1.01751 0.749745 0.367161 0.395665 0.550994 0.360714 0.363316 0.459239 1.1945 1.32832 0.587675 1.17168 1.06512 0.314433 0.341434 0.729404 0.869483 1.13674 1.06248 0.98166 0.600218 1.1194 0.713258 0.59137 0.691357 0.286145 1.10967 0.405741 0.9637 
0.444501 0.995544 0.982061 0.834543 0.663285 0.344823 0.124656 0.388782 0.490298 0.95371 0.988675 0.206946 0.895342 0.76474 0.169291 0.183952 0.15252 0.726221 0.078773 0.402492 0.531493 0.264423 0.378093 0.75319 0.92102 0.947878 0.986676 0.632699 0.981522 0.407283 
1.09357 0.450257 0.497515 0.835408 0.128016 0.54713 0.273496 0.745273 0.90043 0.901569 1.18167 0.327106 0.601522 0.687023 0.951456 0.301914 0.65859 0.579012 0.677844 0.660101 0.758134 0.558039 0.453685 0.323986 0.555426 0.548558 0.608523 0.33139 0.447505 0.461495 
0.898232 0.991511 0.278639 1.49698 1.61958 0.514937 0.457849 1.22013 1.20615 0.766016 1.11486 0.611039 0.752599 0.770192 0.753168 0.82654 1.25133 0.947068 1.13806 0.996894 0.78088 1.00494 0.970604 1.32011 0.960573 0.890414 0.478676 1.43592 0.609168 1.70583 
0.347487 0.100479 0.12181 0.641295 0.415544 0.940758 0.923395 0.350225 0.550683 0.0661594 0.594627 0.712647 0.231646 0.319826 0.430456 0.112931 0.713958 0.559019 0.965557 0.229299 0.913559 0.75968 0.342113 0.863062 0.686785 0.975066 0.518509 0.0327934 0.735691 0.198347 
1.50535 1.71664 0.848883 0.702979 0.662296 1.3824 1.27285 1.03082 1.5653 0.99378 1.23222 0.731674 1.06745 0.75057 0.991717 1.42928 1.16981 1.64427 1.34825 1.21428 1.76258 0.939346 1.86192 1.52684 1.20186 1.66174 1.16223 1.81921 1.14056 1.45921 
0.991679 0.235841 0.0221156 0.554538 0.550424 0.527624 0.0941823 0.547058 0.5085 0.0458376 0.587708 0.183285 0.315316 0.687142 0.156552 0.333993 0.292067 0.0736942 0.0761476 0.151396 0.247206 0.37449 0.307415 0.75053 0.135792 0.504392 0.963254 0.956287 0.856891 0.156024 
0.883306 0.403781 1.01805 1.00776 1.44189 0.428394 1.49467 0.640911 0.555411 0.909158 0.486353 0.636083 1.34274 1.30858 0.738316 1.12623 1.02494 1.3042 1.34602 1.68251 0.115946 1.09909 0.526028 1.04265 0.906834 1.59347 0.982744 0.722635 0.794765 0.890543 
1.1883 1.72545 1.73749 1.17448 1.78066 0.640934 1.13207 1.00816 1.26913 1.0151 1.72721 0.876977 1.08626 0.601842 0.944671 1.18393 0.942919 0.816827 0.472407 0.683813 1.13088 1.28317 1.54894 0.546995 0.374316 0.240336 0.8869 1.12984 1.33828 1.06945 
0.755968 0.852541 0.895695 0.655479 0.745286 0.422942 0.258251 0.460572 0.416201 0.216894 0.905603 0.476739 0.360318 0.622663 0.231633 0.46241 0.724183 0.845653 0.294696 0.957217 0.0262362 0.74941 0.499009 0.301095 0.0888242 0.0814583 0.307979 0.814085 0.993053 0.881226 
0.646679 0.398977 0.302655 0.491355 0.335319 0.9912 0.425437 0.789426 0.915182 0.71885 0.426454 0.665848 0.298449 0.622952 0.322901 0.86023 0.0767413 0.991951 0.663984 0.412176 0.785656 0.142484 0.523154 0.528635 0.873593 0.66448 0.356115 0.82622 0.154123 0.667448 
0.699742 0.340915 0.912462 0.707049 0.311818 0.0313051 0.963014 0.0737032 0.527471 0.46624 1.02729 0.978274 0.286317 0.178478 0.873397 0.581963 0.49072 0.781289 0.431209 0.341219 0.213216 0.112095 1.04091 0.543122 0.374948 1.01463 0.729548 0.150402 0.486519 0.18162 
0.383355 0.974013 1.48113 1.09624 1.31796 1.16833 1.18544 0.246072 0.438414 1.02461 0.342783 0.761603 0.977289 0.430892 1.39812 0.456946 0.492811 0.424287 0.978162 0.907383 0.490415 1.41505 0.62154 1.39596 0.514171 0.953339 0.559133 0.696751 0.917785 0.704724 
1.05057 0.696338 1.0864 1.49131 1.56512 0.843017 1.07598 1.41454 1.80781 1.30995 1.92782 1.58964 1.2839 0.660635 0.675478 1.17034 1.04983 0.839313 0.750143 1.17913 1.18796 0.751946 1.13216 0.609772 1.36548 1.89133 0.775922 0.509932 1.57982 0.966308 
0.493121 1.18438 1.02717 0.383199 0.296689 0.92828 0.489746 0.985307 0.983526 0.987625 0.954392 0.786721 0.570975 0.410672 0.396786 1.00229 0.747604 0.784805 0.189172 0.432706 0.978535 0.71132 0.909437 0.744102 0.401474 0.489602 0.893667 0.964162 1.13849 0.912012 
0.322196 1.36386 0.907977 1.54978 1.5194 1.42198 1.33689 1.36173 0.963335 0.999949 1.12853 1.88283 1.23602 1.10379 1.20659 1.1204 0.80707 1.39681 1.18219 0.933062 1.05053 1.27873 0.57167 1.22854 0.794719 1.08043 0.917092 0.675022 1.17685 0.749124 
0.958706 0.926831 0.620434 0.435799 0.835339 0.811939 1.53236 0.891339 0.987686 0.731371 1.69434 0.471852 1.13582 0.856394 0.558917 0.732016 1.08965 0.981439 0.457223 0.877594 0.703448 0.865394 1.38809 1.31562 1.35836 0.810847 0.832151 0.362726 1.05949 0.999444 
1.27748 1.03235 0.902507 1.26134 1.68278 1.25555 1.45347 1.23507 1.02842 0.743427 0.957172 1.16966 0.398356 0.520508 1.09173 1.14745 0.737604 1.42574 1.76723 1.24317 0.266201 1.22333 0.40588 0.906533 1.59028 1.0976 1.17303 1.076 0.818424 1.10378 
1.07518 1.12439 1.19744 1.63421 1.27334 1.15464 1.72063 0.538669 0.893349 1.36515 1.10215 1.03703 1.22191 1.03233 0.859383 2.01199 0.554021 1.4841 0.878952 0.657474 0.997226 1.65014 1.61646 1.41959 0.572268 0.785979 1.18392 1.64505 0.35652 0.188926 
0.6751 0.531387 0.722393 1.14507 0.424228 0.415782 0.6808 0.604214 0.434696 1.30754 0.819608 0.9801 1.34079 0.327041 0.276378 0.925434 0.535411 0.773147 0.313485 0.829981 1.06679 0.449198 0.555991 0.963279 0.455014 0.996277 0.748501 0.152719 0.576501 1.18054 
0.931173 0.477682 0.5904 0.329534 0.873742 0.0737655 0.798402 0.945153 0.276048 0.256745 0.79036 0.0761798 0.9604 0.935258 0.354167 0.0987255 0.160959 0.592022 0.302845 0.45561 0.740782 0.707578 0.867335 0.579765 0.192359 0.667762 0.686835 0.931638 0.0387678 0.404765 
1.25356 2.26278 1.39108 1.46943 1.07143 1.44292 1.11822 1.23488 1.25816 0.751808 2.13949 0.902635 1.17003 1.08924 1.03918 1.45363 1.70846 1.55171 1.5805 0.919866 1.23757 1.7443 1.25594 1.3638 1.22831 2.06848 1.91325 1.58769 1.28566 1.5425 
0.843727 1.67136 0.782094 0.962994 1.19034 1.43317 1.29328 1.26699 1.02769 0.203826 0.959852 1.06085 1.46833 0.91039 0.721652 1.0299 1.03521 1.57521 0.536008 0.633011 1.39843 0.980223 1.32548 0.434376 1.18651 1.19305 0.664522 1.00638 1.5186 0.776332 
1.00135 0.0578636 0.802731 1.08344 0.233625 0.914929 0.506804 0.80781 0.806726 0.335479 1.03158 1.10089 0.666391 0.283058 1.2404 1.0896 0.27892 0.674477 0.457994 0.33992 0.431034 0.315798 1.03071 0.751413 1.25448 0.980629 1.33596 1.02622 1.02582 0.689063 
1.66247 1.11874 1.3305 0.458399 1.23501 1.55107 0.670297 1.22415 0.319695 1.04944 1.02446 1.25442 0.766911 1.41606 1.0895 1.25481 0.628925 0.437111 0.557294 0.786816 0.618659 1.4994 0.249509 0.716333 0.970126 1.25844 0.659566 1.30231 0.374774 0.797551 
0.901618 0.508175 0.751633 0.72805 1.02533 0.019904 0.944893 0.520267 1.22185 1.00777 1.32957 1.11533 1.07193 0.178431 0.903962 0.764856 0.570632 0.19345 0.338399 0.971984 0.623986 0.635599 0.233529 0.909117 0.774932 1.07424 0.909416 0.283084 1.03807 0.908466 
1.02641 0.685657 0.926327 0.735675 0.223256 0.140403 1.20257 0.548389 1.07157 0.634493 1.27475 0.606449 0.795316 0.941618 0.698362 1.73142 0.401689 0.848311 1.19144 1.00893 0.479158 0.871208 0.912819 0.480361 0.525905 1.03764 0.437457 0.792102 1.56457 0.781334 
0.852567 0.655316 0.81829 0.542715 0.491147 0.157091 0.729831 0.520434 0.313113 0.914067 0.755661 0.450753 0.736082 0.284471 0.483719 0.132657 0.923762 0.888115 0.228945 0.672992 0.327332 0.972366 0.775212 0.751932 0.625445 0.298212 0.412532 0.0229647 0.454506 0.300688 
0.179985 0.444105 0.708637 0.435667 0.505447 0.816544 0.136758 0.0843629 0.471554 0.680943 0.615755 0.354342 0.113065 0.889423 0.715864 0.571947 0.691343 0.17501 0.212111 0.289872 0.113962 0.236212 0.760228 0.603275 0.456568 0.2133 0.928779 0.371544 0.409247 0.759798 
1.04866 1.14768 0.32992 0.511039 0.604655 0.943809 0.448914 0.74482 0.24509 0.346539 1.01014 0.752493 0.787815 1.20168 1.2231 1.20957 0.988571 0.145426 0.250385 1.11825 0.622163 0.804391 0.80879 0.549929 0.556425 1.32682 1.31243 1.46864 0.791932 1.06882 
0.77755 1.78863 0.486839 1.17647 0.694896 1.35301 1.6039 1.50657 0.898347 1.59382 0.528293 1.77848 1.7673 1.30471 0.849144 0.819143 0.917147 0.975523 1.25164 0.996046 0.633392 1.25591 0.940448 1.78278 1.8808 1.85538 1.29017 1.03912 0.638695 0.682574 
1.09411 1.56241 1.97344 1.27791 1.27821 0.724251 1.09635 1.57004 0.896044 1.73692 1.23542 1.42192 1.09021 1.88593 1.2923 1.50718 1.76293 1.28337 2.06413 1.22281 1.94444 1.5798 1.85976 1.12935 0.974257 1.33612 1.77609 1.23317 1.1686 1.68481 
0.467728 0.668604 0.670811 0.498086 0.393383 1.16857 0.945654 0.598097 0.138329 0.465464 1.07922 0.628431 1.04978 1.17148 1.03828 1.09572 0.409643 0.580254 0.799677 0.862001 0.39662 0.365975 0.446121 0.866385 0.681985 0.747414 0.570712 0.924318 0.689209 0.6899 
0.199789 0.108147 0.974018 0.934654 1.05218 0.467837 0.132159 0.565068 0.964168 0.840381 0.854851 0.908459 0.46755 0.494427 0.401118 1.07737 0.279343 0.0859961 0.652892 0.575558 0.440321 0.904737 0.913147 0.660406 0.229434 0.367535 0.891025 0.284672 0.207365 0.410333 
0.409202 1.47525 1.08524 0.637822 1.72743 0.828129 0.781081 1.03059 0.604647 1.06269 1.18697 1.05516 0.308056 0.409142 0.908942 0.206588 0.976761 1.40218 1.01915 1.31701 1.10294 1.12444 1.41747 1.06964 0.479677 0.262106 1.03789 0.741725 0.763802 0.701201 
1.17845 0.53961 1.02006 0.448338 0.347605 0.695445 0.995803 0.374227 0.539583 0.39951 0.689764 0.601805 0.379195 0.650034 0.70118 0.780342 1.22841 0.335556 0.742294 0.466827 0.766237 0.395251 0.565235 0.946513 0.601961 0.63902 0.990522 0.259922 0.871939 0.93597 
1.13066 1.28475 1.35659 1.7364 0.987083 1.44658 2.0401 1.7363 1.74772 0.677512 1.03451 1.79472 1.53214 1.40127 1.27159 0.997366 1.72829 0.784168 0.647992 1.67276 1.28896 1.18575 1.59725 1.4614 1.9275 0.939192 0.426341 1.91545 1.29055 1.83562 
0.427432 0.476194 0.292389 0.533999 0.655153 0.2705 0.448873 0.907321 0.297058 0.0815448 1.04145 0.481273 0.429359 0.888597 0.585572 0.616864 0.287346 1.21879 0.764262 0.514545 0.0766792 0.713119 0.821149 0.704329 0.709625 0.847877 0.599866 0.86455 1.11214 0.386478 
1.20324 1.39242 1.39794 1.2103 0.822746 1.62894 1.7808 2.05436 1.47702 0.759266 1.64155 1.39616 2.03034 2.05227 1.97698 1.25542 0.737596 1.50852 1.20604 0.97549 1.91353 0.675452 1.89999 1.49534 1.43988 1.70148 1.32273 1.60098 1.31733 0.983579 
1.13126 1.19955 0.896791 1.65101 0.893617 1.00391 0.921692 0.649183 0.795391 1.09737 0.972634 1.82716 1.37725 0.702131 1.19109 1.77356 1.20768 0.405869 0.475696 1.4422 1.75075 0.570832 0.721027 1.48156 1.5273 1.78642 1.1544 1.22442 1.0454 1.16406 
0.706821 0.074015 0.872255 0.146739 0.227421 0.719677 0.410877 0.831448 0.130485 0.935739 0.945502 0.466642 0.380291 0.933386 0.0524917 0.711752 0.24688 0.793316 0.659715 0.569055 0.131118 0.589121 0.468358 0.0753426 0.0938068 0.944426 0.228224 0.616234 0.327431 0.223649 
1.92419 1.33984 2.16692 1.19269 1.86975 1.02246 1.32543 2.66957 1.99526 1.38087 1.64144 1.20896 0.71852 1.70728 1.63273 2.07313 2.19708 0.88184 1.61675 1.31937 1.78381 1.04711 1.68248 1.31759 1.43852 1.3102 1.87397 1.51361 1.48806 1.9705 
0.28058 0.0337555 0.434045 0.883046 0.531399 0.549133 0.960579 0.5215 0.504357 0.584673 0.721198 0.0474891 0.201158 0.90884 0.844915 0.240554 0.0458503 0.920616 0.359962 0.586576 0.366436 0.125158 0.784274 0.624024 0.343669 0.655279 0.220584 0.661398 0.185733 0.372433 
0.922286 0.937161 0.546187 0.656866 1.67609 1.44858 1.15383 1.37782 1.55323 0.448422 1.37703 1.47926 1.21532 1.7558 1.34263 1.40392 0.639528 1.19066 1.64346 1.69033 1.37491 1.37182 1.26406 1.26061 1.83286 0.953705 1.29156 0.573079 2.0303 1.98258 
0.569981 1.301 1.17496 1.17409 1.67722 0.76653 1.15386 0.505729 0.747826 1.31524 0.89988 0.720214 0.694132 0.237883 1.68611 0.870408 0.337426 0.700818 0.279341 1.0297 1.05054 1.19102 0.847729 1.34385 0.745247 0.152984 1.03901 0.503179 1.35813 0.788668 
1.07711 1.00103 0.618328 1.12566 1.15414 0.723104 1.83375 0.962069 1.15885 0.505701 1.26458 0.980804 0.914154 0.613264 1.85834 1.54073 0.32943 0.901856 1.25597 1.69515 0.707371 0.969552 0.741237 0.96703 1.42464 1.38991 1.19152 1.1156 1.06954 1.52247 
0.737609 0.741465 0.843655 0.687511 0.548545 0.835138 1.19285 1.19837 0.844531 0.76786 0.854059 0.4887 1.27253 1.14211 1.06033 0.466102 1.02587 0.792167 0.607033 0.396981 1.24713 0.771276 0.606236 1.1235 1.18875 0.667569 1.03893 1.13009 0.247879 0.619779 
0.613597 0.184412 0.513188 0.618217 0.965696 0.359942 0.33729 0.877131 0.95395 0.744164 1.01937 0.681804 0.556644 0.618194 0.650075 1.16337 1.19612 1.00877 0.741957 0.990512 0.858127 0.801684 1.14245 0.354933 1.08708 0.959857 1.31717 0.743804 1.17919 0.995271 
1.22462 1.49836 1.24899 0.248389 0.92561 1.50058 0.426951 1.37929 0.362007 1.37142 1.18335 0.773967 1.14541 0.854108 1.21479 0.430518 1.19808 1.32751 0.563215 0.483821 0.55408 0.703001 0.68328 1.62713 0.480363 1.57239 1.24537 1.69859 1.73067 1.55432 
0.100269 0.669234 0.966822 0.32779 0.484615 0.818494 0.609637 0.934683 0.151769 0.0428205 0.437552 0.666272 0.371523 0.663511 0.900225 0.85354 0.0565991 0.718265 0.479154 0.201419 0.983609 0.20127 0.959394 0.18584 0.900213 0.537378 0.245072 0.1969 0.56468 0.868939 
0.238843 0.312234 0.118783 0.828006 0.588366 1.21445 0.618181 0.329723 0.324071 0.105523 0.252263 0.390347 0.910171 0.75569 0.386449 0.27554 0.212751 0.545728 0.797389 0.940006 0.752003 0.526363 0.681661 0.391751 0.426624 1.04042 0.725592 0.348493 0.710174 0.381605 
0.76433 0.679603 0.181678 0.478475 0.150426 0.0220074 0.0970815 0.821505 0.99993 0.389036 0.32333 0.886648 0.548093 0.687471 0.742316 0.0899807 0.357226 0.872607 0.396373 0.80478 0.94165 0.493015 0.490229 0.747427 0.544681 0.939392 0.638681 0.592893 0.563737 0.922923 
1.20872 1.69708 1.64684 1.55385 0.848899 1.28149 1.71978 1.39969 1.14766 1.30438 1.29693 1.39299 0.693399 1.9462 0.318362 0.388243 1.71608 0.484705 0.720351 0.795434 1.01653 1.2763 1.05861 0.641372 1.65377 0.782832 1.38977 0.684858 1.29747 1.39399 
0.495249 1.13839 0.922117 0.872378 0.739465 1.25099 0.294421 0.341886 1.12443 0.734361 1.10703 0.643466 0.104663 1.02942 1.0692 1.07524 0.727674 0.500504 0.531138 0.327433 0.548436 0.41076 1.37094 0.886237 0.592906 0.267191 1.31377 0.859797 0.514687 1.45651 
0.975 0.426627 0.468712 1.11649 0.637044 1.53354 1.11831 1.1805 1.11317 1.43644 0.656955 1.92551 1.52956 1.00247 1.92923 1.15804 1.39406 1.66153 0.567379 0.741569 1.05352 0.861939 1.66265 1.25354 1.80981 1.15066 1.25862 0.48894 1.41273 1.17887 
0.179574 0.790708 0.888816 0.725401 0.566169 0.68278 0.418787 0.389364 0.75553 0.930065 0.790172 0.0232022 0.542594 0.296662 0.582781 0.0947652 0.921898 0.471991 0.370238 0.374852 0.666617 0.197662 0.309188 0.637642 0.754995 0.366082 0.788891 0.830303 0.715926 0.564239 
1.39394 2.11408 1.67636 2.38087 2.56175 0.707188 1.75278 1.1694 1.10904 1.87994 1.72413 1.6485 1.05296 1.44066 2.06299 1.02017 1.88753 1.61086 1.3248 1.86678 1.29069 1.90419 1.38543 1.38516 2.07848 1.2784 1.52927 1.5807 1.29499 1.46205 
0.98545 0.953594 0.555023 0.520652 0.361205 0.251807 0.900747 0.08473 0.207306 0.534944 0.209098 0.681852 0.764215 0.840977 0.21568 0.889741 0.185113 0.936143 0.593918 0.602139 0.567801 0.733221 0.33013 0.882164 0.814021 0.839506 0.209679 0.943758 0.414893 0.0553234 
0.0998265 0.224005 0.287507 0.772195 0.972775 0.53233 0.00834636 0.239167 0.383246 0.337237 0.749393 0.933358 0.00798689 0.629594 0.331931 0.729125 0.237905 0.830091 0.107317 0.360695 0.92324 0.387484 0.0253066 0.941948 0.0952084 0.345293 0.399546 0.0042475 0.895882 0.848929 
0.52701 0.293303 0.413972 0.64163 0.259465 0.623501 0.652447 0.511993 1.0465 0.289854 0.891314 0.645362 0.0896626 0.298507 0.390985 0.702728 0.7389 0.947738 0.989349 0.542379 0.893766 1.03533 0.267692 0.298121 0.881344 0.446976 0.388735 0.323207 0.791694 0.688483 
0.296435 0.547008 0.489808 0.202337 0.907194 0.946067 0.729989 0.218499 0.955851 0.681547 0.622426 0.143394 0.606002 0.756124 0.759569 0.703377 0.281168 0.315479 0.0189487 0.570458 0.321027 0.850529 0.18185 0.740842 0.389871 0.505448 0.404273 0.693399 0.710753 0.815187 
0.5381 0.330379 0.72318 0.716832 0.168006 0.111858 0.537762 0.0648087 0.187131 0.817948 0.475733 0.860398 0.21545 0.416412 0.682453 0.84893 0.0704078 0.259385 0.229763 1.02804 0.573423 0.379332 0.514964 0.974711 0.446648 0.961854 0.543015 0.43446 1.07357 0.779983 
0.664555 2.16886 2.06964 1.2286 1.96648 1.71619 1.26575 1.79184 1.1082 1.35984 1.58193 2.19588 1.06387 1.46231 1.46382 1.56474 1.50676 1.9871 1.48943 0.630204 0.7945 1.85786 1.451 0.75014 1.95836 1.19899 1.87395 0.799673 1.44576 0.949942 
0.759368 0.20667 1.11654 0.835252 0.594199 1.43486 1.08992 1.06629 0.634272 1.33288 0.452735 0.869314 0.401206 0.629088 0.781151 0.890136 0.710698 1.40814 1.42018 0.981582 0.467982 0.642041 0.903099 1.20956 0.955064 0.68533 0.881803 1.21045 0.234078 0.506376 
0.558946 0.457454 0.53324 0.900698 0.15804 0.82926 0.728734 1.1275 0.866539 1.0273 1.02252 0.959311 0.416366 0.258994 0.907144 0.666649 0.716376 1.24275 0.997973 0.601099 0.690103 0.662298 0.654977 0.585947 1.18121 0.349004 0.162109 0.254507 0.517201 0.447861 
0.57514 0.597742 0.614872 0.935002 0.728542 0.467512 0.424619 0.52629 0.302194 0.826365 0.502953 0.300213 0.301722 0.934647 0.475598 0.416382 0.966696 0.428248 0.912058 0.592343 1.12969 0.889509 0.644606 0.338834 0.925741 0.369384 0.45208 0.881615 0.397929 0.0405378 
1.42783 1.42533 1.43813 1.14368 0.845142 0.840286 1.74302 0.234062 1.33208 1.33661 1.24362 1.04096 1.13939 0.194561 0.951452 1.38986 0.241181 1.65233 1.25015 0.791997 0.902869 1.31354 1.36547 1.63223 0.784341 1.39032 0.479789 1.5356 0.661576 1.54473 
1.92099 2.36282 1.63046 1.3751 1.63573 1.92145 2.91304 0.943554 2.13813 1.04781 1.75529 1.23703 1.58721 1.64055 1.75406 1.66884 2.26802 1.40842 2.11633 2.32387 1.85092 0.491172 2.52104 2.33154 2.32174 1.25632 1.61128 2.11086 1.73611 2.17378 
1.68636 1.07647 0.6975 1.16889 1.34502 0.687505 0.983727 1.25175 1.48384 0.923916 1.94746 1.50384 1.79438 1.56263 1.22661 0.814026 1.08262 1.0345 0.850473 0.738996 1.35223 0.985416 1.29848 1.84261 1.34189 0.997836 1.46541 1.54234 1.55618 0.84358 
1.88361 1.16893 1.25051 1.37498 0.993871 1.48545 1.27363 1.08771 1.68765 1.26574 1.27815 1.53314 1.023 1.764 1.97813 1.49521 1.87175 0.49537 1.39069 1.83783 1.01565 1.32435 1.03689 1.17767 1.43174 0.95305 1.88973 0.727549 1.00405 1.46824 
