0.326489278062103 
0.53175866467154 
0.635166126240584 
0.131137493051643 
0.119013551833248 
0.906590934371407 
0.985278024009827 
0.801281197947732 
0.150412176828217 
0.691181141517194 
0.34396332771369 
0.768132712521118 
0.915474149510873 
0.695713959369843 
0.17294488095671 
0.550336122315124 
0.261711914455832 
0.82692242212463 
0.145296948980579 
0.417897671222159 
0.0293130753566432 
0.364809192257527 
0.980798303161129 
0.54079436097099 
0.612115981209275 
0.395003643894514 
0.36437152256106 
0.59585396886141 
0.95040864633914 
0.53635920469465 
0.208567218844329 
0.397405470406587 
0.310165912397951 
0.308090678977665 
0.726301751424084 
0.426341129858827 
0.259990855228332 
0.186727521400126 
0.053416884422197 
0.828529433942741 
0.0948219455339621 
0.958039843929782 
0.278986710444341 
0.000245675725316352 
0.193337958528757 
0.287935232476845 
0.0598833868414547 
0.81352338865869 
0.928567529676007 
0.238485680654635 
0.281364224638497 
0.873595510066909 
0.601503419751529 
0.619611965672374 
0.258493997793957 
0.777750598259039 
0.568836537768686 
0.201099770848483 
0.448082478068583 
0.215198705835385 
0.512548098952255 
0.210145208517004 
0.343483583848707 
0.921992202383586 
0.82583025824883 
0.868462784683418 
0.375508948504994 
0.685042460047687 
0.371527575360818 
0.110478558885675 
0.120892625013717 
0.56843100997487 
0.0822535939992879 
0.882131635295623 
0.560215430740342 
0.467284000433514 
0.980452953943303 
0.0915050960758022 
0.788991365969589 
0.522371245827449 
0.611947488056196 
0.60512247596758 
0.0241229215610352 
0.772308093659951 
0.706260494483658 
0.284290575688944 
0.147578947946301 
0.683722566219586 
0.216533686724855 
0.0684258661886657 
0.745080339384251 
0.940249309594926 
0.849899179190589 
0.479333315142435 
0.832526316090234 
0.986270742124638 
0.946431930167822 
0.674649419028255 
0.220209068951656 
0.161620535761968 
0.327137097277241 
0.91363070594472 
0.0710112347580538 
0.344673132326449 
0.353229830218656 
0.253734211311049 
0.171497795845799 
0.648054084346743 
0.256726659491621 
0.224622131725049 
0.990399135223452 
0.654278476972137 
0.789327158939524 
0.906785912120168 
0.834973406512486 
0.152328722424965 
0.813049705089777 
0.591773167340918 
0.232851227696234 
0.811947985988298 
0.885283572696343 
0.116003876837263 
0.993724059804217 
0.445980178485111 
0.497400449117803 
0.237834193217569 
0.73425502261091 
0.83766954144162 
0.0756067680245301 
0.208572606446017 
0.44414452759411 
0.412600163813137 
0.559269544241442 
0.849810469764711 
0.956791159054374 
0.191589157892333 
0.259484874939925 
0.45589916850829 
0.800974887046482 
0.955614955061417 
0.115630776624675 
0.472845567033069 
0.722551514830988 
0.506055713918139 
0.825826701617864 
0.419785100061569 
0.823098929392583 
0.123063697198793 
0.297617165534231 
0.728003175601364 
0.739868746834834 
0.329534416114563 
0.645175874453963 
0.821616491635724 
0.155248777545396 
0.812098722852163 
0.802195684583699 
0.967776567546064 
0.966727111908017 
0.379347913078411 
0.905782899697218 
0.137582112487487 
0.815471153873834 
0.592536032327361 
0.100666204376467 
0.994353759112342 
0.984177523413877 
0.123686681067351 
0.223649684212289 
0.891143006407206 
0.69333261587046 
0.936050469563178 
0.225920719334329 
0.621229051191486 
0.60522624280839 
0.907478017158415 
0.712470395475501 
0.852913330082732 
0.402554098916854 
0.592188300526887 
0.595141782317257 
0.403570324414277 
0.199475284349902 
0.247028896482474 
0.664642996086291 
0.290009442753931 
0.12699172101965 
0.52649760941324 
0.444290541392461 
0.210487227315462 
0.444047343476036 
0.18371495575019 
0.00728265883907624 
0.455162819480731 
0.783597214128203 
0.986888287899847 
0.210665849467074 
0.953099098664219 
0.433336774522093 
0.17680633492015 
0.211636135833681 
0.782768045736876 
0.887071719703092 
0.726876160041544 
0.816922539847756 
0.967861936392729 
0.0632749500441156 
0.308500898108349 
0.706988228714615 
0.832700706232656 
0.645520888070826 
0.0963736937775542 
0.995805256575305 
0.774470156731289 
0.0663931561342199 
0.185993600857124 
0.437971547115546 
0.51179077004546 
0.645181808898844 
0.862702912797951 
0.058951781675284 
0.332369727686645 
0.103176269742276 
0.123522682492206 
0.530215814771595 
0.150970724440164 
0.285709219579989 
0.693543266078359 
0.573429243177795 
0.287697422551906 
0.683758755732208 
0.621954923799773 
0.0156679196332421 
0.972815304246382 
0.987768483892324 
0.762944528327455 
0.591655022536926 
0.392543556721173 
0.95682317753097 
0.113320887782349 
0.255282612005678 
0.575895760318758 
0.962288166335381 
0.448488934778714 
0.589289181716842 
0.712728745904704 
0.431210503020174 
0.937027830240084 
0.564797045179308 
0.0795925327125279 
