0.855976 0.231459 0.111757 0.352056 0.285594 0.83108 0.367118 0.827326 0.980283 0.434437 
0.549202 0.530681 0.546789 0.833194 0.399467 0.0641753 0.406801 0.24238 0.0837566 0.271376 
0.143538 0.443968 0.0509527 0.128097 0.685802 0.626531 0.490502 0.165531 0.430966 0.540174 
0.472499 0.932151 0.349623 0.015165 0.74367 0.949472 0.442575 0.385388 0.567912 0.301082 
0.912802 0.244341 0.28814 0.874602 0.842438 0.370528 0.251081 0.554257 0.492604 0.276137 
0.959098 0.995555 0.807931 0.731012 0.975088 0.832436 0.395382 0.106872 0.295277 0.735845 
0.101335 0.325271 0.355458 0.105393 0.847297 0.730801 0.504386 0.0909599 0.716134 0.451919 
0.895358 0.891536 0.83441 0.866513 0.54991 0.11206 0.380498 0.286747 0.370135 0.736543 
0.448827 0.0950938 0.797699 0.261356 0.0240547 0.618187 0.0482494 0.691907 0.573712 0.053707 
0.926388 0.430839 0.422076 0.136505 0.983517 0.915258 0.0909032 0.959761 0.0510677 0.951253 
0.655004 0.656905 0.616774 0.796933 0.898704 0.343201 0.856974 0.632002 0.62553 0.0521139 
0.840102 0.493172 0.206094 0.939054 0.0887025 0.020107 0.609101 0.730129 0.908361 0.931635 
0.634763 0.703332 0.961365 0.977235 0.366189 0.800355 0.51949 0.880351 0.973168 0.563533 
0.487301 0.68951 0.0323012 0.0565315 0.335584 0.133466 0.000864836 0.976464 0.933297 0.081857 
0.844872 0.64586 0.351163 0.384133 0.739826 0.30834 0.222823 0.199028 0.979637 0.429347 
0.952639 0.878712 0.803541 0.739662 0.795265 0.916281 0.670033 0.154219 0.742669 0.328229 
0.223776 0.289045 0.998521 0.817933 0.247861 0.493566 0.700885 0.069537 0.710156 0.230878 
0.271839 0.276638 0.727607 0.356024 0.888457 0.836164 0.7372 0.207862 0.297086 0.651758 
0.325827 0.297515 0.520972 0.390223 0.126256 0.170711 0.509605 0.256377 0.111198 0.764584 
0.461658 0.681519 0.308143 0.814896 0.0805855 0.59309 0.199278 0.0297883 0.51157 0.338963 
0.169288 0.720388 0.877387 0.639996 0.177107 0.485439 0.302381 0.980411 0.0836085 0.993891 
0.418746 0.352192 0.813872 0.984811 0.31611 0.920448 0.925551 0.729514 0.798 0.871243 
0.866537 0.587453 0.863191 0.30013 0.751481 0.567746 0.936082 0.178917 0.0950961 0.449096 
0.591584 0.129385 0.608162 0.802497 0.427653 0.962254 0.509806 0.745621 0.764562 0.806139 
0.586245 0.395819 0.47133 0.967767 0.454375 0.814902 0.252185 0.518589 0.18322 0.869076 
0.172829 0.0151872 0.344005 0.770497 0.10954 0.481579 0.856422 0.835177 0.740411 0.227928 
0.864082 0.559037 0.286241 0.554969 0.559266 0.912959 0.0119842 0.948193 0.227692 0.924091 
0.897048 0.387427 0.387643 0.216953 0.259596 0.449901 0.581996 0.414888 0.677439 0.65868 
0.637436 0.662231 0.395518 0.671912 0.149209 0.293002 0.0669199 0.503426 0.664175 0.0599404 
0.390679 0.362168 0.993526 0.392519 0.675657 0.257917 0.132193 0.58047 0.251184 0.0297532 
0.936942 0.884592 0.143093 0.113592 0.571651 0.540756 0.241511 0.303004 0.714471 0.671928 
0.661304 0.14158 0.113545 0.330915 0.906491 0.507618 0.750787 0.891763 0.825269 0.0392968 
0.862471 0.0172044 0.293472 0.590524 0.498483 0.990701 0.765212 0.375569 0.760011 0.864057 
0.488767 0.373188 0.527796 0.219353 0.37044 0.339258 0.985082 0.977281 0.736293 0.220019 
0.148637 0.333362 0.819346 0.941861 0.311312 0.736406 0.688258 0.979003 0.0719918 0.812612 
0.849429 0.291281 0.0473091 0.988384 0.561772 0.0209135 0.496059 0.279185 0.258562 0.143929 
0.062757 0.474861 0.215122 0.879883 0.398072 0.251603 0.292695 0.579744 0.298198 0.608145 
0.30921 0.35625 0.828859 0.136369 0.375529 0.843749 0.412196 0.641952 0.842602 0.52045 
0.755806 0.618892 0.0282487 0.150791 0.0891435 0.617558 0.112943 0.0724292 0.178869 0.678633 
0.843673 0.852645 0.765104 0.301621 0.530918 0.0811037 0.185437 0.480601 0.91221 0.287857 
0.924896 0.833044 0.180271 0.319633 0.341119 0.543892 0.226622 0.575878 0.703857 0.915796 
0.62802 0.810047 0.923987 0.7275 0.0462304 0.48552 0.325851 0.827223 0.88103 0.044052 
0.927017 0.274396 0.75838 0.860984 0.211557 0.0174046 0.459419 0.337757 0.761915 0.317277 
0.45136 0.903277 0.445426 0.451612 0.945458 0.777218 0.272868 0.747011 0.394321 0.412058 
0.380428 0.159461 0.0245107 0.432895 0.59944 0.527494 0.848744 0.547635 0.613623 0.741365 
0.968147 0.211788 0.0786246 0.205104 0.579687 0.499675 0.333796 0.796736 0.807446 0.520579 
0.256593 0.870019 0.871159 0.057903 0.364884 0.281728 0.749296 0.626455 0.445853 0.742501 
0.829517 0.687772 0.391597 0.640773 0.700169 0.963973 0.552 0.592422 0.688771 0.554927 
0.339363 0.880996 0.404352 0.477377 0.999435 0.00795621 0.975889 0.565417 0.190323 0.437493 
0.752089 0.863459 0.748278 0.881611 0.827324 0.656899 0.287999 0.676416 0.912681 0.370993 
0.925941 0.178033 0.189796 0.961918 0.544216 0.394582 0.233005 0.712949 0.108673 0.16348 
0.0666271 0.966155 0.753467 0.120434 0.49767 0.0477996 0.765675 0.15225 0.280861 0.131201 
0.169188 0.0908643 0.682878 0.772911 0.619678 0.0941238 0.715793 0.801879 0.287407 0.170369 
0.00752074 0.645619 0.182656 0.386447 0.904708 0.198317 0.950351 0.108608 0.634246 0.66434 
0.628484 0.0722993 0.0483112 0.993397 0.594199 0.537851 0.754487 0.522664 0.475462 0.344483 
0.00773268 0.885528 0.0848331 0.783704 0.40583 0.434415 0.17228 0.782973 0.208624 0.735097 
0.74097 0.0538543 0.737787 0.196024 0.425732 0.87211 0.282313 0.514827 0.460954 0.198057 
0.537955 0.0815984 0.730746 0.0229703 0.459435 0.178851 0.932602 0.732349 0.996813 0.618525 
0.70241 0.751915 0.219432 0.364316 0.0582255 0.048258 0.643387 0.263871 0.500693 0.561635 
0.954641 0.980012 0.9027 0.361936 0.738003 0.117023 0.44623 0.255123 0.509549 0.84828 
0.964736 0.379184 0.0595499 0.0712044 0.420198 0.641441 0.287252 0.513512 0.551797 0.552236 
0.235265 0.926789 0.690177 0.249091 0.682772 0.876088 0.358549 0.592232 0.416435 0.221092 
0.716893 0.681433 0.424181 0.962079 0.852922 0.752795 0.270958 0.580677 0.0774011 0.18701 
0.0309987 0.342344 0.67452 0.921285 0.895773 0.794937 0.414836 0.130781 0.680025 0.691783 
0.513754 0.813564 0.388227 0.503599 0.75135 0.234029 0.779118 0.742363 0.81833 0.349078 
0.911906 0.438618 0.773884 0.545872 0.147938 0.277592 0.00422407 0.910792 0.221872 0.972977 
0.997701 0.185253 0.143341 0.348402 0.500521 0.476841 0.617106 0.944307 0.540008 0.472317 
0.48896 0.0464495 0.190511 0.547371 0.851291 0.435028 0.439917 0.739483 0.32407 0.357848 
0.820079 0.202806 0.892248 0.897462 0.355598 0.309164 0.175514 0.56312 0.18087 0.292513 
0.127479 0.670977 0.00873283 0.914853 0.0502531 0.672236 0.285059 0.340563 0.960203 0.316724 
0.0467155 0.893238 0.660293 0.893823 0.80574 0.334224 0.231143 0.103962 0.905585 0.693491 
0.434507 0.522806 0.34944 0.516984 0.598596 0.675521 0.246277 0.291462 0.948671 0.623406 
0.113698 0.26102 0.469134 0.75951 0.344049 0.91863 0.633211 0.897593 0.754497 0.379049 
0.888492 0.330113 0.0564272 0.272462 0.447514 0.651707 0.336246 0.747446 0.0687254 0.869646 
0.369116 0.747032 0.655422 0.382746 0.387957 0.146578 0.649024 0.278613 0.0714255 0.324839 
0.374449 0.318082 0.490425 0.319663 0.211563 0.911829 0.76385 0.870252 0.88713 0.685033 
0.936029 0.347692 0.961848 0.503243 0.746987 0.413648 0.915443 0.346052 0.253873 0.168806 
0.79391 0.340686 0.71836 0.690133 0.889464 0.774125 0.180421 0.40336 0.0437002 0.0909639 
0.913224 0.867296 0.200564 0.89613 0.263112 0.0799084 0.224208 0.14823 0.182822 0.349864 
0.0877034 0.156718 0.300278 0.48313 0.278512 0.468787 0.695188 0.518528 0.492361 0.457759 
0.818699 0.380501 0.571332 0.509845 0.142421 0.0352942 0.358374 0.923504 0.856322 0.878893 
0.222275 0.519053 0.716346 0.535599 0.951479 0.767391 0.348319 0.29546 0.247939 0.98482 
0.163035 0.631125 0.232416 0.699315 0.494094 0.13471 0.874946 0.294332 0.387363 0.293845 
0.237098 0.0776702 0.0366786 0.680515 0.637289 0.547897 0.495316 0.828594 0.908119 0.878885 
0.522553 0.0192117 0.127407 0.545674 0.688327 0.236602 0.591396 0.869019 0.640683 0.917365 
0.113922 0.594978 0.062521 0.419352 0.805326 0.843432 0.0775266 0.66852 0.430325 0.375535 
0.370158 0.77375 0.62183 0.501971 0.183385 0.351337 0.222622 0.542086 0.227874 0.130562 
0.974742 0.456128 0.867494 0.232635 0.95071 0.6557 0.697667 0.295751 0.9268 0.501828 
0.689605 0.281314 0.710437 0.530672 0.706459 0.884481 0.958267 0.849685 0.400549 0.26076 
0.32485 0.289348 0.222316 0.268488 0.215766 0.686085 0.720838 0.72308 0.53321 0.472346 
0.242956 0.567648 0.324725 0.1419 0.343428 0.93534 0.159746 0.577185 0.586506 0.149323 
0.7489 0.924824 0.972821 0.601385 0.213969 0.418846 0.676356 0.803627 0.33976 0.524374 
0.386132 0.635848 0.485971 0.24047 0.866342 0.73154 0.215235 0.126371 0.708663 0.209405 
0.533799 0.213951 0.0731747 0.899615 0.399127 0.203845 0.108718 0.00186013 0.510657 0.430267 
0.914353 0.881369 0.119948 0.793313 0.725588 0.23697 0.452576 0.112726 0.677615 0.372411 
0.708037 0.697183 0.97525 0.809535 0.503698 0.190414 0.977386 0.484151 0.215138 0.179641 
0.588722 0.630122 0.0705897 0.177026 0.377002 0.317262 0.702438 0.59044 0.0291921 0.282976 
0.580295 0.285783 0.331296 0.913643 0.279927 0.0107509 0.357879 0.409359 0.636799 0.0464186 
0.594742 0.346872 0.552316 0.190989 0.895724 0.0329579 0.797871 0.828558 0.466732 0.103299 
0.722712 0.294986 0.988857 0.309998 0.55749 0.599956 0.936683 0.29779 0.780328 0.229092 
0.290088 0.659743 0.636265 0.0975367 0.93684 0.688566 0.64723 0.354141 0.179237 0.144838 
0.878316 0.303465 0.511477 0.846352 0.889582 0.795819 0.439092 0.75679 0.874134 0.589706 
0.13276 0.63361 0.715065 0.270868 0.814307 0.578293 0.323804 0.244348 0.614095 0.712739 
0.438798 0.817471 0.620228 0.505327 0.597054 0.327291 0.847849 0.499052 0.909995 0.199615 
0.264464 0.0274691 0.42027 0.025773 0.222782 0.851776 0.0777433 0.682213 0.0380206 0.991337 
0.56441 0.52888 0.53243 0.481745 0.357588 0.758068 0.909937 0.427895 0.0520194 0.172205 
0.637158 0.999699 0.341026 0.0192907 0.347575 0.105534 0.00395472 0.851067 0.535999 0.940336 
0.21133 0.285561 0.535437 0.178751 0.799046 0.0892142 0.185603 0.0373042 0.488199 0.0883054 
0.428979 0.457842 0.0207664 0.0581654 0.805485 0.870817 0.0898385 0.398789 0.0573997 0.156057 
0.204521 0.715671 0.0492962 0.890145 0.152093 0.795075 0.151495 0.536343 0.850157 0.0136792 
0.479921 0.917092 0.663269 0.435956 0.969806 0.336455 0.93099 0.660721 0.413126 0.0252864 
0.924143 0.809008 0.89193 0.358743 0.570682 0.684592 0.396601 0.174516 0.884263 0.419151 
0.340729 0.495228 0.240767 0.817243 0.441478 0.767154 0.33544 0.271605 0.776846 0.292105 
0.189741 0.627365 0.540745 0.196426 0.00589854 0.875591 0.25911 0.341418 0.619741 0.289465 
0.446604 0.663633 0.718873 0.350529 0.784582 0.900234 0.403114 0.934476 0.587125 0.369792 
0.234372 0.981902 0.588143 0.87352 0.486588 0.462334 0.211047 0.757146 0.175407 0.852893 
0.480013 0.281757 0.800017 0.271015 0.279589 0.257705 0.641115 0.428918 0.904917 0.644069 
0.109467 0.875878 0.317361 0.267553 0.0154428 0.791877 0.368111 0.745741 0.820561 0.123817 
0.627743 0.55677 0.472007 0.675893 0.402848 0.659696 0.432045 0.905643 0.501209 0.145596 
0.328456 0.746453 0.351541 0.293606 0.0719423 0.0107664 0.0675365 0.144667 0.228739 0.951673 
0.705936 0.733835 0.601412 0.575763 0.395496 0.304417 0.443469 0.116288 0.563598 0.82849 
0.797888 0.784541 0.642042 0.467444 0.303622 0.344578 0.894833 0.173741 0.748421 0.713845 
0.248858 0.437566 0.695152 0.614157 0.0377329 0.771746 0.359658 0.577319 0.868341 0.419873 
0.752593 0.728417 0.861212 0.871109 0.559768 0.906727 0.532737 0.524804 0.566505 0.823836 
0.172934 0.944602 0.909328 0.727971 0.472497 0.280954 0.144021 0.849862 0.127505 0.00975199 
0.935702 0.829828 0.410645 0.775122 0.379902 0.868577 0.890051 0.799123 0.858717 0.589768 
0.53691 0.23692 0.658632 0.519765 0.894204 0.283097 0.775787 0.499396 0.561419 0.911117 
0.708894 0.560662 0.547785 0.168914 0.322616 0.388721 0.637504 0.953787 0.265331 0.866791 
0.181719 0.729881 0.933633 0.0693213 0.988418 0.681152 0.77262 0.85174 0.0782393 0.69013 
0.858721 0.450149 0.957363 0.176353 0.967936 0.758856 0.865299 0.968409 0.76981 0.347387 
0.448411 0.687919 0.00454937 0.592459 0.736068 0.383034 0.992109 0.574907 0.386901 0.690419 
0.511492 0.542882 0.139574 0.00349393 0.835933 0.341708 0.000131253 0.830345 0.316538 0.37431 
0.469548 0.655576 0.259109 0.0806545 0.610111 0.0421373 0.327435 0.0513795 0.789593 0.547486 
0.282827 0.0930206 0.340115 0.45006 0.984885 0.838435 0.985178 0.230251 0.43027 0.293477 
0.341364 0.233909 0.0564387 0.8761 0.244753 0.96752 0.629992 0.398997 0.744166 0.697086 
0.824704 0.641339 0.81868 0.689039 0.184209 0.746909 0.620593 0.673773 0.602252 0.19625 
0.327698 0.193522 0.420585 0.862046 0.979813 0.279499 0.683778 0.155156 0.970041 0.404555 
0.295179 0.844251 0.97151 0.595592 0.404675 0.148237 0.262745 0.995065 0.999546 0.734843 
0.00423793 0.0368264 0.584359 0.614753 0.874528 0.414945 0.779351 0.268311 0.112931 0.237345 
0.208512 0.953626 0.176561 0.36784 0.135113 0.603338 0.942587 0.969622 0.552628 0.980678 
0.132923 0.79634 0.761921 0.221965 0.396346 0.739274 0.215728 0.257263 0.556057 0.93832 
0.560323 0.741135 0.722942 0.526044 0.337348 0.0192467 0.535723 0.22297 0.708093 0.938267 
0.145184 0.631317 0.19029 0.670642 0.839962 0.292472 0.206573 0.375647 0.776048 0.0978861 
0.415471 0.862355 0.0435616 0.789757 0.816065 0.708772 0.228589 0.895192 0.172053 0.10575 
0.82977 0.0368443 0.432262 0.624703 0.587588 0.221674 0.156611 0.360074 0.130169 0.473046 
0.633097 0.485326 0.0522391 0.077322 0.307532 0.7668 0.976226 0.702197 0.031001 0.307826 
0.65564 0.491502 0.396077 0.452496 0.6388 0.522314 0.372097 0.951758 0.494041 0.0828135 
0.155632 0.702595 0.650104 0.343428 0.220467 0.571826 0.0559631 0.477734 0.917428 0.193908 
0.524394 0.558057 0.494223 0.354885 0.369684 0.700419 0.248718 0.555682 0.872861 0.0808574 
0.342145 0.363483 0.634763 0.60491 0.766747 0.105401 0.900665 0.0790782 0.530049 0.837442 
0.169015 0.322591 0.836828 0.0375981 0.734312 0.109071 0.56699 0.670844 0.634705 0.707084 
0.535451 0.921196 0.590416 0.870294 0.713261 0.188283 0.249746 0.488771 0.835028 0.907322 
0.99816 0.46771 0.645789 0.821818 0.512774 0.84622 0.199478 0.242684 0.40421 0.57428 
0.631669 0.353526 0.530223 0.0596232 0.68997 0.817043 0.245408 0.772305 0.195734 0.815046 
0.653891 0.184346 0.757032 0.716572 0.199966 0.737105 0.280133 0.375161 0.0558836 0.760074 
0.417544 0.402441 0.0479712 0.270273 0.0246497 0.572266 0.101371 0.508167 0.694987 0.173497 
0.142013 0.955211 0.233739 0.424446 0.854435 0.421586 0.912489 0.720839 0.255046 0.81912 
0.646125 0.74984 0.0740246 0.0433552 0.768017 0.237279 0.116597 0.639555 0.306891 0.212855 
0.916904 0.0766962 0.894436 0.703818 0.849642 0.847581 0.916758 0.222334 0.614058 0.736613 
0.459527 0.145104 0.785621 0.600959 0.373826 0.95689 0.329718 0.713108 0.866477 0.86721 
0.72899 0.573799 0.642859 0.531312 0.605871 0.266089 0.558586 0.125611 0.140534 0.0527608 
0.707838 0.852507 0.778025 0.615386 0.268523 0.59696 0.405874 0.270256 0.962945 0.317741 
0.110832 0.668104 0.782859 0.824723 0.0940513 0.656163 0.388552 0.316223 0.445134 0.650341 
0.97274 0.688495 0.475003 0.631071 0.997766 0.11905 0.310742 0.0968504 0.477995 0.264041 
0.6062 0.730274 0.409486 0.867292 0.328006 0.287053 0.342159 0.904531 0.578075 0.439233 
0.158394 0.258904 0.644663 0.497948 0.748893 0.3749 0.80802 0.915214 0.347371 0.758671 
0.0823947 0.310857 0.560887 0.972174 0.820059 0.146605 0.878329 0.417142 0.499724 0.0587888 
0.565692 0.921184 0.159712 0.0990215 0.581333 0.209119 0.846023 0.278992 0.825446 0.278365 
0.869035 0.827757 0.339097 0.691445 0.89621 0.746288 0.268207 0.73552 0.978408 0.876367 
0.283523 0.294797 0.0981422 0.0768565 0.500302 0.685803 0.122209 0.839529 0.393601 0.562664 
0.29868 0.826694 0.462334 0.656401 0.297385 0.563432 0.56114 0.5467 0.739057 0.45551 
0.117857 0.139781 0.72604 0.249107 0.94976 0.894896 0.269751 0.833203 0.857638 0.155234 
0.813206 0.856184 0.501621 0.568975 0.949373 0.510054 0.742057 0.30051 0.596689 0.199473 
0.452416 0.725886 0.56042 0.116401 0.179143 0.524054 0.543996 0.706806 0.49564 0.240531 
0.24814 0.524201 0.675192 0.499836 0.428475 0.386301 0.1247 0.0649627 0.171136 0.169569 
0.755512 0.627129 0.791801 0.925949 0.278341 0.913909 0.916711 0.514698 0.250627 0.965413 
0.193155 0.842517 0.471174 0.656428 0.573859 0.956181 0.30491 0.343381 0.246582 0.908657 
0.0955891 0.756154 0.708181 0.346775 0.952317 0.87429 0.66984 0.350197 0.75148 0.458699 
0.76445 0.0843039 0.181212 0.330782 0.471024 0.159818 0.686003 0.199848 0.404999 0.894381 
0.821784 0.113979 0.501367 0.045263 0.899039 0.237074 0.68073 0.0372457 0.0234933 0.271203 
0.962609 0.860668 0.0995233 0.918981 0.429869 0.62611 0.210469 0.698565 0.690955 0.162222 
0.479947 0.605172 0.647994 0.120836 0.285719 0.111736 0.20019 0.0529131 0.578321 0.758456 
0.0134046 0.34716 0.669133 0.221247 0.698943 0.662817 0.360722 0.539042 0.848778 0.00963977 
0.0980323 0.402196 0.912835 0.250705 0.436441 0.742327 0.0379356 0.691002 0.80075 0.0913791 
0.259281 0.641177 0.595902 0.493724 0.329955 0.0308807 0.788898 0.561008 0.652175 0.470489 
0.401447 0.220729 0.661079 0.576849 0.20352 0.900696 0.986471 0.379047 0.908962 0.667032 
0.472162 0.205543 0.0162225 0.546711 0.618025 0.673429 0.693252 0.974364 0.443265 0.79966 
0.79905 0.755631 0.423067 0.77411 0.0406166 0.00122493 0.295512 0.87179 0.675358 0.804975 
0.0590733 0.198135 0.663949 0.447374 0.959714 0.354605 0.768845 0.625979 0.136206 0.662427 
0.605064 0.346332 0.0783464 0.884048 0.648826 0.525113 0.242873 0.70048 0.939647 0.841345 
0.821726 0.898123 0.886686 0.0415418 0.218228 0.630003 0.172847 0.732124 0.175172 0.673779 
0.28595 0.299894 0.963683 0.856305 0.0776547 0.658075 0.929125 0.933423 0.733576 0.796791 
0.887036 0.0694894 0.618547 0.995816 0.0690058 0.526629 0.0801441 0.787191 0.11784 0.363977 
0.400667 0.40794 0.737683 0.905303 0.528507 0.756951 0.371664 0.942073 0.736054 0.759535 
0.985688 0.857226 0.517745 0.155039 0.0521244 0.685191 0.536047 0.742597 0.98499 0.56973 
0.148666 0.962049 0.649553 0.41863 0.456613 0.243068 0.855304 0.859432 0.660495 0.763338 
0.87756 0.947532 0.246347 0.63948 0.681843 0.694289 0.177979 0.282494 0.476617 0.661357 
0.54602 0.974875 0.310062 0.647681 0.836928 0.305519 0.664805 0.917097 0.250495 0.0630081 
0.150825 0.284259 0.868175 0.796957 0.710157 0.882207 0.505122 0.549548 0.234722 0.63708 
0.985076 0.609243 0.524466 0.52828 0.31113 0.0826792 0.719834 0.199169 0.745432 0.171121 
0.942254 0.424964 0.202049 0.371901 0.960782 0.738148 0.812764 0.653429 0.304468 0.561661 
0.164485 0.283211 0.790189 0.105273 0.137104 0.722312 0.813407 0.589352 0.51309 0.658472 
0.360419 0.51278 0.412069 0.185085 0.123067 0.605353 0.478714 0.247831 0.36032 0.390941 
0.779971 0.548248 0.18506 0.545807 0.707136 0.479523 0.779024 0.94466 0.535976 0.184362 
0.337179 0.901287 0.355639 0.559412 0.433468 0.786624 0.45054 0.916636 0.505942 0.402367 
0.649913 0.367003 0.0704784 0.960421 0.231656 0.0547904 0.491209 0.565522 0.644929 0.0720093 
0.213621 0.95766 0.00135653 0.67313 0.22812 0.781351 0.0571517 0.556067 0.853314 0.302172 
0.877213 0.848027 0.899915 0.607689 0.548945 0.890886 0.974124 0.260063 0.601512 0.165576 
0.851179 0.841243 0.280229 0.621045 0.922297 0.46521 0.0510394 0.0497412 0.687235 0.930199 
0.732122 0.838446 0.259815 0.201418 0.570496 0.48528 0.0617231 0.776582 0.452569 0.606074 
0.555473 0.663278 0.181116 0.834138 0.461718 0.344356 0.472427 0.89013 0.952448 0.371866 
0.102649 0.328073 0.472231 0.221953 0.903199 0.158961 0.0796972 0.417104 0.73503 0.806905 
0.661398 0.51697 0.317104 0.300561 0.0472605 0.370212 0.00203842 0.734132 0.78421 0.196809 
0.066452 0.0147816 0.546472 0.967849 0.980327 0.184486 0.486181 0.35846 0.199026 0.855812 
0.0886546 0.581846 0.559223 0.455833 0.573525 0.601809 0.533189 0.14127 0.616962 0.52678 
0.323803 0.879782 0.926648 0.838045 0.40145 0.42186 0.141298 0.942762 0.534892 0.17161 
0.800144 0.758308 0.449468 0.226089 0.132188 0.961419 0.797658 0.476931 0.805675 0.820843 
0.871259 0.359378 0.104708 0.242609 0.379857 0.56795 0.0759704 0.528858 0.514631 0.504326 
0.977217 0.265317 0.594244 0.615786 0.986664 0.931509 0.487238 0.954974 0.276702 0.0808947 
0.30695 0.978183 0.381596 0.844354 0.659408 0.886519 0.550947 0.677943 0.199241 0.634777 
0.19335 0.372687 0.2268 0.923982 0.631242 0.0629312 0.886371 0.248698 0.804958 0.367929 
0.747894 0.014049 0.0232109 0.134039 0.785684 0.498757 0.138823 0.629518 0.898682 0.0870427 
0.767058 0.813925 0.935238 0.626647 0.86613 0.0665947 0.562328 0.844776 0.337657 0.856824 
0.310553 0.951457 0.678182 0.976838 0.263564 0.388337 0.381412 0.157757 0.705672 0.426832 
0.445232 0.339938 0.234358 0.686466 0.672212 0.473687 0.988848 0.44492 0.191848 0.872108 
0.905059 0.807015 0.744586 0.414235 0.759174 0.442733 0.041607 0.418661 0.104029 0.12921 
0.680748 0.1153 0.968676 0.298587 0.30139 0.824136 0.814833 0.960571 0.379676 0.349677 
0.538694 0.681565 0.1325 0.923522 0.517349 0.614212 0.723709 0.806477 0.406515 0.0576247 
0.840833 0.186596 0.119088 0.261252 0.851412 0.243805 0.689248 0.939755 0.786413 0.0876343 
0.345541 0.23923 0.54433 0.549859 0.517651 0.0584788 0.179156 0.357528 0.981242 0.558174 
0.417128 0.103294 0.541971 0.932568 0.112901 0.802576 0.935512 0.343413 0.705536 0.744925 
0.998587 0.140498 0.844568 0.0502058 0.0791818 0.590843 0.445993 0.531952 0.90107 0.100032 
0.477728 0.30591 0.618659 0.796314 0.245895 0.629413 0.811295 0.601396 0.687759 0.0653312 
0.874141 0.467765 0.937227 0.537717 0.415337 0.352163 0.0442323 0.673229 0.7981 0.0162683 
0.158665 0.717519 0.560312 0.953137 0.23904 0.0864223 0.999484 0.643292 0.681026 0.831224 
0.0824549 0.31855 0.052242 0.556641 0.201935 0.477208 0.141497 0.274054 0.288215 0.379627 
0.688539 0.0329916 0.223034 0.161878 0.0967959 0.106752 0.15242 0.928189 0.726389 0.299715 
0.382648 0.820433 0.948972 0.596476 0.199274 0.479081 0.804877 0.851671 0.232469 0.444743 
0.760474 0.974273 0.500898 0.12417 0.667515 0.977894 0.783166 0.57296 0.0256339 0.229842 
0.0142433 0.751826 0.963903 0.435684 0.0141703 0.431373 0.339325 0.971707 0.328262 0.830389 
0.472315 0.701735 0.000743183 0.457015 0.671223 0.290932 0.0420945 0.4887 0.221325 0.832132 
0.808954 0.0830295 0.623933 0.275648 0.307099 0.841437 0.517751 0.478009 0.586578 0.992563 
0.469116 0.166615 0.371438 0.752727 0.645036 0.0933953 0.681811 0.430345 0.700402 0.801439 
0.527342 0.532424 0.0131245 0.0776216 0.905952 0.595679 0.00338506 0.798311 0.0421406 0.752989 
0.969148 0.436122 0.432722 0.143338 0.865666 0.0548013 0.596941 0.389552 0.272559 0.601979 
0.667661 0.0132993 0.0407876 0.279082 0.360628 0.282661 0.514031 0.884316 0.398107 0.468185 
0.794394 0.635395 0.0808716 0.116196 0.270039 0.639918 0.847901 0.592057 0.980547 0.386473 
0.479359 0.864003 0.629603 0.491946 0.611039 0.0241089 0.753004 0.449745 0.948719 0.867901 
0.497992 0.697572 0.065503 0.39861 0.0678482 0.495663 0.36498 0.429288 0.619902 0.83534 
0.616811 0.9365 0.233224 0.0318371 0.465106 0.469435 0.781997 0.498222 0.441453 0.0515501 
