0.567684 0.0125254 0.217227 0.0802971 0.75394 0.663507 0.69767 0.624237 0.221622 0.950859 0.404178 0.183376 0.57877 0.608862 0.517904 0.996786 0.256592 0.195896 0.10418 0.799682 0.0996701 0.66063 0.1919 0.218027 0.399246 0.142345 0.993208 0.528467 0.716817 0.867571 
0.429117 0.672325 0.290179 0.775759 0.377416 0.572931 0.843331 0.192597 0.849312 0.701169 0.0249642 0.335048 0.6548 0.159238 0.565788 0.499622 0.467952 0.181883 0.401001 0.440821 0.874219 0.612101 0.663401 0.885556 0.678843 0.573063 0.405254 0.334711 0.520466 0.0898251 
0.483143 0.335322 0.142349 0.799912 0.234887 0.218903 0.404024 0.586434 0.360953 0.813526 0.254159 0.249208 0.876867 0.317896 0.524994 0.682878 0.0204025 0.544377 0.420901 0.496986 0.806844 0.190324 0.69885 0.934747 0.748801 0.0439978 0.589411 0.155037 0.24603 0.052775 
0.0975246 0.853582 0.0298477 0.261301 0.914264 0.4356 0.340027 0.0864366 0.697012 0.235209 0.564568 0.270732 0.627637 0.56416 0.227988 0.0581093 0.298557 0.962256 0.481566 0.555517 0.0555041 0.496825 0.14271 0.149406 0.573776 0.682291 0.460626 0.105783 0.785514 0.0690553 
0.0438883 0.861014 0.92299 0.757574 0.0260058 0.79079 0.0267113 0.58559 0.168513 0.300592 0.60446 0.713744 0.666576 0.465141 0.183458 0.211785 0.810488 0.976305 0.261784 0.532138 0.791682 0.844782 0.533929 0.648763 0.803085 0.884704 0.327653 0.00252084 0.963452 0.580374 
0.216386 0.295993 0.169808 0.43531 0.274948 0.787149 0.67943 0.634536 0.0209727 0.134494 0.576238 0.00512506 0.975924 0.271974 0.620325 0.0470236 0.222645 0.869992 0.18779 0.211166 0.629117 0.154959 0.800098 0.523175 0.597782 0.500135 0.21701 0.541268 0.371769 0.137107 
0.298227 0.160595 0.499827 0.52009 0.725963 0.900983 0.0503397 0.967193 0.842141 0.228139 0.797273 0.0499447 0.635408 0.357784 0.085342 0.110181 0.671123 0.947416 0.0736324 0.586262 0.669083 0.354199 0.311946 0.754594 0.645901 0.229106 0.00541477 0.752058 0.7198 0.83256 
0.66882 0.266148 0.174594 0.834048 0.479494 0.82089 0.768823 0.589091 0.258414 0.408369 0.592041 0.631291 0.257072 0.251651 0.844953 0.819252 0.214375 0.630055 0.483806 0.353843 0.0457272 0.892155 0.069893 0.798747 0.0763598 0.500963 0.186293 0.00459477 0.363526 0.927547 
0.420305 0.557188 0.579954 0.831275 0.0785344 0.964191 0.978062 0.515326 0.149237 0.268651 0.683068 0.892286 0.500684 0.620284 0.101549 0.601609 0.131141 0.994364 0.35922 0.00299591 0.27072 0.172445 0.0120538 0.488493 0.237777 0.887422 0.547224 0.562706 0.856719 0.799639 
0.681844 0.741785 0.347251 0.508934 0.45023 0.238562 0.453957 0.30088 0.655526 0.275737 0.263074 0.454877 0.696306 0.838294 0.607193 0.713963 0.739515 0.516953 0.00973019 0.549979 0.280869 0.135384 0.0614564 0.206068 0.0342404 0.226065 0.337452 0.335062 0.701133 0.189353 
0.655246 0.175966 0.439288 0.487323 0.587467 0.977535 0.903385 0.714175 0.7636 0.377633 0.488355 0.137502 0.441954 0.100423 0.171652 0.0263026 0.683462 0.235128 0.357196 0.568992 0.396813 0.581363 0.229107 0.191402 0.646747 0.00434056 0.0936007 0.557427 0.0152279 0.971353 
0.466366 0.0288493 0.359429 0.194018 0.90977 0.346096 0.842206 0.228973 0.98903 0.013679 0.947386 0.494323 0.708223 0.521433 0.570615 0.670312 0.672008 0.433302 0.286515 0.61551 0.4144 0.875061 0.368617 0.755633 0.425263 0.26602 0.138565 0.229757 0.983773 0.464744 
0.0355418 0.631213 0.89491 0.588357 0.828443 0.904053 0.451393 0.144331 0.0243784 0.280234 0.304441 0.755725 0.834932 0.410634 0.516666 0.721004 0.102227 0.430417 0.975601 0.364109 0.292346 0.888389 0.114351 0.721644 0.54116 0.139784 0.0223217 0.739049 0.166862 0.98607 
0.850617 0.399391 0.578892 0.162005 0.091299 0.651953 0.574315 0.338485 0.300077 0.0177605 0.233937 0.796835 0.0840195 0.0244548 0.309412 0.954898 0.0602802 0.212798 0.982319 0.332386 0.779442 0.187833 0.935118 0.8356 0.178754 0.424491 0.168187 0.0750057 0.463537 0.296128 
0.0516042 0.635863 0.848412 0.893125 0.0819797 0.899338 0.77353 0.43723 0.678642 0.970004 0.323507 0.0508159 0.149244 0.178749 0.0929083 0.685548 0.300394 0.903951 0.432535 0.331601 0.20021 0.401609 0.733675 0.530758 0.895855 0.275401 0.598185 0.527136 0.0338446 0.151938 
0.563291 0.0947442 0.480988 0.92695 0.288157 0.947935 0.0303068 0.479623 0.558837 0.997789 0.642809 0.117704 0.252837 0.221216 0.546904 0.937523 0.359598 0.21993 0.657132 0.714623 0.898438 0.242533 0.422602 0.621654 0.731369 0.0516755 0.513509 0.694376 0.106316 0.939231 
0.549022 0.0640166 0.93806 0.822765 0.145791 0.119367 0.0636163 0.947347 0.338105 0.849944 0.818966 0.556462 0.795382 0.794873 0.325996 0.505393 0.958721 0.618299 0.424405 0.355537 0.356937 0.043178 0.712688 0.481518 0.357505 0.758431 0.52379 0.0735222 0.977762 0.213895 
0.875535 0.616171 0.140249 0.0358828 0.202737 0.993543 0.307187 0.608462 0.765084 0.22757 0.984668 0.803508 0.139656 0.953366 0.470873 0.330223 0.524484 0.673933 0.712824 0.748808 0.29483 0.705267 0.270716 0.41182 0.87713 0.825894 0.403776 0.696559 0.554134 0.862467 
0.891767 0.129682 0.587248 0.723964 0.251793 0.644358 0.196 0.321762 0.711155 0.315684 0.378591 0.842939 0.13111 0.858544 0.0612321 0.947707 0.726868 0.119944 0.73467 0.973753 0.838895 0.863513 0.236371 0.544756 0.773778 0.274917 0.583161 0.100458 0.790486 0.00597733 
0.958544 0.741308 0.591142 0.00903243 0.22592 0.866547 0.908791 0.0538305 0.645706 0.441703 0.559229 0.249643 0.319118 0.242387 0.903387 0.463594 0.75451 0.501774 0.6796 0.751973 0.537177 0.134643 0.485295 0.305472 0.0167915 0.527935 0.626711 0.961564 0.570722 0.749759 
0.545555 0.730376 0.212629 0.4242 0.519064 0.868786 0.548532 0.55553 0.344483 0.338772 0.378088 0.598416 0.256128 0.140448 0.367092 0.0809351 0.406488 0.590339 0.903141 0.62337 0.23156 0.498257 0.0480764 0.914431 0.915899 0.0141692 0.637355 0.418148 0.27111 0.585556 
0.732491 0.133841 0.952866 0.930587 0.506456 0.496893 0.0832775 0.401013 0.790723 0.092073 0.584431 0.582547 0.528994 0.680346 0.0807785 0.222073 0.0358588 0.469588 0.679107 0.115947 0.700796 0.83473 0.474481 0.845614 0.427399 0.563102 0.126155 0.42057 0.154002 0.574768 
0.0505831 0.971413 0.626303 0.553436 0.151267 0.835097 0.463317 0.620676 0.189923 0.204432 0.667119 0.553698 0.00506268 0.763196 0.906492 0.935553 0.556594 0.251627 0.0142354 0.832997 0.808524 0.974603 0.579562 0.530684 0.586592 0.208183 0.00145824 0.821501 0.476811 0.74136 
0.722806 0.24046 0.421111 0.807699 0.334623 0.999432 0.15296 0.620839 0.507961 0.639867 0.455984 0.591335 0.0978218 0.691723 0.037125 0.196192 0.959403 0.540546 0.391142 0.170386 0.921931 0.363857 0.666367 0.849141 0.537005 0.681038 0.0160481 0.821862 0.824141 0.0878531 
0.383053 0.882013 0.221514 0.336089 0.960023 0.551393 0.600079 0.952767 0.140922 0.1943 0.564637 0.691054 0.475121 0.452082 0.134033 0.659989 0.84545 0.0918749 0.657364 0.19577 0.666049 0.731617 0.0161247 0.687694 0.896853 0.858146 0.988538 0.353506 0.801406 0.689886 
0.818139 0.202575 0.239572 0.477258 0.799314 0.084151 0.920035 0.247599 0.520561 0.382782 0.728973 0.131401 0.226438 0.27927 0.595731 0.672873 0.901834 0.36944 0.0191539 0.988428 0.439607 0.150113 0.241507 0.0544051 0.595822 0.667457 0.816941 0.829405 0.672338 0.144299 
0.119943 0.628295 0.187565 0.328113 0.908236 0.614585 0.0190474 0.73816 0.387751 0.146942 0.0858674 0.805118 0.503096 0.158902 0.0936559 0.474844 0.786589 0.176347 0.27205 0.216357 0.871701 0.00117761 0.0147663 0.931058 0.847175 0.488779 0.144528 0.402682 0.401733 0.289493 
0.964768 0.11142 0.592643 0.341764 0.769401 0.995685 0.807668 0.342304 0.346279 0.791016 0.782404 0.915373 0.993148 0.998418 0.676025 0.30602 0.530426 0.92153 0.187998 0.100262 0.14886 0.109913 0.851038 0.244181 0.814663 0.0475673 0.339266 0.391511 0.166338 0.859703 
0.0237895 0.463133 0.749662 0.882447 0.0197113 0.997254 0.131231 0.628867 0.544397 0.943323 0.348022 0.19731 0.0980514 0.23382 0.189252 0.705005 0.339925 0.807997 0.108602 0.0693228 0.141918 0.795174 0.620169 0.453979 0.674959 0.0186286 0.912522 0.478013 0.805621 0.8842 
0.85423 0.934342 0.542221 0.541167 0.326274 0.256953 0.749066 0.918193 0.564253 0.846998 0.149927 0.971422 0.947599 0.404943 0.704797 0.585319 0.894111 0.505471 0.541363 0.90561 0.177719 0.18749 0.418709 0.664677 0.423965 0.44144 0.592158 0.68408 0.10338 0.39669 
0.564335 0.589182 0.00701138 0.665648 0.0385965 0.636645 0.620956 0.886679 0.306028 0.73486 0.384456 0.076204 0.150953 0.89792 0.123763 0.91725 0.19977 0.803404 0.893242 0.166132 0.628738 0.881489 0.855642 0.472195 0.75613 0.236696 0.803453 0.726618 0.881204 0.0183279 
0.655695 0.0849941 0.0189694 0.446614 0.444454 0.226789 0.567503 0.488013 0.247725 0.123954 0.462432 0.289197 0.334033 0.25519 0.722015 0.0232873 0.676715 0.744584 0.852143 0.426894 0.702562 0.672962 0.960762 0.994362 0.822006 0.676653 0.392556 0.404067 0.243552 0.117493 
0.2061 0.330286 0.462696 0.973227 0.502445 0.420958 0.00613063 0.481505 0.602375 0.776852 0.691594 0.0664669 0.578338 0.977262 0.675669 0.427138 0.740772 0.198627 0.172803 0.224398 0.895055 0.467497 0.0617009 0.744535 0.673371 0.35646 0.666319 0.536669 0.0135066 0.666524 
0.216341 0.508896 0.589279 0.191024 0.332952 0.896199 0.00585533 0.858255 0.716784 0.988194 0.0759681 0.372093 0.580339 0.574926 0.149268 0.920312 0.904337 0.338487 0.229215 0.689024 0.210394 0.310517 0.73146 0.258319 0.266607 0.687152 0.455498 0.419742 0.0158299 0.138367 
0.982754 0.929482 0.403069 0.381263 0.473494 0.0688759 0.194106 0.398324 0.556373 0.583261 0.801752 0.6998 0.231328 0.904961 0.854379 0.157106 0.837851 0.695868 0.228795 0.926745 0.254509 0.608398 0.360942 0.908455 0.55872 0.311178 0.804652 0.124836 0.9547 0.396257 
0.508262 0.755423 0.627336 0.25159 0.929366 0.570675 0.0981815 0.575121 0.33238 0.70993 0.715749 0.519972 0.366015 0.0382363 0.931079 0.434295 0.90976 0.790386 0.550597 0.114408 0.394092 0.723838 0.228744 0.844323 0.3485 0.752673 0.777707 0.837293 0.986401 0.726185 
0.604615 0.866503 0.880344 0.524371 0.0416449 0.349443 0.974021 0.923728 0.542251 0.654094 0.741728 0.424856 0.904118 0.947679 0.744331 0.210034 0.657666 0.0689781 0.0560829 0.62467 0.0981536 0.163744 0.164331 0.854804 0.927876 0.315853 0.760871 0.108101 0.449404 0.493754 
0.842221 0.667195 0.0885232 0.205364 0.710368 0.0861144 0.944659 0.877926 0.573952 0.07016 0.0691242 0.579871 0.924363 0.0741733 0.519213 0.044114 0.865343 0.896701 0.634415 0.920893 0.831272 0.852147 0.347125 0.0143991 0.306573 0.699063 0.500478 0.371641 0.674331 0.996867 
0.796564 0.653217 0.623212 0.450849 0.662394 0.15093 0.150568 0.16653 0.742969 0.208636 0.041392 0.540022 0.254153 0.217357 0.225964 0.182955 0.622011 0.874578 0.0845025 0.133619 0.0899698 0.850101 0.0242774 0.223292 0.995268 0.340294 0.606551 0.622059 0.083416 0.445394 
0.400644 0.494942 0.474835 0.381524 0.907847 0.755079 0.190452 0.555787 0.488644 0.698813 0.62845 0.67917 0.252374 0.904434 0.862938 0.492265 0.544926 0.709635 0.89804 0.757297 0.446002 0.980348 0.896021 0.356658 0.812355 0.435226 0.821736 0.074319 0.353519 0.620611 
0.141057 0.404068 0.319681 0.0779306 0.0707264 0.867469 0.250609 0.979846 0.194793 0.878576 0.00794006 0.314407 0.110411 0.0790916 0.636578 0.871072 0.0225917 0.525379 0.614288 0.735677 0.201059 0.816361 0.972884 0.809835 0.0251664 0.264892 0.956202 0.587687 0.764474 0.440485 
0.61059 0.0824012 0.219188 0.606592 0.718557 0.898781 0.371738 0.196868 0.267753 0.298783 0.499333 0.427784 0.277381 0.152002 0.439932 0.857365 0.339238 0.256191 0.633591 0.312513 0.735204 0.150492 0.1077 0.366242 0.912536 0.765518 0.273847 0.702698 0.312813 0.823353 
0.757391 0.105982 0.481237 0.923611 0.104487 0.320726 0.354235 0.537579 0.168723 0.0929137 0.575941 0.336601 0.439764 0.857585 0.0723305 0.881787 0.516998 0.261469 0.764222 0.657221 0.831281 0.0360328 0.948376 0.664914 0.665876 0.253671 0.0104466 0.250009 0.196345 0.550417 
0.0207581 0.728211 0.635853 0.779093 0.0176712 0.37909 0.076211 0.129184 0.739368 0.351078 0.167309 0.892868 0.0477561 0.178093 0.601045 0.277055 0.759654 0.665544 0.429147 0.452039 0.995411 0.568564 0.759999 0.912674 0.838311 0.798372 0.0978454 0.437229 0.703448 0.968413 
0.994463 0.0515589 0.174142 0.463308 0.48389 0.692385 0.356214 0.84477 0.195369 0.480287 0.541616 0.593961 0.52183 0.591543 0.135553 0.798915 0.145228 0.922498 0.578564 0.749201 0.501957 0.669358 0.0503496 0.293248 0.283813 0.910809 0.321968 0.972376 0.944913 0.902598 
0.595296 0.908905 0.272577 0.885384 0.851797 0.528566 0.424317 0.301137 0.660717 0.80491 0.962793 0.662125 0.0380299 0.669584 0.737939 0.169822 0.455524 0.332264 0.749439 0.0736784 0.960986 0.790399 0.655414 0.841939 0.0077545 0.126583 0.271205 0.708532 0.380144 0.0770374 
0.455674 0.76325 0.906745 0.338516 0.898617 0.691196 0.560939 0.626824 0.182715 0.0502183 0.642014 0.471688 0.918053 0.295711 0.563825 0.862728 0.729188 0.247937 0.680269 0.716621 0.933539 0.0598208 0.0708697 0.322318 0.21242 0.808373 0.526021 0.165367 0.835369 0.265411 
0.164512 0.0495261 0.537062 0.968221 0.629174 0.937516 0.354206 0.662071 0.604162 0.741163 0.871205 0.747348 0.387781 0.659404 0.795777 0.378301 0.455187 0.635732 0.227633 0.842856 0.194757 0.676423 0.480244 0.399598 0.433318 0.855095 0.312276 0.836628 0.545179 0.867139 
0.729477 0.958591 0.399668 0.885764 0.912346 0.134997 0.111555 0.741626 0.490082 0.0199421 0.362919 0.654072 0.826735 0.0140659 0.181543 0.89693 0.762459 0.819572 0.0140192 0.549218 0.286595 0.846093 0.37631 0.466862 0.14072 0.771313 0.888933 0.982056 0.034571 0.207989 
0.672678 0.383025 0.980797 0.0761048 0.41984 0.089087 0.198324 0.750801 0.403036 0.419931 0.261724 0.198305 0.0533324 0.742867 0.167709 0.873769 0.63253 0.164211 0.451158 0.0185241 0.478749 0.111453 0.406481 0.565718 0.700506 0.0129961 0.905347 0.567147 0.944413 0.810041 
0.405155 0.725753 0.389812 0.251496 0.193785 0.0801259 0.357655 0.354368 0.0869472 0.70362 0.856628 0.586718 0.536761 0.517296 0.858285 0.773136 0.114909 0.539402 0.727117 0.877985 0.385041 0.485562 0.232633 0.44925 0.228678 0.357803 0.788781 0.687062 0.638196 0.327034 
0.196048 0.494566 0.0725614 0.228781 0.52606 0.435845 0.0594981 0.924923 0.29517 0.553796 0.87194 0.902766 0.319678 0.451092 0.0814297 0.803828 0.0567175 0.843703 0.765866 0.432061 0.421606 0.273054 0.487659 0.705484 0.940794 0.539042 0.581616 0.0744653 0.205572 0.00719086 
0.489092 0.369684 0.86863 0.895995 0.336376 0.0396459 0.5038 0.933209 0.974856 0.614681 0.922564 0.618492 0.872878 0.863406 0.499272 0.122345 0.625904 0.923873 0.452127 0.136506 0.636024 0.51542 0.62211 0.687576 0.442098 0.76115 0.259091 0.229342 0.310771 0.0568831 
0.570225 0.368821 0.122815 0.60975 0.904696 0.279314 0.0775096 0.284931 0.336191 0.649422 0.446565 0.454479 0.787919 0.656233 0.191774 0.774851 0.994452 0.987604 0.727913 0.764209 0.479663 0.592538 0.00810074 0.927634 0.426866 0.279476 0.323406 0.651968 0.581106 0.970622 
0.995066 0.174603 0.522022 0.819802 0.808179 0.399942 0.896117 0.940482 0.0128042 0.119992 0.450886 0.614572 0.885233 0.942607 0.963506 0.918811 0.171128 0.958289 0.399724 0.148296 0.265563 0.891374 0.288078 0.657241 0.391779 0.768041 0.611019 0.796867 0.994187 0.829892 
0.994521 0.213767 0.573554 0.480514 0.257416 0.207052 0.41293 0.334169 0.607638 0.426712 0.158087 0.0798795 0.888124 0.73332 0.79979 0.54511 0.996466 0.872547 0.628479 0.682152 0.101076 0.486623 0.900465 0.862375 0.201518 0.0100519 0.502933 0.649306 0.396054 0.0433909 
0.196062 0.0542989 0.816848 0.322997 0.306926 0.634845 0.735742 0.736968 0.15058 0.866084 0.339979 0.364924 0.114376 0.631945 0.926395 0.60206 0.986954 0.756657 0.880422 0.0565062 0.0195131 0.439783 0.253033 0.672646 0.646846 0.347092 0.803848 0.591302 0.93173 0.726637 
0.870322 0.0899431 0.80684 0.17761 0.370718 0.415695 0.268026 0.229618 0.912889 0.984344 0.141091 0.932818 0.797349 0.0107581 0.267135 0.310768 0.14865 0.507598 0.922873 0.657035 0.677431 0.89962 0.957117 0.259854 0.253 0.138738 0.198738 0.959625 0.0518109 0.761124 
0.625396 0.252516 0.639535 0.774528 0.0284254 0.630801 0.766174 0.693585 0.335973 0.819685 0.649184 0.586085 0.336819 0.489765 0.717024 0.139052 0.635851 0.242711 0.191914 0.213246 0.386499 0.437911 0.891133 0.369705 0.187747 0.695476 0.232053 0.462072 0.606804 0.0102133 
0.0948646 0.561687 0.0962482 0.743278 0.640023 0.0565231 0.725413 0.151708 0.0975653 0.571458 0.195973 0.904428 0.852227 0.00400974 0.347042 0.581337 0.601616 0.73699 0.0467473 0.138219 0.980523 0.291318 0.219084 0.639074 0.452778 0.308498 0.263949 0.0800968 0.866072 0.977147 
0.626449 0.457463 0.540692 0.0305056 0.0025508 0.223522 0.899155 0.605601 0.854026 0.751973 0.564269 0.844155 0.80751 0.7563 0.160732 0.572881 0.671183 0.110965 0.0289454 0.494536 0.600762 0.173501 0.764262 0.940117 0.549302 0.970116 0.310646 0.251133 0.931895 0.267149 
0.245653 0.199683 0.823279 0.73234 0.93206 0.202412 0.965814 0.0668732 0.487313 0.0277961 0.152948 0.692997 0.597865 0.924995 0.397663 0.340752 0.431776 0.620893 0.479587 0.893695 0.0899698 0.482956 0.396349 0.462285 0.203092 0.735296 0.842196 0.697018 0.157901 0.342142 
0.941698 0.061629 0.163066 0.467487 0.686526 0.7767 0.217959 0.988647 0.858885 0.671613 0.00228725 0.433211 0.762401 0.533295 0.276307 0.587384 0.523398 0.846423 0.771549 0.949332 0.859941 0.608282 0.307252 0.14283 0.33264 0.468208 0.618977 0.983043 0.920354 0.559393 
0.737024 0.876375 0.641317 0.999167 0.0976495 0.986563 0.137988 0.719852 0.34652 0.114598 0.381479 0.70026 0.174184 0.602303 0.0498761 0.110411 0.248204 0.679054 0.523081 0.397334 0.0567975 0.0195554 0.724326 0.390581 0.419863 0.625257 0.195145 0.848902 0.801082 0.427954 
0.404886 0.575522 0.901708 0.416859 0.319638 0.563077 0.603556 0.102312 0.363051 0.245601 0.134369 0.767636 0.0296213 0.0281406 0.891969 0.218648 0.473639 0.344659 0.0984087 0.820653 0.340041 0.40826 0.512994 0.788394 0.681 0.255825 0.42457 0.459704 0.608821 0.704876 
0.498534 0.591321 0.354022 0.84481 0.557484 0.594848 0.435591 0.618322 0.0444015 0.393854 0.349768 0.966251 0.662733 0.432191 0.439737 0.984402 0.813868 0.354164 0.685827 0.215688 0.138514 0.339527 0.044267 0.468174 0.842564 0.356013 0.293949 0.636849 0.897663 0.105441 
0.744043 0.00286848 0.682975 0.472624 0.26093 0.687209 0.748863 0.439127 0.0457488 0.581581 0.194758 0.181429 0.460471 0.442558 0.171356 0.173723 0.955852 0.958641 0.815915 0.118157 0.223178 0.871188 0.77955 0.398111 0.923604 0.479606 0.297778 0.0122815 0.780744 0.504352 
0.941644 0.776729 0.665009 0.029362 0.894423 0.923748 0.979416 0.238277 0.926608 0.201069 0.758316 0.526187 0.930995 0.0854977 0.246552 0.996124 0.973912 0.253157 0.255633 0.521807 0.633043 0.502439 0.656242 0.689663 0.963438 0.170217 0.138896 0.831422 0.0622391 0.176596 
0.88994 0.446719 0.863982 0.429597 0.931065 0.382637 0.21976 0.580033 0.931236 0.476395 0.0263132 0.929191 0.307923 0.844252 0.282159 0.425776 0.409097 0.14448 0.619609 0.916006 0.251141 0.50211 0.644726 0.376037 0.138478 0.922729 0.357106 0.366454 0.831579 0.790212 
0.172587 0.125039 0.926179 0.313307 0.912761 0.00237841 0.134653 0.967561 0.944653 0.433162 0.131867 0.184113 0.190725 0.688291 0.0959391 0.927628 0.660937 0.787483 0.770276 0.896385 0.275301 0.937968 0.929157 0.737471 0.399792 0.186192 0.632595 0.978095 0.204409 0.95494 
0.840488 0.576918 0.651318 0.220731 0.313467 0.523677 0.0878239 0.210257 0.974251 0.208569 0.148855 0.335412 0.640221 0.417315 0.0473865 0.0473016 0.255011 0.264283 0.834921 0.304822 0.289116 0.976359 0.76924 0.863009 0.0834603 0.304017 0.274932 0.298095 0.167813 0.16687 
0.306409 0.558474 0.954328 0.473113 0.593893 0.342492 0.754711 0.843389 0.351373 0.722692 0.331867 0.709305 0.659043 0.430242 0.0358598 0.370945 0.910939 0.643389 0.667078 0.833488 0.901038 0.994287 0.617507 0.71798 0.245349 0.724448 0.848265 0.720569 0.615756 0.749477 
0.355145 0.369148 0.843913 0.45529 0.473385 0.306703 0.0264516 0.531183 0.0503542 0.745871 0.735625 0.927869 0.623439 0.940794 0.710447 0.54281 0.472094 0.37933 0.459684 0.255081 0.912192 0.299604 0.602 0.21621 0.539411 0.14462 0.313661 0.31403 0.206171 0.9373 
0.1227 0.686556 0.455696 0.703353 0.0978017 0.773017 0.716208 0.60001 0.722221 0.406019 0.906432 0.510353 0.0955309 0.847017 0.288271 0.795692 0.690012 0.669106 0.53808 0.195196 0.271728 0.750429 0.929598 0.960909 0.84073 0.476052 0.642123 0.736968 0.102785 0.639199 
0.976793 0.917257 0.908757 0.621921 0.999507 0.812476 0.629188 0.994591 0.491205 0.814732 0.570098 0.53423 0.530476 0.897481 0.544634 0.335522 0.388377 0.403321 0.745476 0.544351 0.201364 0.318534 0.134704 0.45264 0.0450437 0.0886943 0.79357 0.567286 0.23455 0.923712 
0.370257 0.187504 0.19306 0.718973 0.269543 0.473967 0.503681 0.234846 0.889238 0.996254 0.533487 0.629505 0.231098 0.396439 0.997458 0.742233 0.683619 0.699896 0.405962 0.525643 0.435806 0.705016 0.893467 0.763657 0.717002 0.163259 0.49156 0.0125324 0.693845 0.530058 
0.404535 0.272771 0.710494 0.410155 0.137516 0.910289 0.507845 0.900703 0.691049 0.967283 0.878321 0.569176 0.521104 0.91477 0.711634 0.340308 0.161352 0.992413 0.093506 0.816789 0.772776 0.302551 0.185114 0.213675 0.33708 0.435009 0.638862 0.0252251 0.358808 0.246465 
0.695009 0.0772866 0.587473 0.113068 0.919613 0.0152532 0.257676 0.144108 0.030294 0.936176 0.526238 0.642627 0.0809008 0.397223 0.347322 0.711309 0.333141 0.163499 0.437436 0.0762342 0.417227 0.080975 0.333259 0.324341 0.433019 0.111967 0.821114 0.174772 0.912544 0.709271 
0.635154 0.20047 0.725495 0.280086 0.317292 0.537532 0.466875 0.507379 0.909657 0.206734 0.0410685 0.65509 0.637994 0.7629 0.761239 0.58798 0.301067 0.696617 0.644325 0.694351 0.10014 0.815272 0.784056 0.17864 0.222192 0.379362 0.102548 0.412126 0.0866378 0.939985 
0.0726572 0.580876 0.613471 0.991305 0.228741 0.570206 0.801764 0.558613 0.756334 0.319634 0.209004 0.742608 0.448137 0.27737 0.786703 0.269213 0.0592474 0.884673 0.476881 0.536837 0.929501 0.420332 0.84338 0.019769 0.373547 0.285278 0.145373 0.41166 0.636384 0.291169 
0.1841 0.383934 0.8254 0.500374 0.507083 0.622988 0.508938 0.392415 0.584737 0.19521 0.933805 0.401419 0.467523 0.879799 0.236784 0.885275 0.747347 0.193624 0.667527 0.900847 0.874643 0.729518 0.733006 0.500564 0.222462 0.123407 0.293603 0.881911 0.864354 0.681248 
0.837396 0.75247 0.38801 0.909224 0.789493 0.856758 0.126475 0.940989 0.910721 0.163598 0.0988689 0.933122 0.436023 0.512306 0.478205 0.550513 0.453824 0.305523 0.194898 0.393396 0.231177 0.074398 0.971539 0.990204 0.280688 0.965133 0.0201296 0.746813 0.985706 0.273626 
0.127562 0.244172 0.0876302 0.396517 0.282041 0.872547 0.985876 0.277002 0.779993 0.756985 0.538999 0.766443 0.828268 0.229507 0.405628 0.0579182 0.855844 0.999758 0.149593 0.0878389 0.856804 0.406427 0.280955 0.187468 0.633971 0.683688 0.27875 0.660607 0.995414 0.181023 
0.776514 0.614748 0.647416 0.333957 0.849056 0.751607 0.551335 0.689547 0.16915 0.26308 0.81992 0.381826 0.757589 0.587336 0.0614687 0.60158 0.149148 0.145188 0.152759 0.73298 0.581744 0.566386 0.21789 0.509194 0.390389 0.14554 0.244794 0.618759 0.233512 0.77421 
0.569867 0.591638 0.84866 0.05762 0.237026 0.714694 0.25897 0.918663 0.146053 0.782019 0.265592 0.280986 0.728541 0.0962897 0.724704 0.320289 0.535008 0.51125 0.536371 0.222626 0.0538338 0.201812 0.401813 0.612588 0.76332 0.439346 0.946397 0.0682063 0.967762 0.724754 
0.256101 0.260749 0.16051 0.892897 0.523114 0.473337 0.818161 0.918165 0.631628 0.156604 0.644249 0.837871 0.0889286 0.0236053 0.733424 0.999036 0.511264 0.404257 0.459317 0.468175 0.345519 0.187547 0.627276 0.902239 0.126639 0.407039 0.916159 0.0195491 0.459025 0.177284 
0.832532 0.849842 0.280428 0.76747 0.788092 0.170385 0.909274 0.483609 0.256646 0.685518 0.0415481 0.822139 0.277602 0.876977 0.536263 0.0246729 0.81201 0.125685 0.392357 0.212158 0.731193 0.891191 0.395825 0.946677 0.950078 0.0790087 0.74642 0.626447 0.719801 0.814437 
0.564115 0.530077 0.220826 0.676042 0.489055 0.774353 0.752805 0.40063 0.921877 0.680954 0.429696 0.718991 0.80174 0.730364 0.259408 0.0144326 0.821369 0.657694 0.954227 0.565338 0.434178 0.453459 0.460333 0.223405 0.162923 0.219834 0.763167 0.0839353 0.441002 0.968327 
0.958111 0.621143 0.999561 0.955639 0.35586 0.0576052 0.425385 0.176114 0.765423 0.0207933 0.623427 0.857759 0.562396 0.0496373 0.696951 0.363524 0.206459 0.619038 0.653833 0.753498 0.482288 0.904163 0.0974962 0.0488036 0.671728 0.141271 0.48104 0.779399 0.790426 0.0739438 
0.386313 0.866148 0.791078 0.536111 0.602472 0.58385 0.495894 0.215346 0.229354 0.513029 0.951685 0.167045 0.641222 0.943694 0.374549 0.12123 0.715282 0.268903 0.562169 0.541779 0.19078 0.32574 0.493732 0.635822 0.465222 0.292269 0.465254 0.45611 0.524556 0.186875 
0.53883 0.312692 0.485037 0.871832 0.478558 0.687591 0.527919 0.41472 0.390772 0.876228 0.69144 0.712459 0.403624 0.84356 0.586532 0.13903 0.736262 0.757725 0.999712 0.558952 0.484769 0.757968 0.547838 0.61652 0.786591 0.203694 0.898599 0.864845 0.0427548 0.869125 
0.72643 0.242384 0.955803 0.347348 0.48737 0.553468 0.767979 0.193921 0.766375 0.485804 0.673567 0.452187 0.531052 0.322473 0.00676569 0.261878 0.379622 0.58302 0.867522 0.130592 0.210234 0.296632 0.442257 0.407534 0.756829 0.0596579 0.873556 0.32108 0.311284 0.186613 
0.0547171 0.104528 0.390732 0.0870185 0.12291 0.866826 0.993108 0.392994 0.838381 0.889402 0.396195 0.715261 0.345099 0.99273 0.853298 0.264089 0.817483 0.420847 0.239453 0.637379 0.832349 0.185169 0.729215 0.493609 0.665605 0.205217 0.949525 0.278687 0.555704 0.532909 
0.916544 0.535863 0.837112 0.787067 0.345961 0.727285 0.227431 0.0239629 0.441858 0.277237 0.883537 0.242236 0.857006 0.176846 0.509227 0.185931 0.296782 0.78329 0.378299 0.585197 0.877796 0.410777 0.144393 0.708018 0.942955 0.675644 0.311047 0.120492 0.237365 0.236871 
0.816728 0.706843 0.831946 0.848147 0.276362 0.35936 0.400869 0.524868 0.758357 0.354575 0.255297 0.452056 0.841853 0.529051 0.758252 0.89247 0.706819 0.120118 0.751737 0.825522 0.125183 0.258993 0.926265 0.72737 0.551794 0.36131 0.618261 0.819699 0.501405 0.0117046 
0.969646 0.463472 0.182945 0.507539 0.413367 0.0137659 0.816823 0.774047 0.257403 0.132675 0.163062 0.552842 0.179098 0.722817 0.0184382 0.758492 0.706356 0.0635831 0.55052 0.967897 0.364286 0.123796 0.524795 0.830617 0.775683 0.199018 0.997215 0.123922 0.390827 0.432604 
0.343698 0.422339 0.685291 0.433522 0.0550616 0.443781 0.280398 0.965675 0.965223 0.151988 0.0874669 0.283019 0.138224 0.603664 0.179355 0.565427 0.320736 0.482204 0.987281 0.206552 0.815778 0.699693 0.479297 0.407048 0.776989 0.0893821 0.160946 0.793633 0.987844 0.644796 
0.226876 0.206098 0.74644 0.273301 0.887664 0.298737 0.576576 0.880017 0.712439 0.706243 0.225181 0.481856 0.843709 0.943263 0.182747 0.955977 0.15001 0.632168 0.210414 0.226699 0.638762 0.77306 0.107638 0.0491741 0.120319 0.862508 0.704763 0.275368 0.355101 0.0460469 
0.497069 0.607467 0.367409 0.349347 0.101554 0.751235 0.0374602 0.562911 0.252456 0.920138 0.410508 0.502711 0.819356 0.798281 0.216398 0.518401 0.141196 0.608461 0.79395 0.0414128 0.822722 0.722575 0.196338 0.975875 0.607499 0.997088 0.546811 0.191297 0.243001 0.0964174 
0.871591 0.105156 0.942117 0.451998 0.220955 0.982045 0.959808 0.645868 0.315667 0.239647 0.509357 0.826394 0.168883 0.343191 0.256121 0.286859 0.214402 0.830196 0.959954 0.0689474 0.803427 0.0697911 0.391788 0.0794101 0.753427 0.772508 0.482338 0.86936 0.612045 0.159187 
0.357308 0.225626 0.822727 0.0878764 0.0137504 0.360197 0.0571438 0.6641 0.168414 0.668187 0.090765 0.286899 0.470271 0.209216 0.749193 0.189354 0.999117 0.0602752 0.119804 0.502097 0.601695 0.353218 0.0163974 0.419594 0.756816 0.575861 0.38639 0.544656 0.325885 0.0796881 
0.22254 0.677696 0.887229 0.801726 0.640522 0.111505 0.38801 0.203674 0.769216 0.0870319 0.0944082 0.976359 0.857078 0.947623 0.407324 0.715253 0.526696 0.101611 0.927607 0.72042 0.539284 0.649391 0.0563664 0.957361 0.847651 0.570231 0.330981 0.589442 0.492747 0.701947 
0.580542 0.791128 0.866597 0.251502 0.442977 0.763151 0.817151 0.162122 0.796591 0.600594 0.659254 0.445691 0.202642 0.0113698 0.526441 0.791736 0.047574 0.954026 0.41977 0.541982 0.0036144 0.755845 0.499736 0.711041 0.3438 0.894039 0.415971 0.982001 0.581062 0.967383 
0.0851091 0.362869 0.967636 0.713541 0.0320617 0.336934 0.571371 0.399528 0.0118454 0.238883 0.278477 0.949576 0.307314 0.204016 0.461255 0.332189 0.40297 0.924628 0.421268 0.200283 0.381025 0.712407 0.948752 0.521962 0.981761 0.528172 0.624206 0.322587 0.0380833 0.620525 
0.654714 0.770638 0.0451333 0.927141 0.00230693 0.888281 0.129489 0.82789 0.268457 0.850032 0.994352 0.0635919 0.316145 0.830726 0.238984 0.61573 0.640869 0.875998 0.481705 0.128647 0.855356 0.578942 0.444836 0.181515 0.824379 0.835932 0.933513 0.258806 0.715702 0.597758 
0.0532208 0.668357 0.156069 0.505003 0.871488 0.874723 0.750304 0.965324 0.465152 0.665074 0.816587 0.382455 0.845426 0.0651317 0.744006 0.759288 0.223802 0.297282 0.119529 0.673649 0.668823 0.223691 0.114574 0.0329783 0.238107 0.147762 0.259474 0.960629 0.805892 0.102651 
0.690076 0.453881 0.827584 0.923799 0.373227 0.402641 0.0900864 0.604106 0.48799 0.691725 0.239331 0.0696093 0.655101 0.153595 0.626135 0.0660336 0.512171 0.165364 0.599139 0.484265 0.910377 0.745072 0.71478 0.919787 0.566865 0.430165 0.805144 0.900992 0.556403 0.701395 
0.661509 0.101314 0.906729 0.287327 0.290601 0.810195 0.79845 0.0889447 0.874125 0.167287 0.0313432 0.90879 0.890148 0.568346 0.332422 0.196212 0.262036 0.852677 0.610455 0.618486 0.834293 0.494629 0.554547 0.706229 0.39865 0.58787 0.81121 0.219009 0.208483 0.110275 
0.805026 0.979139 0.0779582 0.0478237 0.18758 0.557166 0.969497 0.698438 0.6156 0.113971 0.778149 0.999503 0.977145 0.672663 0.299578 0.103177 0.242397 0.70132 0.681873 0.413859 0.441989 0.136834 0.0356153 0.767824 0.622172 0.808124 0.961326 0.57248 0.45015 0.122805 
0.819087 0.863239 0.317526 0.17202 0.245122 0.22098 0.419407 0.669172 0.746018 0.256392 0.177682 0.843922 0.179034 0.85946 0.313538 0.235854 0.643566 0.0771629 0.156561 0.167074 0.00875053 0.205074 0.530696 0.795784 0.670184 0.574976 0.560825 0.007085 0.587357 0.934451 
0.30573 0.822577 0.585482 0.406859 0.00294215 0.468338 0.676348 0.828116 0.281635 0.558252 0.0756461 0.156512 0.006182 0.197801 0.0687424 0.630645 0.41766 0.279529 0.596844 0.268464 0.525098 0.0890731 0.898598 0.848402 0.668632 0.168089 0.112334 0.656457 0.622994 0.514255 
0.986001 0.369901 0.35909 0.261435 0.732953 0.957437 0.717913 0.986105 0.681849 0.591153 0.844131 0.442482 0.197146 0.134763 0.0339995 0.779517 0.358866 0.562235 0.568286 0.412719 0.0576147 0.736747 0.601449 0.47053 0.547792 0.551263 0.0992716 0.506438 0.711077 0.00805766 
0.648006 0.757728 0.612767 0.295701 0.453797 0.602235 0.444819 0.10583 0.161789 0.133792 0.490675 0.466405 0.697258 0.830913 0.0443939 0.719769 0.669128 0.843433 0.91462 0.292357 0.362261 0.0715168 0.758644 0.835953 0.772062 0.0908938 0.585711 0.177746 0.308864 0.577698 
0.940061 0.319594 0.95297 0.157978 0.794344 0.162809 0.75612 0.583751 0.752739 0.863773 0.519043 0.343979 0.0558588 0.37463 0.747377 0.0180482 0.632179 0.380781 0.875396 0.88848 0.907648 0.225563 0.244519 0.541354 0.308391 0.258701 0.379739 0.546581 0.892427 0.393344 
0.710728 0.958129 0.194999 0.566306 0.713926 0.633957 0.633914 0.121253 0.930728 0.00843804 0.874605 0.165247 0.799908 0.317629 0.164107 0.666029 0.674526 0.907233 0.338486 0.295802 0.0555654 0.0432919 0.796045 0.0361832 0.711058 0.643248 0.504489 0.29842 0.417636 0.31568 
0.413469 0.368274 0.322674 0.706468 0.687563 0.0300375 0.895088 0.932255 0.334796 0.690391 0.0527637 0.495966 0.752752 0.141289 0.616333 0.419465 0.0952418 0.294063 0.0377531 0.713545 0.641038 0.700197 0.798007 0.520815 0.384449 0.693833 0.18177 0.141506 0.896298 0.73669 
0.160879 0.495093 0.0643291 0.728003 0.0828045 0.718035 0.0310325 0.287367 0.791929 0.416824 0.872883 0.783116 0.0989632 0.947773 0.234006 0.967671 0.365239 0.816895 0.658785 0.0444749 0.489188 0.507144 0.821569 0.380939 0.225269 0.54223 0.263343 0.402939 0.565595 0.0595503 
0.590476 0.516112 0.239512 0.724393 0.220555 0.799834 0.933902 0.339102 0.155694 0.967233 0.217628 0.38007 0.933382 0.782607 0.512668 0.982009 0.642626 0.424719 0.272806 0.434461 0.579446 0.190696 0.133286 0.452338 0.571101 0.476802 0.216489 0.557462 0.55651 0.152439 
0.859745 0.123292 0.635456 0.476818 0.916549 0.021143 0.601807 0.195481 0.701225 0.948861 0.746764 0.201858 0.612263 0.0125171 0.663708 0.767651 0.468471 0.324907 0.386422 0.886945 0.418863 0.965658 0.0222018 0.593333 0.85617 0.488918 0.884336 0.485585 0.708961 0.435768 
0.520453 0.974965 0.139617 0.781493 0.428031 0.662156 0.37612 0.503111 0.977318 0.113583 0.707123 0.592343 0.0854909 0.105469 0.43026 0.819255 0.0872896 0.54259 0.607233 0.0165546 0.892127 0.361482 0.820242 0.281243 0.176188 0.0828821 0.542333 0.886996 0.270917 0.97915 
0.109103 0.698947 0.669325 0.64051 0.235903 0.0769668 0.364869 0.665987 0.606635 0.850819 0.432585 0.0803198 0.962242 0.247644 0.626405 0.954807 0.581106 0.410384 0.226978 0.370627 0.185988 0.793499 0.737936 0.703752 0.000625353 0.403649 0.282245 0.561792 0.0377238 0.11751 
0.545457 0.899163 0.953154 0.454396 0.897445 0.649213 0.986865 0.708104 0.330709 0.919951 0.982359 0.271585 0.825032 0.352599 0.400322 0.548655 0.34464 0.532549 0.421783 0.0345257 0.555375 0.910047 0.844402 0.196525 0.406642 0.214139 0.912675 0.702175 0.783056 0.835841 
0.98075 0.588937 0.770338 0.558042 0.702311 0.206203 0.201378 0.76775 0.868034 0.888383 0.0505538 0.666182 0.626884 0.712526 0.93408 0.817356 0.51303 0.695528 0.550818 0.511124 0.528019 0.840433 0.234093 0.83331 0.614217 0.100542 0.0305255 0.712199 0.0447988 0.123955 
0.463965 0.342569 0.0646015 0.177075 0.248803 0.936415 0.152018 0.882443 0.709005 0.90394 0.762247 0.361953 0.940402 0.114371 0.00225753 0.218833 0.504082 0.30034 0.499991 0.708085 0.126418 0.76275 0.373294 0.0500966 0.600924 0.729134 0.527292 0.105732 0.983626 0.379995 
0.594709 0.163423 0.900294 0.688475 0.171726 0.612336 0.342829 0.478206 0.648038 0.492416 0.569371 0.176055 0.222777 0.843218 0.759113 0.931322 0.352251 0.499283 0.50732 0.0993172 0.700498 0.380558 0.612153 0.766219 0.704311 0.349645 0.468934 0.074972 0.444746 0.0701136 
0.599099 0.141254 0.612631 0.234097 0.472638 0.586236 0.882017 0.301973 0.643902 0.52019 0.92705 0.443894 0.721765 0.906478 0.268482 0.618115 0.890359 0.270217 0.356718 0.117402 0.910925 0.51381 0.678832 0.656505 0.943065 0.901282 0.36522 0.732812 0.111966 0.891065 
0.35249 0.171865 0.837962 0.425039 0.141216 0.502836 0.98675 0.42348 0.771907 0.219358 0.438646 0.672498 0.809622 0.207846 0.600243 0.0504651 0.745068 0.549433 0.779504 0.897878 0.164951 0.198307 0.636449 0.39041 0.966497 0.00793663 0.101275 0.547316 0.470525 0.313121 
0.728739 0.646936 0.79391 0.992054 0.414161 0.654615 0.529015 0.942295 0.450876 0.768965 0.97922 0.260665 0.269716 0.905853 0.226584 0.754168 0.818625 0.713015 0.131454 0.396541 0.174799 0.326799 0.641935 0.746331 0.219174 0.287174 0.899974 0.261436 0.453146 0.596865 
0.190777 0.935283 0.0483738 0.946168 0.057491 0.662698 0.859502 0.736459 0.261448 0.759387 0.262316 0.804517 0.43444 0.619938 0.591855 0.356795 0.614656 0.115206 0.473303 0.717284 0.126801 0.638753 0.118205 0.310479 0.863271 0.64914 0.618912 0.0912671 0.0340016 0.524785 
0.495129 0.594761 0.898198 0.775779 0.74328 0.577526 0.525939 0.321255 0.39054 0.9624 0.304261 0.487585 0.444917 0.278996 0.998436 0.235129 0.0869558 0.350122 0.218588 0.783058 0.169652 0.70982 0.256383 0.855824 0.134972 0.648916 0.440726 0.92629 0.224612 0.16341 
0.350011 0.559063 0.00690598 0.533855 0.331857 0.511763 0.573837 0.678398 0.152374 0.121147 0.0781507 0.125839 0.588247 0.0383856 0.708299 0.811034 0.28903 0.523996 0.826129 0.504812 0.150578 0.0326007 0.824922 0.153042 0.965597 0.482864 0.962081 0.798001 0.343972 0.0132193 
0.85806 0.166463 0.228624 0.857733 0.879989 0.437839 0.677091 0.682187 0.853962 0.162054 0.950407 0.769727 0.810354 0.555556 0.482599 0.135638 0.35595 0.0338363 0.55098 0.0342665 0.457748 0.934497 0.946346 0.415333 0.458358 0.135842 0.217917 0.726102 0.442091 0.498243 
0.875798 0.786132 0.148523 0.324081 0.280508 0.37416 0.0624152 0.638295 0.0283996 0.623332 0.121992 0.952481 0.782866 0.490455 0.050397 0.41468 0.991538 0.647173 0.90354 0.0503508 0.954144 0.370696 0.464587 0.505827 0.0340453 0.139892 0.453046 0.235097 0.624046 0.817814 
0.694461 0.491446 0.00804816 0.157284 0.757042 0.270425 0.779061 0.858451 0.493602 0.385616 0.630178 0.468989 0.281901 0.53449 0.0285027 0.878825 0.970431 0.582385 0.438165 0.320566 0.515776 0.598549 0.340928 0.0423241 0.385541 0.384278 0.000426039 0.0359806 0.742815 0.642268 
0.590066 0.348964 0.146506 0.080581 0.78574 0.998952 0.426467 0.380328 0.650733 0.100751 0.79165 0.798432 0.582556 0.542212 0.586444 0.457475 0.050337 0.486743 0.402507 0.354288 0.49099 0.72539 0.0106962 0.278735 0.461574 0.391648 0.646584 0.20955 0.893696 0.971042 
0.192306 0.327717 0.193221 0.342737 0.0472076 0.0296096 0.637645 0.529273 0.0854575 0.220285 0.386716 0.97 0.875909 0.286426 0.97286 0.57705 0.422769 0.175099 0.0983091 0.60417 0.0165592 0.925574 0.343592 0.602697 0.222893 0.723767 0.777665 0.809763 0.714049 0.453275 
0.425066 0.926818 0.312635 0.618574 0.566431 0.0885543 0.897534 0.556138 0.915796 0.328923 0.448384 0.945816 0.512128 0.615259 0.289112 0.00174512 0.88076 0.507379 0.302303 0.284034 0.434356 0.230261 0.66011 0.974495 0.321919 0.788853 0.568896 0.881227 0.531511 0.224107 
0.365546 0.0533069 0.886461 0.791618 0.534509 0.69742 0.648886 0.715222 0.0601017 0.961675 0.926874 0.771205 0.364724 0.0300873 0.335344 0.607691 0.936132 0.212666 0.814958 0.431464 0.792585 0.647149 0.483801 0.580746 0.733052 0.00025005 0.919358 0.282172 0.510948 0.648668 
0.0560244 0.507323 0.270422 0.498438 0.690281 0.686676 0.457574 0.968685 0.927017 0.0937122 0.736023 0.142609 0.588428 0.67545 0.339778 0.0508191 0.0179539 0.118856 0.58865 0.769479 0.00863516 0.31672 0.534501 0.0265187 0.00351102 0.374814 0.919797 0.181738 0.972857 0.439021 
0.844622 0.644949 0.462191 0.994704 0.581701 0.572116 0.267694 0.500826 0.118585 0.769554 0.518257 0.420171 0.0984104 0.867994 0.32623 0.429707 0.531584 0.98045 0.564265 0.046406 0.914164 0.550702 0.303707 0.639371 0.210226 0.744926 0.512015 0.391187 0.147088 0.916133 
0.898268 0.62439 0.68747 0.250726 0.301253 0.0675363 0.768157 0.0308232 0.96438 0.71272 0.454382 0.465086 0.816369 0.143478 0.170274 0.0303256 0.496231 0.936619 0.772737 0.792781 0.844032 0.97483 0.765723 0.296157 0.955583 0.89665 0.930688 0.630725 0.750074 0.503093 
0.562244 0.588808 0.869382 0.537063 0.802588 0.694435 0.120152 0.506446 0.0586897 0.335651 0.0193837 0.652884 0.90806 0.761382 0.204709 0.102463 0.0620034 0.10472 0.369132 0.449902 0.441857 0.887184 0.0878263 0.599724 0.374684 0.785786 0.964656 0.790394 0.292404 0.740033 
0.801302 0.246865 0.0462586 0.854721 0.97553 0.100218 0.901851 0.10368 0.17053 0.152898 0.850868 0.136943 0.332116 0.678589 0.737791 0.967335 0.460987 0.994348 0.86563 0.0531235 0.822088 0.418524 0.189181 0.859128 0.410415 0.018844 0.335653 0.0193667 0.156041 0.76874 
0.674438 0.731846 0.054414 0.0529838 0.587509 0.981364 0.788268 0.523898 0.544226 0.258434 0.390868 0.918131 0.728948 0.40453 0.332383 0.736675 0.13058 0.864176 0.405319 0.677513 0.200298 0.5775 0.624096 0.307569 0.250106 0.877283 0.22382 0.231685 0.02324 0.326944 
0.575245 0.661881 0.391646 0.451769 0.897657 0.159253 0.337019 0.565336 0.114747 0.491547 0.390993 0.111167 0.194888 0.809696 0.161942 0.824109 0.185453 0.775027 0.682182 0.659719 0.765521 0.856776 0.960586 0.910247 0.238544 0.405764 0.756631 0.962453 0.535669 0.0407841 
0.0395769 0.576989 0.120009 0.226357 0.266194 0.371118 0.465196 0.619616 0.767066 0.0591543 0.879289 0.411577 0.755624 0.605869 0.410062 0.211188 0.776657 0.785316 0.161187 0.88621 0.871393 0.284587 0.520271 0.909617 0.248307 0.848744 0.95131 0.173719 0.547754 0.220528 
0.558391 0.258455 0.317126 0.268357 0.30264 0.293331 0.704932 0.906063 0.0419489 0.878899 0.600996 0.640764 0.52552 0.139457 0.539078 0.088916 0.32636 0.224064 0.719881 0.334867 0.0168359 0.099092 0.321719 0.119149 0.327352 0.918379 0.526132 0.0182065 0.326323 0.592543 
0.75892 0.643567 0.98225 0.658597 0.297537 0.480968 0.792552 0.634505 0.501993 0.0491746 0.635119 0.00673906 0.664176 0.920827 0.220524 0.324194 0.797594 0.589565 0.656719 0.183546 0.786217 0.704818 0.464018 0.680237 0.284548 0.419898 0.971846 0.00641059 0.218682 0.770184 
0.756889 0.986506 0.994325 0.877725 0.6061 0.0261552 0.226501 0.385798 0.165866 0.458509 0.542377 0.824039 0.198835 0.606402 0.791358 0.879452 0.301855 0.733697 0.432694 0.793594 0.713753 0.950035 0.211359 0.719336 0.417736 0.89453 0.316024 0.739933 0.495968 0.775474 
0.895524 0.47492 0.377884 0.0649437 0.526652 0.884528 0.512936 0.115467 0.479518 0.905741 0.607233 0.0533966 0.306191 0.551529 0.413791 0.812229 0.724364 0.90448 0.55409 0.732008 0.989078 0.811892 0.676525 0.694175 0.783342 0.796431 0.0741495 0.82222 0.652445 0.942161 
0.373177 0.598079 0.873391 0.439209 0.695279 0.384501 0.13857 0.928468 0.410182 0.27254 0.56522 0.744476 0.371822 0.939188 0.512249 0.752127 0.154134 0.345564 0.375488 0.356888 0.707153 0.599758 0.30686 0.495456 0.602454 0.199886 0.824198 0.48466 0.101568 0.750102 
0.831649 0.895128 0.769029 0.847296 0.386447 0.420997 0.856081 0.759613 0.125959 0.451256 0.891423 0.388808 0.774604 0.762055 0.114215 0.118577 0.814547 0.19202 0.507577 0.990709 0.117785 0.221074 0.835733 0.485752 0.58063 0.72752 0.644975 0.279174 0.25084 0.996914 
0.0855719 0.274809 0.946915 0.487576 0.0203911 0.304221 0.181404 0.658247 0.903528 0.484019 0.998149 0.348584 0.666325 0.111829 0.235615 0.768592 0.344824 0.099038 0.358586 0.34914 0.813294 0.472723 0.807403 0.480265 0.103065 0.988147 0.719633 0.159898 0.309058 0.25374 
0.464684 0.862981 0.122663 0.842528 0.265329 0.993675 0.491301 0.319835 0.0693273 0.601808 0.295391 0.76109 0.538644 0.972176 0.240987 0.455807 0.376017 0.255941 0.948881 0.479586 0.49009 0.028447 0.313963 0.0417133 0.462525 0.0788276 0.849339 0.400889 0.160989 0.0526734 
0.877988 0.469132 0.78689 0.994954 0.739759 0.692553 0.233299 0.910678 0.98723 0.697029 0.922738 0.20443 0.293132 0.0911585 0.621138 0.0258805 0.0371509 0.456242 0.576846 0.455296 0.111119 0.579324 0.591793 0.489815 0.031021 0.664138 0.800711 0.484755 0.36056 0.275184 
0.457357 0.771967 0.986802 0.128571 0.185767 0.493301 0.651852 0.713844 0.333204 0.744836 0.163751 0.252265 0.623924 0.921741 0.919637 0.599963 0.734512 0.175964 0.879344 0.477929 0.999745 0.305483 0.979459 0.0490959 0.36387 0.661238 0.936347 0.875751 0.77272 0.731496 
0.409773 0.904142 0.901923 0.0212428 0.840056 0.845296 0.0555532 0.581026 0.541357 0.97282 0.119405 0.667267 0.673512 0.110021 0.18676 0.951823 0.529774 0.90364 0.744129 0.974564 0.299099 0.645867 0.508311 0.839875 0.682762 0.575356 0.649985 0.336322 0.713468 0.00455356 
0.903647 0.975593 0.515144 0.614398 0.0494605 0.61893 0.695665 0.808747 0.903992 0.243601 0.228233 0.261218 0.654973 0.138478 0.895928 0.270017 0.978129 0.878177 0.382142 0.607288 0.784011 0.479866 0.467901 0.376646 0.452248 0.659395 0.998525 0.58681 0.413786 0.618695 
0.703799 0.882614 0.0608037 0.31341 0.383161 0.156142 0.773182 0.518386 0.633351 0.514959 0.810923 0.755255 0.485736 0.323489 0.434858 0.267742 0.0219382 0.575593 0.297785 0.337483 0.21245 0.431799 0.610673 0.585797 0.030458 0.514447 0.639834 0.232887 0.775332 0.797087 
0.286628 0.486779 0.998733 0.918716 0.489267 0.544282 0.613329 0.0976546 0.856617 0.19992 0.85342 0.579218 0.363955 0.0475522 0.164649 0.353663 0.355051 0.68471 0.477285 0.947186 0.00998946 0.811862 0.0262655 0.630185 0.142689 0.00732369 0.74928 0.324488 0.969583 0.747213 
0.669384 0.98724 0.123451 0.155434 0.324604 0.32219 0.604387 0.138547 0.899515 0.28301 0.929839 0.385938 0.67929 0.423806 0.135599 0.278272 0.554148 0.694014 0.46035 0.120092 0.763347 0.32462 0.831534 0.677042 0.632212 0.2146 0.727477 0.0866077 0.557866 0.267948 
0.557633 0.869635 0.179154 0.5961 0.805558 0.0097714 0.744494 0.822412 0.150572 0.722309 0.332766 0.57812 0.0302365 0.869198 0.53744 0.462819 0.225512 0.0600985 0.88836 0.128121 0.00101676 0.719388 0.672962 0.29943 0.806084 0.374091 0.614788 0.425423 0.392568 0.10494 
0.215027 0.194703 0.166059 0.813349 0.663678 0.171036 0.491858 0.788989 0.519359 0.292734 0.516328 0.225355 0.925729 0.351444 0.797013 0.661948 0.439624 0.938058 0.358034 0.12397 0.498008 0.482855 0.72697 0.893764 0.519951 0.196683 0.988087 0.0974703 0.122204 0.488459 
0.280682 0.85217 0.704833 0.105049 0.751619 0.924393 0.959458 0.2367 0.459457 0.746307 0.586903 0.960687 0.0144561 0.148818 0.247183 0.242582 0.877244 0.205034 0.853215 0.615949 0.0146742 0.0605264 0.437114 0.528823 0.516519 0.614585 0.942869 0.0622342 0.0668026 0.482748 
0.785703 0.383538 0.583353 0.20462 0.134054 0.163728 0.523407 0.480405 0.513263 0.397645 0.906678 0.490302 0.365481 0.431835 0.812396 0.93899 0.277859 0.0573414 0.788056 0.966029 0.0404455 0.794035 0.195727 0.204211 0.0942641 0.148369 0.0107613 0.152375 0.775622 0.230864 
0.122468 0.0464366 0.272168 0.984777 0.598849 0.390719 0.493695 0.195425 0.558575 0.173974 0.392345 0.418308 0.312901 0.388912 0.0696563 0.050995 0.351893 0.323935 0.94147 0.854478 0.108146 0.779892 0.254609 0.245205 0.950021 0.655437 0.965285 0.12621 0.150789 0.232124 
0.537792 0.902109 0.911843 0.709415 0.943637 0.835246 0.808233 0.228949 0.493552 0.813057 0.05866 0.517876 0.813082 0.263054 0.93518 0.914417 0.225404 0.0445055 0.204627 0.300513 0.785748 0.24848 0.246702 0.564567 0.29192 0.00685737 0.946613 0.446028 0.789869 0.766498 
0.159173 0.0652965 0.0732158 0.125483 0.682549 0.0054576 0.28953 0.804356 0.719818 0.238842 0.461596 0.465029 0.87822 0.376707 0.332236 0.211928 0.103648 0.530607 0.839522 0.985749 0.183997 0.607475 0.331855 0.399887 0.502534 0.884012 0.303183 0.740539 0.440255 0.144454 
0.359159 0.49208 0.287231 0.217702 0.916258 0.623453 0.0384207 0.0925139 0.653159 0.539862 0.199707 0.804123 0.676063 0.0331902 0.756639 0.376479 0.841828 0.969407 0.0676789 0.197468 0.619566 0.85764 0.697262 0.799292 0.870325 0.18918 0.797421 0.115587 0.641352 0.835836 
0.699756 0.664713 0.195419 0.323207 0.178974 0.980072 0.325824 0.814222 0.45782 0.329634 0.821097 0.223236 0.122773 0.282446 0.401784 0.133351 0.819589 0.437465 0.984531 0.761487 0.030144 0.459543 0.111038 0.910331 0.388417 0.753816 0.897269 0.368032 0.209797 0.435761 
0.928123 0.0982923 0.528663 0.631501 0.721908 0.693023 0.634368 0.603413 0.112496 0.780491 0.367009 0.521308 0.290231 0.41994 0.357818 0.0152304 0.847848 0.370913 0.400907 0.167968 0.583772 0.731679 0.446335 0.757911 0.936728 0.954833 0.632873 0.875157 0.674802 0.0189522 
0.478515 0.69903 0.231308 0.0418217 0.399166 0.0339666 0.774584 0.792623 0.497668 0.307405 0.0768685 0.206976 0.895438 0.733982 0.445411 0.979213 0.528134 0.900411 0.305778 0.105181 0.22597 0.720969 0.414025 0.0135101 0.715713 0.177111 0.294321 0.568487 0.429575 0.495367 
0.221738 0.129356 0.413315 0.61555 0.691328 0.560785 0.347834 0.642567 0.507387 0.761491 0.726408 0.564754 0.606734 0.14824 0.256528 0.630715 0.219806 0.841414 0.593486 0.0473406 0.296034 0.467414 0.942329 0.603235 0.14662 0.806794 0.671863 0.63418 0.997337 0.372443 
0.623603 0.15678 0.597641 0.406317 0.849586 0.00178579 0.697214 0.328068 0.193393 0.843942 0.224892 0.570696 0.718201 0.924831 0.51688 0.420287 0.0893922 0.415151 0.161252 0.148746 0.772443 0.744596 0.246044 0.195373 0.942245 0.068724 0.86168 0.5465 0.400148 0.499496 
0.0971595 0.262034 0.728483 0.159191 0.957059 0.796605 0.202812 0.652379 0.167529 0.456003 0.399244 0.1063 0.86315 0.763334 0.936143 0.714353 0.999601 0.82694 0.11325 0.771458 0.284135 0.323757 0.840991 0.871497 0.310625 0.143756 0.250268 0.0279859 0.448058 0.756258 
0.106535 0.632987 0.657447 0.70499 0.640509 0.0344855 0.461404 0.25918 0.786041 0.737932 0.962109 0.880678 0.532065 0.934095 0.347212 0.845615 0.626692 0.71204 0.309095 0.825996 0.00498613 0.282244 0.835823 0.430486 0.822519 0.351665 0.358739 0.890669 0.809035 0.550032 
0.86905 0.332506 0.442497 0.685492 0.694412 0.889154 0.28231 0.813373 0.578111 0.843327 0.890655 0.315957 0.610367 0.529554 0.19771 0.848471 0.724165 0.425364 0.107602 0.968783 0.210863 0.373431 0.710133 0.275933 0.156169 0.335343 0.525811 0.446328 0.184188 0.633927 
0.348398 0.942635 0.482799 0.653276 0.654224 0.090603 0.177162 0.344556 0.503623 0.736556 0.302385 0.0442094 0.427793 0.947218 0.289949 0.331104 0.123415 0.623286 0.697737 0.103829 0.326162 0.115687 0.661976 0.376966 0.926266 0.89131 0.479637 0.636413 0.789394 0.369646 
0.377902 0.273705 0.115191 0.0359414 0.0235158 0.259212 0.935036 0.99844 0.0889029 0.803291 0.181844 0.196069 0.861162 0.385019 0.452541 0.0365113 0.621521 0.921245 0.0538271 0.116151 0.811742 0.684088 0.193312 0.70142 0.612185 0.454385 0.0799389 0.0020631 0.696163 0.81555 
0.905378 0.0193228 0.724742 0.413931 0.260812 0.546846 0.0846846 0.792888 0.78274 0.0735286 0.252759 0.414707 0.26299 0.506107 0.755541 0.475918 0.48561 0.546475 0.171739 0.586682 0.451748 0.219377 0.642595 0.345689 0.624367 0.124004 0.826218 0.783898 0.888055 0.150857 
0.118752 0.978101 0.487296 0.0316596 0.12258 0.304595 0.0897265 0.0745478 0.311703 0.923082 0.943835 0.27102 0.95286 0.971445 0.153856 0.164782 0.434529 0.809771 0.842727 0.946655 0.707803 0.289845 0.849033 0.500229 0.332669 0.670273 0.0169262 0.925039 0.206451 0.720443 
0.444501 0.995544 0.982061 0.834543 0.663285 0.344823 0.124656 0.388782 0.490298 0.95371 0.988675 0.206946 0.895342 0.76474 0.169291 0.183952 0.15252 0.726221 0.078773 0.402492 0.531493 0.264423 0.378093 0.75319 0.92102 0.947878 0.986676 0.632699 0.981522 0.407283 
0.995029 0.393486 0.385781 0.765762 0.0200914 0.422053 0.0443105 0.567105 0.853044 0.775959 0.97132 0.298227 0.472476 0.574895 0.864507 0.201322 0.518677 0.477812 0.656267 0.497443 0.732829 0.441676 0.276573 0.154151 0.355215 0.403125 0.536228 0.269183 0.327608 0.288197 
0.375119 0.63145 0.171967 0.923407 0.854452 0.223202 0.384211 0.927418 0.905087 0.163721 0.675072 0.222768 0.0665864 0.163346 0.576063 0.132841 0.370374 0.0571927 0.492427 0.342655 0.321795 0.467698 0.935933 0.524379 0.54807 0.601816 0.146829 0.868447 0.0730404 0.847711 
0.347487 0.100479 0.12181 0.641295 0.415544 0.940758 0.923395 0.350225 0.550683 0.0661594 0.594627 0.712647 0.231646 0.319826 0.430456 0.112931 0.713958 0.559019 0.965557 0.229299 0.913559 0.75968 0.342113 0.863062 0.686785 0.975066 0.518509 0.0327934 0.735691 0.198347 
0.721194 0.66285 0.197956 0.0253997 0.303517 0.318864 0.0564761 0.0336199 0.654978 0.0596251 0.684176 0.031269 0.297536 0.196153 0.457949 0.570485 0.21274 0.560658 0.528582 0.608085 0.891203 0.434247 0.661316 0.553656 0.264948 0.962965 0.733419 0.842097 0.147714 0.855414 
0.991679 0.235841 0.0221156 0.554538 0.550424 0.527624 0.0941823 0.547058 0.5085 0.0458376 0.587708 0.183285 0.315316 0.687142 0.156552 0.333993 0.292067 0.0736942 0.0761476 0.151396 0.247206 0.37449 0.307415 0.75053 0.135792 0.504392 0.963254 0.956287 0.856891 0.156024 
0.66544 0.226686 0.287895 0.358258 0.615258 0.248878 0.638109 0.581602 0.123221 0.884506 0.350706 0.0214753 0.812506 0.488221 0.385634 0.824019 0.642003 0.753545 0.920686 0.889908 0.0361529 0.670763 0.174512 0.632657 0.726715 0.941351 0.235813 0.104461 0.654725 0.587102 
0.688807 0.90206 0.864654 0.758377 0.958846 0.0464286 0.228364 0.359729 0.966294 0.172667 0.827637 0.628277 0.330753 0.278956 0.578083 0.681507 0.627322 0.329155 0.0861669 0.652196 0.62231 0.449813 0.77569 0.367031 0.00194141 0.0442414 0.0511343 0.486831 0.621215 0.30404 
0.755968 0.852541 0.895695 0.655479 0.745286 0.422942 0.258251 0.460572 0.416201 0.216894 0.905603 0.476739 0.360318 0.622663 0.231633 0.46241 0.724183 0.845653 0.294696 0.957217 0.0262362 0.74941 0.499009 0.301095 0.0888242 0.0814583 0.307979 0.814085 0.993053 0.881226 
0.633902 0.3853 0.290547 0.47714 0.319693 0.990957 0.406684 0.776665 0.889552 0.704351 0.398273 0.634598 0.275911 0.617598 0.306537 0.850078 0.0672985 0.991726 0.660331 0.397686 0.773656 0.139922 0.516251 0.510849 0.864712 0.63966 0.343535 0.826074 0.134378 0.646857 
0.645678 0.194637 0.837541 0.605673 0.210295 0.0172453 0.935522 0.0202349 0.449319 0.351941 0.980368 0.971414 0.219932 0.0314882 0.828403 0.530582 0.471568 0.684567 0.322934 0.325106 0.162602 0.0941427 0.938188 0.484625 0.231209 0.876317 0.655118 0.0516431 0.36402 0.124258 
0.0831449 0.613393 0.936531 0.625859 0.867289 0.818156 0.866547 0.0512864 0.201618 0.44108 0.1583 0.465967 0.707524 0.261729 0.792741 0.314381 0.440087 0.211998 0.845626 0.432592 0.38755 0.984666 0.466088 0.877045 0.432333 0.559883 0.291908 0.135116 0.781596 0.605643 
0.448628 0.123467 0.700373 0.996205 0.855121 0.758592 0.260645 0.766586 0.855519 0.741064 0.855923 0.466211 0.48967 0.339333 0.148774 0.599282 0.475276 0.666996 0.510067 0.628983 0.661336 0.500941 0.816675 0.0340626 0.974662 0.995709 0.377103 0.495083 0.743315 0.131547 
0.457203 0.971714 0.990733 0.101776 0.0543609 0.90688 0.215088 0.927866 0.946585 0.771258 0.880192 0.444284 0.248302 0.409153 0.265388 0.782185 0.519819 0.505763 0.171473 0.380373 0.607286 0.60102 0.826487 0.502134 0.230042 0.372798 0.793729 0.933836 0.810574 0.542042 
0.0859054 0.902031 0.593136 0.982887 0.55522 0.903526 0.897397 0.929857 0.429812 0.581897 0.606775 0.856697 0.744402 0.540954 0.889304 0.534966 0.502059 0.565683 0.91913 0.523059 0.4203 0.888214 0.161832 0.0973456 0.331311 0.482647 0.433134 0.209772 0.328176 0.108092 
0.418882 0.241325 0.474966 0.296054 0.458772 0.531687 0.97424 0.757368 0.201432 0.53395 0.894167 0.122758 0.548559 0.476639 0.369611 0.427602 0.594749 0.430186 0.0917195 0.691441 0.107567 0.494644 0.752883 0.721944 0.851071 0.61822 0.307318 0.264433 0.509667 0.736666 
0.39083 0.399753 0.560864 0.838438 0.921327 0.187338 0.726729 0.336722 0.419715 0.193208 0.218412 0.536605 0.139979 0.335788 0.853465 0.612482 0.290662 0.731308 0.927265 0.638819 0.0633937 0.496823 0.0246183 0.081209 0.755809 0.750646 0.743427 0.546088 0.210825 0.736865 
0.481138 0.119546 0.428802 0.899662 0.921884 0.969746 0.989328 0.0206995 0.352319 0.475161 0.681296 0.625819 0.132247 0.421077 0.294228 0.862967 0.0373958 0.701815 0.404884 0.0751905 0.570936 0.69827 0.909658 0.447165 0.145716 0.0616541 0.876569 0.745435 0.115014 0.0752235 
0.5933 0.211002 0.665462 0.758495 0.0716556 0.388782 0.292549 0.478074 0.379078 0.992533 0.705846 0.519639 0.941589 0.266578 0.0784167 0.623315 0.239838 0.425637 0.231814 0.75693 0.609772 0.264941 0.408526 0.645267 0.189667 0.82729 0.58405 0.0867131 0.146423 0.718083 
0.931173 0.477682 0.5904 0.329534 0.873742 0.0737655 0.798402 0.945153 0.276048 0.256745 0.79036 0.0761798 0.9604 0.935258 0.354167 0.0987255 0.160959 0.592022 0.302845 0.45561 0.740782 0.707578 0.867335 0.579765 0.192359 0.667762 0.686835 0.931638 0.0387678 0.404765 
0.0768636 0.951438 0.646424 0.981905 0.231773 0.511849 0.966734 0.642834 0.367279 0.252332 0.990196 0.350757 0.63601 0.698282 0.0750905 0.655443 0.913489 0.375149 0.62089 0.180508 0.191594 0.930666 0.298237 0.254737 0.65506 0.569453 0.743621 0.0769146 0.328033 0.218485 
0.288951 0.709673 0.367115 0.107714 0.564116 0.714568 0.472203 0.93052 0.00846847 0.0561148 0.224212 0.610581 0.681744 0.554036 0.252696 0.420978 0.512991 0.516445 0.0759915 0.177838 0.946071 0.762302 0.366755 0.399018 0.498286 0.593761 0.229204 0.604701 0.929773 0.415303 
0.619255 0.0497089 0.496872 0.908748 0.123556 0.684147 0.471065 0.473191 0.47639 0.304448 0.924912 0.925874 0.555402 0.0694683 0.921547 0.888752 0.0739798 0.443851 0.385515 0.0923255 0.240385 0.223215 0.759523 0.605523 0.990978 0.928296 0.987275 0.695397 0.651036 0.625398 
0.945407 0.607748 0.783071 0.136395 0.472173 0.931659 0.129883 0.589149 0.1676 0.682007 0.33379 0.959574 0.0364777 0.87654 0.969839 0.641015 0.394068 0.1842 0.267046 0.0605024 0.168791 0.941352 0.0506068 0.209042 0.535545 0.969784 0.428594 0.811351 0.0732642 0.0970363 
0.408706 0.437489 0.387311 0.454679 0.49985 0.00778221 0.599863 0.408193 0.819822 0.463768 0.901435 0.9996 0.720904 0.171255 0.523442 0.324743 0.302046 0.00717247 0.116854 0.463477 0.383842 0.0819643 0.2208 0.568945 0.284069 0.793929 0.402405 0.004686 0.631607 0.65863 
0.39906 0.379419 0.460547 0.572295 0.116219 0.00967337 0.784652 0.164807 0.661751 0.316992 0.550803 0.214965 0.503495 0.596817 0.0497008 0.981682 0.179831 0.802527 0.562215 0.237595 0.446864 0.237207 0.75654 0.317308 0.450639 0.919173 0.428864 0.670437 0.945272 0.597 
0.852567 0.655316 0.81829 0.542715 0.491147 0.157091 0.729831 0.520434 0.313113 0.914067 0.755661 0.450753 0.736082 0.284471 0.483719 0.132657 0.923762 0.888115 0.228945 0.672992 0.327332 0.972366 0.775212 0.751932 0.625445 0.298212 0.412532 0.0229647 0.454506 0.300688 
0.0668347 0.0277476 0.137851 0.583317 0.85649 0.806321 0.326195 0.155681 0.265642 0.798395 0.357285 0.697244 0.372347 0.722339 0.318392 0.75322 0.87781 0.199189 0.509555 0.203631 0.611213 0.438454 0.221596 0.160862 0.442841 0.0658125 0.971561 0.657882 0.706342 0.559277 
0.706594 0.868681 0.0367671 0.37047 0.447959 0.653028 0.224916 0.413089 0.169575 0.0761614 0.797043 0.180927 0.52311 0.853221 0.6476 0.848289 0.746774 0.0389235 0.141025 0.924957 0.566239 0.25121 0.69396 0.312073 0.329657 0.823465 0.957403 0.988375 0.562957 0.908164 
0.310074 0.571144 0.22656 0.100542 0.58235 0.301964 0.790895 0.498227 0.50948 0.3546 0.0458112 0.742858 0.886319 0.265385 0.177373 0.186352 0.268553 0.512182 0.349808 0.3116 0.0335566 0.243732 0.716364 0.923967 0.729573 0.672437 0.399464 0.842788 0.464702 0.142986 
0.202555 0.562847 0.786484 0.64001 0.336421 0.0398998 0.460546 0.669787 0.248789 0.84693 0.710131 0.856245 0.281158 0.653338 0.419139 0.533562 0.992335 0.411997 0.919614 0.485321 0.550919 0.50014 0.424135 0.19804 0.29846 0.487155 0.554905 0.00624619 0.197174 0.839412 
0.263809 0.575135 0.44395 0.365543 0.217359 0.891981 0.75976 0.407066 0.0115011 0.318625 0.899242 0.388934 0.983326 0.976047 0.863451 0.97303 0.290651 0.33544 0.504649 0.733981 0.196823 0.203423 0.244061 0.798438 0.43385 0.554321 0.36534 0.771082 0.534884 0.568241 
0.193976 0.0351435 0.956971 0.879494 0.95699 0.372293 0.0502055 0.459628 0.913361 0.767736 0.765657 0.866684 0.375206 0.487313 0.319852 0.994436 0.254898 0.0535246 0.639836 0.501977 0.367267 0.880304 0.900632 0.656804 0.203426 0.351395 0.862683 0.179745 0.11934 0.39912 
0.298903 0.997288 0.721092 0.133705 0.95878 0.757654 0.362837 0.760181 0.312538 0.510734 0.463406 0.803411 0.283666 0.389943 0.126865 0.102915 0.846842 0.837861 0.924121 0.651304 0.75683 0.285542 0.868919 0.32064 0.0496 0.136932 0.813389 0.624379 0.159295 0.564134 
0.91609 0.360113 0.896491 0.361657 0.273765 0.631786 0.872662 0.215498 0.335294 0.30397 0.639554 0.441333 0.243869 0.410811 0.552029 0.674716 0.997273 0.220292 0.641181 0.357591 0.752918 0.301939 0.365476 0.703694 0.458473 0.534847 0.831583 0.183166 0.720672 0.763523 
0.811173 0.293866 0.1507 0.916783 0.743533 0.317841 0.861947 0.858587 0.978259 0.326132 0.104 0.781903 0.896337 0.565988 0.00392384 0.132779 0.656327 0.133765 0.0275802 0.237829 0.44715 0.171435 0.58973 0.688855 0.656407 0.749369 0.346081 0.764028 0.503052 0.937508 
0.396389 0.204486 0.282888 0.450823 0.364129 0.131842 0.340637 0.879807 0.075188 0.00667421 0.861739 0.395095 0.229572 0.709017 0.513 0.598367 0.192311 0.912493 0.610972 0.337716 0.0590114 0.554972 0.775722 0.656771 0.526984 0.630693 0.453242 0.830878 0.862095 0.364496 
0.400832 0.106558 0.51319 0.749524 0.511021 0.778441 0.498101 0.983505 0.625745 0.108722 0.991743 0.367312 0.885728 0.965962 0.938441 0.720338 0.107664 0.658554 0.0701662 0.233561 0.687547 0.251504 0.964206 0.99085 0.70084 0.69378 0.0985431 0.556929 0.332832 0.346126 
0.390907 0.694972 0.247379 0.678711 0.418597 0.476158 0.157691 0.139176 0.0265709 0.00427642 0.000571738 0.821341 0.567319 0.196029 0.377163 0.776636 0.7199 0.136918 0.0523808 0.496097 0.918343 0.281345 0.259436 0.523763 0.83258 0.850278 0.54922 0.728296 0.168112 0.196369 
0.706821 0.074015 0.872255 0.146739 0.227421 0.719677 0.410877 0.831448 0.130485 0.935739 0.945502 0.466642 0.380291 0.933386 0.0524917 0.711752 0.24688 0.793316 0.659715 0.569055 0.131118 0.589121 0.468358 0.0753426 0.0938068 0.944426 0.228224 0.616234 0.327431 0.223649 
0.905619 0.246158 0.832112 0.318443 0.659156 0.319763 0.844339 0.833514 0.569053 0.371526 0.843502 0.668162 0.327293 0.606456 0.960991 0.701491 0.874548 0.516402 0.706773 0.694197 0.988574 0.429727 0.222077 0.262514 0.236389 0.492347 0.695299 0.112478 0.550143 0.501484 
0.28058 0.0337555 0.434045 0.883046 0.531399 0.549133 0.960579 0.5215 0.504357 0.584673 0.721198 0.0474891 0.201158 0.90884 0.844915 0.240554 0.0458503 0.920616 0.359962 0.586576 0.366436 0.125158 0.784274 0.624024 0.343669 0.655279 0.220584 0.661398 0.185733 0.372433 
0.171064 0.415638 0.219949 0.40575 0.378552 0.246072 0.581534 0.539007 0.512253 0.0294832 0.248667 0.326013 0.261837 0.800025 0.375223 0.727805 0.369355 0.2979 0.654693 0.742135 0.692929 0.133802 0.829612 0.731573 0.939123 0.116391 0.291821 0.0823035 0.906637 0.801927 
0.129858 0.562719 0.42872 0.593513 0.904952 0.082973 0.492413 0.31836 0.343909 0.64984 0.851873 0.296389 0.0287142 0.0226026 0.920765 0.122058 0.152958 0.664395 0.111877 0.783761 0.407492 0.987662 0.64583 0.881816 0.506343 0.147372 0.264309 0.138155 0.711705 0.161374 
0.706788 0.423135 0.00653407 0.169301 0.0483895 0.250053 0.99933 0.237082 0.383011 0.295547 0.747588 0.445911 0.531981 0.0191338 0.966303 0.984958 0.0668422 0.208306 0.186431 0.79778 0.648001 0.397985 0.478744 0.881649 0.762631 0.567272 0.13861 0.554056 0.451534 0.685109 
0.607056 0.562882 0.741204 0.424874 0.38266 0.360224 0.782931 0.815536 0.831878 0.686716 0.506395 0.485608 0.683724 0.978015 0.686072 0.437731 0.891545 0.267271 0.493732 0.269577 0.867564 0.677784 0.12351 0.807856 0.82809 0.365821 0.907997 0.803523 0.0235787 0.537058 
0.141537 0.106305 0.0757437 0.399658 0.728863 0.110919 0.151188 0.440616 0.604041 0.599383 0.731944 0.364106 0.370782 0.283168 0.18845 0.847839 0.850167 0.717875 0.524435 0.662729 0.470118 0.632812 0.861593 0.184618 0.813544 0.819377 0.911706 0.460547 0.789588 0.788945 
0.744571 0.784864 0.656477 0.0107624 0.0478262 0.961582 0.334218 0.836091 0.0480757 0.700894 0.507323 0.282854 0.79971 0.817994 0.335383 0.020327 0.33881 0.580996 0.0431774 0.375764 0.181861 0.019337 0.467231 0.829665 0.151206 0.861489 0.510824 0.907764 0.799016 0.868439 
0.100269 0.669234 0.966822 0.32779 0.484615 0.818494 0.609637 0.934683 0.151769 0.0428205 0.437552 0.666272 0.371523 0.663511 0.900225 0.85354 0.0565991 0.718265 0.479154 0.201419 0.983609 0.20127 0.959394 0.18584 0.900213 0.537378 0.245072 0.1969 0.56468 0.868939 
0.0666945 0.148707 0.0707077 0.748494 0.544336 0.973341 0.538025 0.129415 0.211441 0.0244287 0.0502638 0.335429 0.879968 0.686205 0.287605 0.242734 0.0111228 0.438106 0.555182 0.752671 0.744587 0.41331 0.654344 0.167799 0.331069 0.854968 0.504853 0.257952 0.658561 0.274403 
0.76433 0.679603 0.181678 0.478475 0.150426 0.0220074 0.0970815 0.821505 0.99993 0.389036 0.32333 0.886648 0.548093 0.687471 0.742316 0.0899807 0.357226 0.872607 0.396373 0.80478 0.94165 0.493015 0.490229 0.747427 0.544681 0.939392 0.638681 0.592893 0.563737 0.922923 
0.4439 0.642475 0.879003 0.519222 0.0752068 0.869118 0.899475 0.811961 0.826303 0.647403 0.313831 0.811979 0.00381294 0.987285 0.0625213 0.280675 0.638846 0.168686 0.294852 0.0604616 0.488842 0.790085 0.162843 0.0539099 0.872609 0.0841847 0.741242 0.0825355 0.801877 0.545938 
0.178382 0.544806 0.837114 0.396583 0.478867 0.84785 0.065428 0.0355773 0.529412 0.665209 0.676515 0.28283 0.0526137 0.965207 0.807249 0.576453 0.67453 0.170159 0.161437 0.317355 0.00528361 0.190679 0.871554 0.715008 0.485638 0.21673 0.983584 0.319769 0.349745 0.860377 
0.420479 0.124192 0.0243085 0.474978 0.0561582 0.794713 0.827215 0.858067 0.476757 0.961553 0.0162087 0.947689 0.835151 0.944215 0.980328 0.439576 0.882995 0.86767 0.308972 0.578765 0.570933 0.25663 0.83957 0.461832 0.757855 0.513839 0.249379 0.0264381 0.682896 0.355434 
0.179574 0.790708 0.888816 0.725401 0.566169 0.68278 0.418787 0.389364 0.75553 0.930065 0.790172 0.0232022 0.542594 0.296662 0.582781 0.0947652 0.921898 0.471991 0.370238 0.374852 0.666617 0.197662 0.309188 0.637642 0.754995 0.366082 0.788891 0.830303 0.715926 0.564239 
0.464805 0.826023 0.5961 0.965524 0.99576 0.34157 0.368397 0.112093 0.186594 0.749167 0.862894 0.414773 0.336177 0.907772 0.306028 0.086434 0.997237 0.253217 0.175128 0.252055 0.84588 0.703601 0.656082 0.294036 0.862112 0.30606 0.387869 0.627484 0.566441 0.518535 
0.981039 0.949587 0.540509 0.515338 0.343946 0.245999 0.889536 0.0676196 0.193454 0.521212 0.20472 0.672483 0.747811 0.822637 0.212126 0.871154 0.182196 0.923852 0.589827 0.597731 0.555381 0.71819 0.328037 0.881208 0.811681 0.822736 0.195976 0.938404 0.407988 0.0544281 
0.0998265 0.224005 0.287507 0.772195 0.972775 0.53233 0.00834636 0.239167 0.383246 0.337237 0.749393 0.933358 0.00798689 0.629594 0.331931 0.729125 0.237905 0.830091 0.107317 0.360695 0.92324 0.387484 0.0253066 0.941948 0.0952084 0.345293 0.399546 0.0042475 0.895882 0.848929 
0.479521 0.244055 0.401442 0.614153 0.224191 0.537715 0.620875 0.442549 0.99512 0.228691 0.835736 0.600831 0.0302031 0.286543 0.374971 0.687968 0.69537 0.906726 0.924522 0.478965 0.877236 0.974527 0.246411 0.255945 0.810774 0.408861 0.334014 0.299661 0.729363 0.643582 
0.296435 0.547008 0.489808 0.202337 0.907194 0.946067 0.729989 0.218499 0.955851 0.681547 0.622426 0.143394 0.606002 0.756124 0.759569 0.703377 0.281168 0.315479 0.0189487 0.570458 0.321027 0.850529 0.18185 0.740842 0.389871 0.505448 0.404273 0.693399 0.710753 0.815187 
0.466518 0.210306 0.601812 0.622408 0.0424055 0.0006843 0.430185 0.034335 0.121438 0.709728 0.467925 0.791467 0.107226 0.381399 0.557978 0.727219 0.040406 0.253461 0.202526 0.988044 0.468838 0.346258 0.482127 0.899566 0.407793 0.960941 0.417019 0.375092 0.968434 0.67796 
0.116182 0.774165 0.763442 0.146121 0.907665 0.529425 0.125442 0.823864 0.453737 0.451958 0.550783 0.810594 0.0608944 0.507791 0.365467 0.81451 0.719579 0.507142 0.469655 0.00610657 0.18755 0.334013 0.482295 0.194161 0.657476 0.00393583 0.726383 0.0515487 0.672309 0.2366 
0.39479 0.0143103 0.74977 0.274307 0.30809 0.985129 0.75808 0.78352 0.346956 0.790206 0.00538728 0.451782 0.151656 0.0676125 0.372481 0.713823 0.261209 0.931088 0.806785 0.658114 0.122489 0.177406 0.531633 0.783353 0.440172 0.534311 0.329082 0.718282 0.163116 0.012325 
0.514136 0.0992165 0.1549 0.28934 0.016971 0.477602 0.234271 0.782995 0.400093 0.83018 0.893625 0.501329 0.13999 0.0879343 0.421968 0.50062 0.679837 0.697152 0.703871 0.270021 0.116861 0.403071 0.134848 0.573755 0.95084 0.173068 0.0724548 0.000628032 0.12473 0.268291 
0.447769 0.464053 0.554473 0.759991 0.664635 0.295608 0.210785 0.457192 0.213237 0.617856 0.466027 0.213803 0.102153 0.796634 0.350478 0.220654 0.828005 0.346169 0.837961 0.489217 0.970617 0.812758 0.573241 0.199377 0.782707 0.249493 0.386733 0.766662 0.269158 0.0092318 
0.899494 0.70535 0.649464 0.914799 0.442001 0.145764 0.999357 0.0865199 0.607121 0.79003 0.643654 0.635354 0.954967 0.184214 0.472353 0.669322 0.197885 0.784094 0.868128 0.298754 0.89958 0.625671 0.910671 0.985129 0.471458 0.576684 0.101226 0.641906 0.132768 0.664339 
0.558841 0.929121 0.684904 0.925437 0.645782 0.622413 0.981881 0.0713363 0.766323 0.267632 0.965285 0.170481 0.424533 0.580744 0.449043 0.551766 0.991434 0.303254 0.689389 0.815357 0.737468 0.0106774 0.882869 0.755843 0.986685 0.0837208 0.443789 0.437121 0.114375 0.759407 
0.9089 0.148658 0.125992 0.754382 0.767813 0.158334 0.280428 0.359355 0.717917 0.382711 0.961037 0.579342 0.860918 0.920776 0.538218 0.547513 0.391457 0.0575412 0.131709 0.435135 0.760772 0.458859 0.987814 0.885948 0.738057 0.0332364 0.573592 0.837418 0.828617 0.471323 
0.546374 0.0688629 0.857128 0.658683 0.627773 0.793051 0.927074 0.222344 0.750043 0.65802 0.216679 0.859493 0.390538 0.570189 0.990883 0.818892 0.870507 0.164355 0.86544 0.984999 0.293844 0.840269 0.256463 0.540511 0.73103 0.0105883 0.807376 0.0490983 0.236132 0.373163 
