51.179986464073188
78.621997281258643
61.292825073374125
47.689771200141465
93.312177713933025
39.528957950757373
60.626578268324401
78.332313269920917
24.888893114952893
77.527789786236966
46.803477495476322
44.338547220535709
19.692309640479838
56.673051444162709
65.217473953625699
69.83603334071681
17.158629496061351
96.894021260316407
67.94712488568905
39.899118031447173
88.06995660116533
32.141916589751993
38.561625724247556
87.550544186297643
6.3004241014546398
62.32077663113337
3.2221134364277897
88.409258739437817
13.366758396107148
73.570300298222151
65.653355196386514
101.39934855663476
91.826318591708329
61.565931367347609
65.761228248933321
75.236862240164967
93.085963969647565
67.249515157652482
91.144525448076308
90.768076414544353
44.853737875664855
72.234994275689687
58.826894908555893
96.690630901891083
71.057572719434305
39.532351156856684
42.335387793045292
93.181696332573622
8.0189697167900089
66.27644817010453
79.29564724213401
9.4915154131085657
79.924986103722844
58.123242980096151
23.870030587950147
15.936242746901081
26.210439063606934
92.072393928828433
77.315521763550024
19.616463961417125
76.106278871584607
62.271502494338641
11.090618238118843
78.455737801186032
11.562802565529459
58.237187280144639
90.50043423383589
2.4700997687180011
70.656662270133637
18.744879853188738
10.520522194970056
83.434155739283142
78.237359709078348
68.439825112223843
25.223039420380584
54.654383971946721
18.696839908813541
32.903595090725005
44.842508431982019
14.068982572429285
97.37799679246956
100.2843927685828
63.760215098472585
12.026132819889259
32.149508665282262
95.125043195565524
52.471881000633637
54.525446285376873
2.3807270771021942
13.829270907293809
58.661177075319763
78.990517692095423
58.349229703403012
97.993318625042335
38.38029052139099
37.41465845642508
32.282015847352355
93.004903930059498
70.797290477557667
76.511644833617908
