87.466361239837809 40.784875816443027 19.254806521073661 77.262378509981133 97.986849520416911 40.762177863988164 95.732428233954778 35.620668887738098 63.011582002234697 23.264753279349989
38.654688899883396 28.47069300880942 80.476606998281838 85.524979127757916 73.714525454716309 52.222458493042147 40.801666634998433 14.444805788500087 16.565525417631186 88.93450888918585
3.310282096566401 81.578760507573918 55.072992018971014 22.424155519205698 85.377923932135218 31.280105237499985 16.852841291977143 51.044003177196082 56.837112682236814 50.603222741108119
34.661475747614524 6.0197237972149127 20.99921393575341 20.614542434077613 36.995831206707919 4.0962842452724786 59.170133342333699 78.065820868450174 52.730126433046152 10.556346133838307
68.521918973987667 76.104502147371221 88.943641200841881 38.447791644377567 39.345493899881937 61.052996642289855 25.909572359229898 97.465910974514514 30.740149392240131 66.084272525324309
73.49478260431755 7.5043191090438048 12.081442558978734 24.149318507903946 4.4061197301020707 61.704048606254467 67.59990217797889 26.457170245673709 100.43713195451461 44.490343611009237
44.763587997036652 34.216797731442149 1.6798152553911367 88.26351776421761 14.637405488853794 10.382736539420652 95.284124978463254 25.383059235514594 53.875778972062797 47.308414522464417
84.86418291036648 29.9265947258043 55.931587807908947 52.13823624922226 23.604626160494803 41.786908252830095 46.809302605211272 35.54674582953168 4.4240568600838897 33.329354883091497
14.677084286809164 67.826954653282158 48.835717006194983 65.160024560055177 93.043582691886826 31.827633955440511 52.459954899197484 8.9341536368305619 76.234518197712859 49.102149246349555
60.435870220340881 83.060953532151231 95.741007822351364 67.436715279660064 75.584373872008626 99.482166638558212 11.126939072083843 9.2080182876736067 43.463059706250839 83.166121486480961
8.0840479121506572 12.825118033281868 85.41151052864835 42.659782300611184 51.12174606227633 98.477624589074438 67.598733708123646 52.455315314468187 87.901665827864775 64.515241543592737
41.361068753629084 77.231499744778901 74.995108758618997 52.135509620035513 13.057565394751439 86.701414512526938 90.665273170858498 74.861587006561052 25.116909434636231 68.913846811698818
4.2559824241324247 8.1786627107661971 16.499632627470955 21.618924858984894 51.110803978998575 77.945231052199389 3.0485056884700188 94.84383973037005 12.844810223358772 86.153917373647886
96.996140134611821 37.352496147707548 98.784849658308772 13.639092634905801 80.091370843025103 38.284187082190229 96.573339912042798 15.270080046260157 83.887597167369947 49.263694705413855
23.93196137666699 93.756730677584358 38.198104279007566 9.4933742997255166 12.605868395641824 7.2191257518819052 53.007605127290198 2.7063943671773805 39.885752438568467 64.624631566420987
26.224521418585248 58.906267291429188 92.099309291331409 64.476252061798675 9.6882847363853344 71.560138894247487 40.373276094572994 44.030979088181475 86.836198531071204 46.266953444558268
16.062278848095868 0.29760048038021769 25.739748287653182 88.137885478987215 52.527839965451378 61.016053750208272 26.487141179872022 83.771258741191275 24.212277502415748 100.03244715700768
10.837353429220832 65.070856985655183 20.148003415174994 11.131193931276316 70.476176147472927 53.306734260035263 85.135123811077094 46.814412241766703 9.5965496535215919 64.19078425348998
73.149072820983875 65.353050392436927 22.443622326791246 75.333632323493845 91.247376540150256 45.006723634085915 47.455926420719273 7.5102519308782645 56.183344316235271 40.33321241993869
29.090984868864005 84.729707067823924 87.492993584825527 76.27066057939345 61.620299776598664 81.858606198235378 59.438415486992419 87.270908929467879 84.57184265064592 30.864022415912064
6.2315175539089118 37.680233166983562 19.328996982169279 49.905199325515035 38.254686714072612 64.80756771838756 84.938343509130377 99.662067283529368 21.522842554691728 62.263299389202082
25.368650743741227 19.810154017586626 9.5514660110476957 93.450260247714112 82.260006482523508 98.582273043557365 51.670028442031807 57.654207181708003 99.680125744068064 51.872024855510581
82.876462508039822 16.255505124681303 52.83881931033963 41.140451063267761 61.790381940919147 10.965802947480716 44.146229405735085 38.50500229892797 48.956605371701535 22.903579060149688
80.040679635166299 31.151279789593225 40.186829655133984 94.942491504241374 26.44493746976681 91.864695308561025 52.357477752965863 64.620596194853988 60.579380420887794 94.111126422072829
3.3367587092055655 9.1956897073894197 78.050880299110148 42.228860615168855 92.433390619868803 15.615454002889527 77.58726712251341 79.78462089568967 70.149398607897339 12.797436110204126
2.1297116655890216 60.896145579302832 24.239887870035759 25.550890119218643 100.53010718048905 42.177623391792793 16.456661718367108 65.2024441962715 12.070050044583343 24.55741055069354
54.249738025501948 66.979331588705634 89.113104793277145 82.501700866041233 23.614140350132786 42.190849510530953 41.070137730899951 71.135715235000788 17.938250202903294 85.101808937260955
36.845296026504712 61.576631627821314 82.18977883782712 69.86668949682462 88.781577036854969 15.155050702913581 68.61294264619022 23.970312280653541 23.124870107328348 96.75382004705294
5.4053661184276729 32.633555657283978 6.3085839766214997 6.0413774172843988 88.749818114995307 52.350688025909427 10.626269997886894 29.37531047185351 28.29026835168191 48.144031490543924
40.795234092862351 21.803852238045479 71.831207811627237 22.289752742541307 93.951030361176464 30.0822052066925 25.259886874617575 16.19665285508454 48.613898190300539 68.472669630433941
32.409522743190543 52.275088128458833 76.998818921693697 75.660038596910184 39.331569447563751 89.989160359667835 64.462440762968043 27.101738530990101 97.566894352982715 82.257463605990608
58.183348132422708 17.481429918850576 83.433201385014385 23.790326913406457 8.9911104530318173 100.01307086552355 35.571699775805634 81.474934733917252 77.963726596032927 25.880526641387153
99.079377671292477 73.631536684035041 93.094992959098974 85.934101667913382 42.589744414820089 92.997874928911472 87.138794014442965 91.450737813519154 31.783161961922623 82.380892967505602
75.486350115029452 55.800323900147319 23.933826187300973 60.609179066586165 89.354574777296634 78.731592247221826 84.481102589569929 58.424893427805941 48.919953659335917 92.166140259862757
67.087663894061336 48.398898534135334 84.256202334835976 55.653700723937831 21.430024454637483 96.294780059169227 18.382107959809122 75.677590962332985 41.801803842499602 14.432020279431626
91.154504198662082 93.374339929733623 74.176946466385616 19.149946206601527 61.812949387790169 31.416822716151245 85.568501469767526 73.958858602239133 69.238225404016873 60.820491014869816
35.499351532291463 5.9961433607123791 75.762333363225849 60.008722699867057 25.860640165894758 89.041297352463801 81.58644683445489 10.229151276681149 58.454118802957822 87.438108162932508
70.809425327149341 83.908608560036654 64.012697341894125 69.237951560747035 88.630578244218739 2.3257405837569687 33.991206245942251 36.538447288587555 55.315184158812393 2.3797957527551508
56.258561503264936 9.158856499335549 93.146989544960178 10.34887432328448 43.189426305290297 34.61707725863937 0.49870404411023256 65.668145708001916 86.365397556101854 48.552141390739507
4.4263495770858556 69.739859383658384 17.887264253566993 95.967621581875846 81.619389749565144 1.8173913308568324 97.195804873048317 90.594493438108529 85.995775202406847 98.14487226806709
51.613337892722228 83.085167553977882 34.419548289303719 49.22615342371374 44.087834921601917 38.682014931054411 53.383741920380928 51.008616661480445 90.839484222139035 90.033092215279339
84.959676888125912 84.297633436633618 87.609754015400412 45.314135085706276 36.931431176062787 75.154543183494141 61.084837334610199 89.001501895041585 29.739249173782088 35.208102911335899
8.6185564828889696 54.017189243107381 31.384229893781029 42.191578698236654 49.408100816016002 37.92695692832811 92.201437830758096 16.873871338281528 67.396834836842302 86.292698084618337
52.353185323970408 74.443579319767963 15.012815194127931 17.050655029687839 34.10343454135603 60.174917849729184 53.432752602421964 67.193108374087714 74.487321172761128 1.8848690213029966
20.734250166826868 65.448432728410481 86.362893762115576 58.789967848013617 37.498472116950445 33.141956788974163 40.527122719700344 72.288863032245615 78.271896801869801 27.51443417210216
80.621972057180102 12.283332696642347 27.334423076739554 27.605173153526199 37.131348614965148 79.784178852519688 28.274681362969986 70.163639472725492 96.561411708371963 91.724781762596152
3.491020997592424 97.496143408457854 97.288098721733334 28.322088614504199 40.729444034730641 43.256536040645237 43.628614070222554 38.531172208466927 98.73344208384303 61.677468027790127
51.316359454777242 74.478737284100376 91.765341578724289 25.876017087307119 8.9169978971672705 55.674023556165722 45.617550138656441 47.816616277580408 57.714650674074996 27.857352132379305
99.009265445993734 83.598626833059342 94.251904640310542 29.923181612250158 43.966652666679337 35.867196870948305 91.065384418089465 32.134598328503031 64.627024559676585 28.255326399291249
55.569331933540077 46.526434217721416 31.113846514837618 7.900616479972153 19.000187614372891 24.074856587610437 12.584963838805036 73.59736081501056 11.635699392357711 52.690032232586013
65.535730852227516 42.410928700156056 57.593023330105567 31.134446834500888 63.105376519648061 51.45355294139317 5.057624737895928 49.573960927510996 89.743051196988802 32.022872884100671
88.803337138654072 3.0003920441197329 4.7831807767906627 29.114840889335774 7.700677558344398 75.247016221611148 67.350341329253311 62.230361001295897 42.40063553740687 79.068814080800038
73.991876735309305 41.645918988657847 85.594617301661728 82.515645607071164 65.457025965505437 83.869365078055594 95.372497665787108 41.683223226847232 60.555462006485016 100.95216168538663
38.203796473295277 40.157691977457922 87.218804946519754 43.987490625777987 82.936742871049361 23.742365448577804 10.766785105783068 81.108769159045082 13.211222839827398 50.043226517993133
99.096641244764712 94.136353070239949 74.358058288658015 81.563984041726258 39.527510099963202 58.146156828974149 78.648512949865975 8.5169083296578076 8.6321419862183966 7.4743975680911454
73.899907454723788 41.209157814083156 78.005051867063187 72.379122738756308 98.957535247543987 3.351894822094422 35.303639251741124 76.255619425729378 55.036323095935096 71.749572467613817
6.90763418679885 34.701826979011642 6.4891969499803768 64.17746705652938 25.41183184234945 61.028110678055633 14.913643191212584 97.380401665630515 18.70757522527159 56.573049649099737
22.395880335573914 35.502471573070821 37.958361900811155 86.242209391469274 39.685660536605589 82.55128929656891 2.4630082681562602 20.766452194147522 1.6034581934304741 48.79274442139242
9.2293543903841417 40.643258859587618 96.797838952280159 1.7459411359956176 52.508860019626347 30.714520485399252 90.52762947874993 89.715107336166454 32.924924814153421 61.163999239331162
68.468547793922099 31.560270882286602 12.622516199648562 36.767694121466477 89.417119560317076 1.7704247130559321 48.547048104553994 86.689638054189018 54.011347923636848 26.279679924398113
77.155054586530056 60.4436309042079 12.98083905072485 96.989050523993697 53.714801577167329 30.695195028333416 91.565671628854204 39.108837588056993 18.393680237671781 28.753365252272207
12.915342906190064 33.019786270401752 60.482831268296671 57.363183695742407 89.795855844755025 34.947459964690282 35.154823735779409 23.53171507480976 57.301550906405389 32.841668014215188
88.176783577257012 89.369689087078839 83.744932685114478 3.8105698647194033 95.395184707757224 86.073349062982359 93.026275496756782 72.287171998649058 47.523085999032645 64.646140392773873
6.2466777515377414 69.711085397648276 32.755123885165567 12.007006652673647 58.685292783078651 87.43209378566408 55.757712955360667 44.607677862822605 18.508950332053253 27.910389988664267
28.15847001538409 4.1856167023926938 97.616896148334732 4.8179277687630107 89.238095076421487 88.928213755448496 83.05859317393508 81.050573962800343 49.077510374159544 10.82500340504855
48.682076875007247 13.205355188127578 62.789529741446323 70.994493562795341 4.7937852716394085 95.441220168659413 61.853023986184674 34.124844218298044 82.667372990965646 79.517130410698527
78.333945144404524 15.720043108917654 63.980557914651598 9.5033620562864041 94.372021702091203 84.561292427090393 74.321525636775604 58.507114542417789 37.818044223108622 27.0137025341837
61.32109013160359 62.439828361768313 35.553635643954372 8.0295086867767189 18.288793811205895 47.677340388922808 59.412784453873691 4.7970730418721823 21.467618364299476 88.563182802409884
79.121165062578257 32.67870763719214 2.7288449997241178 72.191418575691458 27.060520224744991 9.5878341506501545 47.811394723671761 33.912492240078265 91.164563739268786 13.919449837609266
52.194762106384836 35.506385168512558 55.297301781367125 32.349308638113001 16.097664217067003 10.005173648541115 43.938621778181229 36.211167328560556 40.613232006057579 41.7689517263168
21.805964714146995 80.852430734125051 34.004317443800424 80.703281277984402 42.224012417241504 96.576750583303436 2.6386980237090598 46.802669974968353 95.041249722632841 36.331468692485018
6.276942451803226 57.15287853842883 17.663521667323991 53.854152669839266 70.762538462383503 21.294963663773466 18.826929109656255 79.484764355067043 3.639008771050483 47.981357716413918
14.509403611358577 10.689297676072712 32.491537273579219 6.1632618203965759 51.385934411533427 24.470735677477119 24.271684064071746 78.106087059449706 37.66984829013856 18.871466866082937
48.945957308220279 71.286111023675232 90.670857440947842 73.16905749337532 82.952307524987646 83.379641609644949 91.022296398515252 69.933348107252783 74.225008346859241 52.716196272902692
93.590058611537401 70.13906755892431 69.206900504432426 86.498372133213437 41.935473592999678 86.282837513063683 62.393581622451734 4.2070867373481802 57.579220634235419 52.227681861223132
20.959932397016363 62.904669847025005 28.539868529389427 97.82663650052325 33.184544347970821 80.689889635000441 59.609409999049923 80.227620865231643 26.279140012973276 70.699813202323497
99.082127199920194 21.079206089795811 19.352254020317456 93.014114458064782 10.025089619752103 63.952761688433384 34.665476147621725 87.912356891256451 74.257491048922049 4.9772611575768666
5.5522382901852936 69.248003064596077 88.412924093589623 60.009627517403416 34.430343671776768 83.222819507128776 74.750560205155054 52.471435358629556 50.493807850306546 34.210112382746054
8.8168008627251595 15.515343847717102 50.386138474233917 97.449643839586656 85.413733484832846 15.056179408213096 16.937982207385424 65.348902368879465 42.065044023898594 45.701462830209337
95.607965018615005 69.491997672856414 83.009556913237802 96.912943242588057 18.759961688863662 47.710100871037845 98.551355998167793 70.448109246117156 14.423802689172149 69.226600249050719
18.85138104484334 96.550308372500908 64.421362925708735 55.205041592614279 37.596943484202889 61.012718325384839 60.247548744661422 69.451642132596461 36.62628582497203 58.594229847182305
64.739659027571591 68.525889863730455 35.019724879771552 51.038361142876049 15.883997774468225 26.418765239911806 84.163314759113049 20.115457330590015 89.46543801875373 73.692488231897812
33.637308132178447 68.707770090670735 35.710279317362762 80.283100957685235 34.777966099755261 21.020911548690496 14.013163035393427 70.078461008853353 44.328505904566875 79.086382272678492
88.505822261229184 28.324742362044855 34.243958907504769 58.647246274581235 42.840736939465948 82.405010813374687 78.863384986207734 87.503147766649946 91.734156457988817 24.726366943912549
70.621108482163166 1.8948046287842166 88.022723133008725 15.17317786155429 62.361682135504147 57.570312234186041 66.869000674819858 83.447898553845633 81.343927580481022 83.677998844591286
78.664761636209974 76.630789159759402 19.540141134527541 25.477514649180588 56.483118850985107 30.909940114278552 49.334614681551571 38.737092927948751 70.969422400809435 50.865558900737689
70.49864926562995 93.008974299423031 10.166642878034692 51.567104297994916 86.762938957035388 55.810838557064969 63.548875879206911 77.277897894653947 83.35507158220824 72.365478048163254
100.75088883845582 27.930346772877876 36.440205235899825 4.0023259916631204 92.46975101132162 31.933584517398792 96.573873418806187 48.321885072645976 80.156671804851484 38.363423501575092
76.718444952130639 11.679032207514673 13.506990370506939 42.948567689302294 36.320364818606969 5.6717305448761115 68.754518414428858 25.827552601939644 82.912045599692249 29.973931317493228
22.835478175908317 89.369555755028259 41.230956503760204 74.192890140707604 48.208046605093543 57.546424159267758 8.1570303803979485 27.110660498657669 93.715727026323847 33.957506613712852
21.019963203294942 68.461207213113227 31.03710565886897 55.325490220771457 70.465018133216986 50.722105394921954 4.9225185213578673 42.192909769292633 29.033359196844714 51.897589716503433
48.939617685646375 6.8490841144045609 81.530947619323811 4.9634614829328498 48.377180498252557 8.3880575476111012 74.502906941861511 26.145202185207186 86.360013721332763 56.347638750345624
84.522485867826632 71.888311451786763 63.742648871264024 90.033875334623502 94.516913539931011 46.530146842569117 15.537527349413022 75.787785914323621 74.15744690363212 46.900144187658753
84.042699128233536 39.879984883746403 61.133904740042794 17.227581138155443 80.391772185255817 9.5723559492103689 76.041432101861716 34.730706872450455 78.818314689137893 26.45995508318223
25.546163314520353 25.5951105155801 70.389402510245276 85.431720874466663 68.631966819269593 21.675409570494374 86.011278820440779 23.175266270267841 29.022088769965276 48.429941651086651
16.865306092256329 60.903070985758283 20.942661302803963 49.088917609928608 56.781022177570676 31.527097144340171 85.815927214731261 18.213075538025318 56.940146741933283 96.963169032397602
96.941352835236898 16.368442330945037 64.090971191935651 43.930433261870583 31.707202998495454 14.547204107817519 47.787158931499654 4.3972087841832446 29.501385311758948 22.112429426022082
58.118293571962866 9.089416612649293 32.995371861181113 94.179737179484547 67.93105413745586 95.274527829949719 73.092115755182562 5.6317706897571504 63.395078191315676 2.025475004806903
57.394769338581995 12.149786693000507 97.614022296545997 82.37114427449167 25.112443063402075 67.950979973519239 53.467485116173052 72.443057713588132 32.987689354578933 55.745999938517713
91.04472321322001 70.297883119346707 60.475836685502024 36.891665431200181 27.22838944901963 54.297024883150293 89.98668037967947 81.2921661421545 75.962334158746458 74.016571534432245
