1.5190098264677356 32.739389886614063 71.967194733503803 6.7857491480167109 63.726728485763964 13.83884584061064 50.104258038986217 69.856630864560799 72.933839051736555 1.0371288482590499 41.944321962452769 92.797400949043507 47.458981436456966 14.679663390647086 99.784914861479479 75.609357217123048 58.152944997938739 44.598560155898092 32.933703923366757 33.469545560160292 43.187534262519428 27.515644923966935 36.901553047731817 62.49291161407988 53.169476015898667 71.448639028496984 92.207150274974012 32.402206306866667 24.55536639818531 65.271275710357372
45.483158668514704 73.413969261013136 49.161091113008013 97.844797243407029 41.701026203541993 85.982831192927875 92.848705416994719 95.209607125570713 4.6750137137197925 96.230328420974047 94.365467164920389 23.651337147159985 58.75883861959057 44.092638289854108 32.098968222973618 44.398527965499085 59.782649917730588 77.025629802697239 5.2914513502366445 12.041691415479267 48.08943199089741 90.062607505114485 96.839351533051143 66.119056966571193 55.776631082716492 26.159221506716531 89.42260401489149 40.505316673274066 21.146113640845346 86.025210130979133
7.2502330742473404 72.293295081186287 12.662014716889331 68.214258282050224 75.520041690048103 61.099065184988753 98.234631636779852 91.404169056426539 98.007343663509985 24.530485583946099 96.580447258470713 41.027050052876895 2.7198438013715842 75.093780227106279 85.455633513770294 34.800389691019625 43.419765116690094 45.384083950013959 35.656810776665409 31.804604560290269 79.272004808338593 6.8604111504941434 25.600511900076402 38.26958038181764 53.423067758820643 74.403700586462577 85.762876155486396 15.4673936581405 38.879949224177942 66.181015752559631
35.269072774017467 45.985221000615354 87.669773341016878 76.690123382151484 59.327151515926467 78.38888042407487 85.664869012897569 27.86491135098041 80.436793722392451 93.181201169592654 67.587456765754368 82.621983077020886 35.889241728399107 46.572764379659191 66.121077613300045 12.917915646433917 92.563693601104987 39.127323252455994 31.150750331509872 13.429093757751051 5.2556582929962072 22.327123268754274 30.8957756038822 46.35549016664536 17.642268671268539 21.499138188472617 52.155022312968924 14.976202633285567 98.596141926604119 7.3050302310233777
85.659984383509141 54.054342280809045 18.83252777970295 87.867302353698022 18.405993617657597 44.988355972934855 73.572203370435332 68.523150070177962 66.879972573272639 78.333669407633181 77.589774828506165 44.318596475876497 97.229060261311531 59.422194198154664 32.489394084567927 24.020027717751564 27.358055656407316 94.460891534015275 20.195700066854688 49.507299993346237 74.126913291467105 16.490858744479048 33.154517044256067 30.35685130158738 94.672487491169377 46.180061179029657 80.440706940858092 27.871111058746482 35.53594859697202 99.563090411507474
35.039487269690298 21.020517676935832 64.248995274363423 64.054253944422527 37.955893053400281 65.191474002117573 85.997956692529485 84.232002171083764 82.399106078782552 67.015030376767697 42.611935283742326 5.3172054497329446 89.168018552571965 94.998119573842359 99.467767355946975 79.385697849254441 57.557945337361218 51.362720795305343 71.758263825676281 78.583394977456166 50.247589041950512 75.26889340256831 89.422426572524031 86.412387442894882 5.2706458865846599 74.49901542282845 70.926502440768516 43.749554383156635 45.36078165970774 45.273607271296328
34.219069983811195 42.657097164454413 82.518378646503976 2.372150054653503 89.294873563189341 98.690227037516493 4.4265419136698112 59.141480306265237 26.339190932922161 53.29915124103151 72.841174841572041 67.286602455137071 53.041732952494066 19.038608366897613 37.949296565276342 18.26451233610355 44.789546611515192 18.756777247387149 41.293595214857035 46.716190426042097 11.273590090265476 59.167314072668439 58.415692244820121 66.587242152104523 72.472057075815698 6.2349745374013503 101.28494020565235 75.482606038329536 19.50703186894054 75.000980130065869
19.155610289992097 92.430396893912999 43.757069699421649 45.361738486330161 65.608978616887882 4.3723529612075556 47.634169799621155 75.821285100059455 87.1501399910385 47.226708825189974 63.585720425938959 95.606005366022757 91.277414573651797 9.6464598689223227 31.195761642291625 37.874595787103111 59.13609082520658 12.964526815286641 6.9427893233801976 48.398869508055988 61.116230149168366 42.474126253910413 19.799754613167835 74.726373559387483 23.313291101147655 55.729509763755807 23.700410575998966 12.598242923645335 27.697260981584812 37.868612504140415
88.044864968982026 91.913930812086306 60.046644126380265 63.47888973415337 41.933190015412023 25.238133020231466 93.316763814895623 79.602358271328328 74.475708188341514 66.175727895732223 65.847556492970156 96.12275866852886 48.948096566887884 87.59161414701812 18.531160181572382 59.158756455171286 23.05923676556927 86.73051817687616 19.065296807063643 38.109411596287465 44.269813943369677 31.405795942650226 96.67502272673876 2.7973902537295978 99.704035392874957 90.593606981237215 6.2965688005702081 96.552592252613238 8.6076399188895927 47.131989991805696
86.290558086589073 38.092828192329549 12.528513749146889 86.16084228597208 88.820685276296956 48.024720712725411 46.140648033013548 46.453796887273171 64.558232144580273 13.80152159468202 77.266396683087194 77.076322353404592 23.098165133612962 32.607983933563496 91.841416721596644 93.097836682065974 12.364221233615103 13.972867743079599 97.337310457823961 36.011712692688803 59.16966331759766 60.212018835704157 96.027626236215752 42.107317582162629 11.497394115533066 11.740692968487547 63.086353772466914 94.506355030968336 31.953281585949245 22.480830524387233
30.858417739706859 63.962779233848963 64.377795674062298 65.22303357260796 32.022669783117223 79.621000294011949 18.048116732974005 78.663047049258836 1.5857099932493388 17.414423590584875 90.146027264770936 81.164827412952746 29.348305044347942 100.21238222339362 101.23124516725343 63.285591517176435 2.4475558443411636 24.235913270179193 75.645285381817374 10.558529570206902 93.78190265316222 32.19869404381469 96.11134654759104 46.573630769525117 13.160268750222219 81.097457378331583 41.013882276592135 39.579473748839618 21.618599561559176 37.33842867195834
6.3022190705989383 2.5841223323750926 17.484154990501125 37.456950423654327 19.672905108207885 27.714218055114234 64.205098521038437 20.249899719165366 42.850804518856741 37.293663005381539 11.331922319177057 24.688900804736992 42.63336029815823 87.332363869557668 15.868183139814837 5.3509755745157159 29.185109806425864 61.268798784499729 90.659876006440243 61.327856628415837 49.964727833822124 36.529329891001964 18.998010516530776 35.484728961218408 88.932011581146838 57.94448856436847 32.273918785925481 17.546079426346942 12.367458206150989 17.189063302252116
95.417573058431415 101.18928720752341 97.627117567324021 81.071454647562135 35.807199489364749 50.609611718912781 75.345848185940696 64.125667824941885 99.105680070557057 43.444181942796611 58.37764010750152 34.192630673480537 82.234823359112184 90.746949654375356 83.834262265981224 29.348233149849424 76.59845612359635 29.008591181060513 80.781166549783237 85.796814923549931 8.9841837572335539 48.049489358129705 85.470651350885106 86.220194666814109 77.942812510504368 51.656345013131961 31.614185591330635 69.500043939500671 9.4183907903498696 76.07552652279719
56.521955920146134 20.760400899480825 97.497916802662104 34.930198345536567 2.0071043229116921 84.030212022851273 72.666719313372198 66.370772956573845 66.64553794373434 34.665807182057748 55.321022049752962 16.609950334530868 53.863756115491547 22.072727071085186 41.458635154906645 57.349518349569458 78.619580455898841 89.153956988960104 84.398245339093037 1.6647758489712055 62.342860892437642 57.095866236740967 20.084798799007203 13.234484207961327 38.757958948089851 34.486455884367018 68.756382701649059 17.282780819451816 5.431340346198037 83.326039539927024
12.633148258766941 54.664653211378671 84.772825909812624 48.187514604575057 70.309652182380162 88.524556647036448 20.480459209154489 86.004043778123219 78.609307030300172 18.11308816787092 4.4100664545820232 52.362911440433763 36.283308635098251 70.987772424438376 24.820356163808619 7.2949514510656446 63.054722314723442 87.125233218948409 24.174858162246888 97.724437202289423 80.400435882958448 21.175365610637833 84.663973880520615 17.669511246221223 70.292621465775028 29.533224549155037 76.058115436430199 86.027315103256214 91.850554909775042 58.483561252588565
97.860790610525598 38.473758154834591 79.471546325921381 34.331590388030072 87.428314740682012 66.14511524548422 58.843470895130466 91.458743866448913 17.329114177346568 37.982903635112947 94.929937470704886 87.69688839033698 34.556134682387615 58.322447233786271 37.738947872182358 78.177515450365732 76.647389482310999 79.378470690181558 4.174999573226688 80.653717066470492 32.628238005365858 70.283888864160602 43.857951432988152 71.595475400379883 34.457146572489712 49.233275201054106 2.725707912820269 54.121505889645768 3.2257126769063817 88.906241887168932
8.286916760981093 93.414740267542129 6.9066119621490731 89.615103049632822 42.300949909470006 20.681631941631917 63.579197940333138 70.128383911767671 78.423983369608109 36.99807435695034 35.194908046412785 28.574279425141839 78.294864706593714 23.384238794858042 43.30477715513927 20.985078168711244 25.093287158740388 5.2016250334456764 95.431768988212653 22.469995055925935 74.302948881373382 49.278764194802569 22.770583014627455 94.45215739260756 29.416296490168897 53.390529147431906 68.821105817555846 45.266888803164989 63.451098269009755 47.446700193851584
75.131775310471355 90.176296020944861 35.813273609166664 97.314897647872613 9.1632698492955669 79.559661906706708 47.477290577743339 51.423264034671256 12.634210806393579 17.682641870588228 66.808872264597184 1.3245686354088917 63.170947205636772 6.6664916102908922 63.212825593650031 79.300146238152124 96.799481952374435 58.980186922148171 51.937462680610452 38.222294338151976 76.671911888448051 15.030228404652727 8.0075604715971114 65.841303201200731 35.797510050865533 79.895208460345884 34.042821689527706 8.6456484510022129 2.9611810857637231 22.525044094152296
75.125426209772698 48.030026862058257 84.558639690691834 21.739362134302102 55.321688038577491 28.180333476155845 89.234881170267641 45.470814722553598 69.287664359709183 70.60562004404143 52.788469912978115 69.885105417163956 5.8926400202804725 15.373034390606016 40.461900480611938 7.2630316690797763 67.973715451540414 25.49994029403258 21.640965624833171 59.662873406261014 62.760269000390593 91.480888883559402 65.20549113264066 62.215368598293622 51.028540181773685 23.917349416834657 30.693145365443804 3.2507332461294265 77.755093567318653 99.145207034599878
60.234020735705307 57.757813082804006 11.569430555071657 38.838725734943218 85.144422891850169 8.4529437135888585 49.776780037825446 33.234470256674619 98.399458833821924 19.281671094151093 50.014753885626305 93.770453532161099 40.629112645341998 34.770390471493158 49.528370394599925 47.343289117191446 74.018451043329648 61.459343958464494 76.042739005646666 49.134725602178136 38.318868384521181 23.711522639220849 44.283335255885092 99.481825520223438 71.769005224960836 87.515890249990946 81.113475157589804 49.07237365214138 58.251807184974155 99.480986849809014
78.211739216289033 68.849661478043643 30.281704314501173 87.892676687392765 71.832958330871662 46.769400079554302 34.997186421181937 88.119305420267537 60.07242101270797 32.21971235975645 92.242670648137221 17.782440740429998 66.070731355262808 69.5256378190671 57.921733866374154 31.961326739443344 88.871505150533622 54.984815173899314 34.582732439788941 8.9124277304137216 14.891946951304062 64.948698001848655 71.410521323814521 40.065389613894531 56.834943534681017 3.4308714070095001 3.2906348066430247 36.297128640282587 54.047168707329149 96.539896585092166
38.4172561414832 75.231886511375109 83.111185966462187 85.98964357610555 37.118725035250435 102.51925998678983 40.993659633315531 98.548427067580874 4.1138292101221268 22.751885650380096 20.505289755494204 32.579010253766704 57.22717231269219 86.899571547404875 23.108468299473781 57.123716628844363 50.136978425671828 51.702209833914715 99.049981386642074 68.166198985347989 65.921057213754111 38.342521305403643 58.430571549718501 13.902855122669511 10.354844289563818 61.222310419485815 101.14161314792302 63.795027379048406 41.084914133828882 72.059027116549473
11.731157076000645 96.170025529452246 12.923531149054494 63.301657130004401 22.87116572751896 42.759769188112188 78.143982519930972 24.125063247649223 41.980836524402427 83.636214597360492 66.774429762500475 84.021770163497408 66.247479190939643 54.941523572098554 25.870029005767677 41.795796263455422 4.926573578622226 86.506550739393475 79.295438921204408 15.611964158107741 95.558663076960016 89.322021828005333 11.92555069492904 77.437617052835762 96.689349779834998 74.913938074544376 68.86487333874517 4.4732741295641993 97.907715732164448 17.153263298072037
90.932153423242397 76.213269412119899 6.3446378052698194 94.522525973823505 14.45512724986628 36.882725412167197 25.4998746281588 0.74259228310421532 49.698306670663683 26.724428383165517 25.501587380414133 94.090997909232257 65.57877131946951 38.73642259851291 74.072958891730437 91.386404978361909 81.572430246216854 27.003309986466558 67.781358762395911 97.307283881136001 84.02175662272262 46.440288685108406 18.71956244210299 5.6376844104992099 73.00619684244532 88.31163769662308 71.469252321326366 64.516791687226302 45.500339285568799 39.099844387147215
57.15013170948793 94.872424036600023 78.362884783181386 41.32875972367674 18.769338026657152 62.44537972925562 44.707571410883837 91.799975103440588 68.607877788921485 65.496420693543485 93.69697599150004 40.992252105635387 73.023397970005576 18.91559108253724 44.582135176744885 98.877091822339978 60.457357545531636 4.304933597744574 39.705407807477116 79.442577492592534 64.939668533665142 56.940296015526393 57.350392258209823 40.572419413086159 88.027667021970274 84.580641418558812 68.735215149351774 53.988458782834201 62.656889509953288 82.937088009984066
9.2407689854239123 2.4869241774175559 14.513017337670977 89.093194613572919 13.7555942944236 80.589649823687111 29.599767974016338 77.157674429625757 75.59309862414193 29.652247710516924 82.193473124088015 93.740012513635776 7.8544784453557908 4.324893029427705 91.142907484579496 14.999709259447025 15.623573169717137 78.089738709466815 9.9151669836457685 70.983764091618411 74.847429808193624 39.427638821880329 40.795026288576587 45.764622061733533 24.369045436480043 69.841009858317889 24.528076730651335 6.6117037107501027 33.278986074378061 20.288495712712809
24.524092027399664 6.7365391587240913 36.730492515756474 97.610957103513854 49.607596427381402 62.123978039141072 16.218905915549588 34.271051310271282 87.517150632955321 22.547902140816991 8.2070278173467806 88.964945400851448 55.747727308799199 94.343369416628178 90.811495054717611 91.046708426335414 19.269558964727207 61.018471022383224 16.585746645361397 20.265443117863576 19.699129078634016 83.096640785489157 78.811011936779749 69.032245960695136 82.015411817769959 29.181007253759208 93.241809165144744 67.930880038364023 58.86006437267374 65.32750367617696
37.620098011177944 50.009151863821685 53.115853356725403 98.868914675774306 70.630980489995352 51.913931091553536 99.247343659224882 76.247930663757543 32.974536284860505 55.800902297897359 19.443611039513929 12.401693025600268 19.569702024114804 0.84126498414420658 28.984597680466379 50.155476248009393 76.212266712443935 8.573910590016137 98.05613068768244 13.702841394923794 5.7428982666699717 93.171621066459906 53.244272553347855 18.748211659651812 95.605498593600956 36.646481715362675 69.170492612824845 25.350941690735169 72.999299470623299 85.882032994462961
79.19490382832501 100.44590187089332 102.2356895885523 48.083054142722695 50.911857771438328 42.309477422362427 26.497357976722636 67.11230340595894 11.271201099753233 46.781208060158434 69.443778139624968 52.163081880421565 48.244660965875831 64.751076638050634 34.536690998116406 80.94446001381435 25.354193732761885 9.1637417979278073 67.103019392901359 91.388201103771607 34.946679542709731 10.522573933723901 19.704120057493103 74.768084614033114 34.334343838713529 46.114071071558868 35.611177077070543 93.233450563813562 60.565540123415119 67.459844775581573
44.743759705212909 25.992573732438228 5.1154218410435659 50.83255975563916 18.409235115271457 32.451550292170197 41.531123804661476 86.617952438202209 68.106145338224024 25.973940792819153 9.5449880704334884 36.189303067221154 55.167630271399098 28.136163147678829 58.829904138441343 0.52383060687029759 73.484218908264808 27.20117759204205 57.998772949629831 31.16949045524651 53.289560102376456 32.891799425754783 85.556000248857757 83.607603582108098 31.614011361301607 20.887277609010415 36.488422914133736 38.75026140134721 53.585506199158907 61.610595817395314
42.205927236833986 73.652605900938141 3.847467845748024 43.15822035180102 92.461792399651017 11.24496296788497 96.737153745980564 76.113820683300304 29.309663557798149 62.758497112502631 29.285726710998588 81.024341110782117 11.629432853342069 33.322848281125466 12.171602775618693 11.191771701577807 1.253430010845328 14.936502100986244 62.666707600070687 18.134641348292519 44.615271490407054 59.745445338028865 60.250573085243907 23.20418743813633 10.932148300111164 86.198350260512115 10.242079413049092 40.81341014751029 68.131856999615167 7.5886939440474261
64.92857626050386 4.442039002038884 2.9733568036690077 68.303238844671341 68.519526725917942 59.882603475194209 84.736985738603167 42.373941254290429 17.287894941082843 53.864084934077269 79.464104162984114 99.8276157664192 65.326081544962435 73.104524783427323 18.565947714004039 98.509500184553758 64.391341578558297 3.9394560733422397 87.408473927951846 72.884771197302015 44.60348868779721 16.652982255620017 43.667240732600895 86.485376025827605 29.24009724209996 7.2986432744244922 21.137736825416802 71.943047926993856 59.664309635910172 22.946582268490591
75.735794380408038 45.32530301496891 33.449552152703319 37.644157231257822 76.144257703712029 50.17400248319386 14.484473971019113 97.953112362778867 89.451922623784128 42.200355186290196 75.926814000788838 86.306033976739315 97.498241076634784 97.106412627651508 71.859560670018965 38.458974892155723 44.033464746759336 30.799659092350169 23.715996717913185 61.681814151969704 38.221081494094477 29.840685923880727 99.435879396777722 12.298243097828207 81.066737579022913 64.353092612890549 33.960707116739549 4.9234703871061711 45.966051550370743 24.610923297628794
73.456311841095456 48.012499990154886 79.298752017003153 46.014463001211297 61.327713440659323 13.981157470270848 48.8648298517491 84.818587785878719 100.0376754190528 12.157513814306864 70.495638834814386 70.88166868798001 76.879965056686189 39.78319243794688 24.789387200902972 19.966502088746452 19.820005688662597 20.528493214011696 51.310001680731908 61.841763199624282 71.807701816205153 95.552607139915494 24.546600402028211 40.960982730594218 95.31763054564972 74.25690014264768 64.376062310102739 11.541818273487106 87.498393190706111 85.836002217120651
35.727846827105601 64.59112560718458 17.418085656610408 89.914070798387996 42.263943088175367 94.712219820828494 92.734926769817875 27.821194555285832 86.692559634739823 9.659305368507324 22.010851860510677 93.787072251198367 77.553213393547722 75.305794536080683 48.681381679047874 28.678784157755931 81.528989822180378 52.466985282417291 60.026866461207838 9.6038104259552242 23.948202365168587 0.36659210595780817 35.643196897132043 55.945543772193183 79.035636531112431 93.974172141859043 37.413449785958584 17.413798684701334 98.549432715488294 20.226057047091754
71.717441024734782 55.604051216337183 18.215881565221608 88.788425579438197 47.725491889667246 3.0112141971005579 74.458644131470066 52.672844377808111 10.410324029840504 56.600608749254903 1.0900135588773829 95.654844524148189 22.908794633370462 35.410838990095158 8.2338605926939241 48.482491921190693 25.928331133095444 63.949179825422306 40.276205156769215 28.262805223327263 36.257907966269237 40.091649474512309 47.386709873492023 43.147921917877326 92.18795079557556 61.449694414164405 66.040201759807587 88.918906680576654 71.430445048565858 56.147503422309541
57.956120059279769 48.364225084585946 7.2133823067432319 99.623442874413954 75.612392764414921 55.541863947504332 49.382512652248025 19.145725803398967 80.189017713527718 66.564185172577538 66.119115747245985 13.21247197256559 82.828583936036736 43.259024988814268 27.768533842985715 20.971732396062816 10.433380333346577 100.19389121800144 82.046171307035777 37.593796403371357 63.426861052588833 60.602776696220999 15.578887700880143 21.779957358549254 94.901481438825428 41.959086939052639 38.738852395862395 40.109226199953127 57.4290455111502 92.12888050501229
59.335070407793587 38.800113665840598 19.094438667625329 33.378484416334636 34.636954661041351 66.217397133132394 25.375087436908888 11.141336625258832 73.560998083269936 38.249910590350218 91.663340918268062 14.582394658413358 86.663771125938936 16.599012205939058 81.042417873236616 4.8461339514915469 26.884422854842949 79.735105357569054 41.959186768694821 92.157569728428726 74.646119596078051 38.736162226980987 36.042315404943579 36.854803736406289 22.737690295118011 67.970350195585539 70.584297335777933 89.44090679428669 70.97143596691933 93.183521347420225
8.700962446507571 89.672470000800558 41.679171125207354 12.589554095773039 4.4448445395364695 81.705499572933022 27.773177896179245 42.773056760751956 96.665110352490231 24.449875806823968 78.46932129852361 84.44431439084812 94.480279072112964 34.403513043360221 43.376968517346263 90.358629454820672 14.218401122160801 78.355542989524196 72.070388165625943 78.508398844319515 23.473076004481289 26.505089476509035 16.376915447784775 55.904778067970526 24.921258118736539 37.560710073824886 41.923035800772745 95.315128008422448 7.7263484343827216 29.042869333006177
44.536005457870893 73.349525651448346 65.410458017633928 38.359635933356671 42.04959850221794 93.564808043240305 13.379887069592058 37.865462363717107 55.584298309217175 44.112709247978479 41.89427710982909 64.722691691543076 46.493442322641251 63.333935530930219 65.980154610854996 94.606590598353435 58.016728331734917 85.910034351891227 14.146352022383802 55.862386559584657 95.192981819987196 54.584940721105845 8.0059691812693767 41.343115540674226 82.208439579625448 84.796323908105151 65.217159691182999 17.759325352037322 90.289447197612461 8.9026449612092442
91.621189846435627 32.969314000500013 77.289667620536036 44.358071406219835 93.298150750427041 1.0637517140832113 40.24848908972686 45.287594350451741 58.056480289904876 22.152294456667857 58.055857529937803 21.023715715799224 40.370105345523775 98.975225415314924 66.645822737378765 49.874662333056563 95.881083509676884 6.1387903421281038 20.450844689430184 25.115813858108424 47.538388441777919 43.810152306402671 67.157050542285134 52.916580063336447 40.967084083319371 53.255021651111022 85.04134458772397 58.04167129423648 54.829860439550735 20.9150708772097
39.887213338704981 76.336064582979404 35.050511368453158 2.5787854459324548 74.962478565779548 99.881034714597661 50.983416410891131 71.994730942051049 36.937604491317842 39.9741260467584 63.243133908473666 24.713170179575648 73.113311100046943 25.897098905833889 59.683603196233094 50.105050975579253 63.709637344501274 41.001142064555992 70.476890882256356 5.3753034547632259 20.85447989737354 26.878145410156602 82.885236936415978 98.748912934217913 61.555497208157746 21.021858337088027 87.611379324431454 94.182771338829781 15.167216416704067 25.356400019552105
17.328515138049173 22.959400045254874 81.394202225796036 53.953848332201602 65.153522076029986 80.334320728098177 81.921980926970548 1.2407817093099214 94.461168165887472 19.277038668649165 18.975624460464275 60.54922830007574 83.995443418099498 10.193922014155406 40.58491151702448 21.02038748052318 39.459573063790017 82.842178185915174 54.473401052184833 96.761748760717524 62.953635020293234 15.684141202542712 18.088572486539174 90.833305757911972 5.1518466338247499 17.443708636691511 10.740082632858202 42.88927606894454 48.058866440940797 68.081906989664645
80.584321834891909 83.334217350643499 12.569941615678534 11.184609374479706 3.5955996521358764 34.188198267632984 41.278583383617146 99.780137024762965 63.89048258528112 66.132723729767704 26.4818121064087 3.627236163316848 98.243774576872212 82.414996450577149 55.95670958605556 96.77053421089002 97.188937925596079 61.83954491687085 10.496422811095432 41.029668771415949 17.525914931989792 88.454886955963659 1.9905848746366237 32.615118926271158 5.3709341545828835 94.132798086886083 35.539730424862086 83.109383457182474 35.445025253676597 85.585908132407738
12.737363798882971 69.766183877942893 50.546690316965851 28.158736328649727 56.089088979310617 11.997720669906048 35.507538697571988 53.325976474143488 21.492082882441572 46.357008173803095 5.5634941972535792 71.849920275476961 75.008131296877707 27.94413103818647 38.424792555514657 61.836088339921133 43.173695839057565 43.245905599384777 52.284659038313684 41.00996405985439 57.367919248549512 86.794941239064528 8.5272652269451985 41.974978565739548 76.544121356337698 49.006631555077689 92.536374414573061 41.69159096698025 96.053003618116023 96.394824746433898
17.239399444478558 6.3496934633409374 46.511994043909368 34.966088623326741 71.218510254700874 94.42700962793252 53.201419900675731 98.92096511831042 50.35526502283264 75.953331316361314 70.520925073780006 40.692745607673913 99.143165418766685 13.168079619090706 53.682063365339147 97.861383729786965 82.685631167347907 88.202428874051947 5.3723276801931084 65.817316676291171 28.42761163069337 80.423407871572252 47.626460305465329 16.244187411853233 26.149977919465261 83.405008379124624 69.967632617553306 30.447252411429094 90.987701776167768 96.255213596092887
64.029732067385893 91.163970634070921 68.424932025640942 8.8845988172164638 40.992598108923225 28.461944580600001 22.26967070900961 16.42623680421212 96.448229024853788 99.789193377823892 87.577564373488698 18.417811957198545 32.935890558406285 74.946346268678795 72.283928072593781 72.813514658329652 98.296246017963469 76.267283749015846 82.626333267523449 92.16577932786376 11.721905941207115 16.28576023419744 90.965002636368069 74.082521491366776 92.707002961575398 74.128424425998034 10.644847381894044 26.69396651964659 74.453386420591002 49.578876142675369
79.164639682682633 21.413980085171865 58.603267170040361 8.0348029387788102 96.698362965676338 9.0391818280520493 62.672242878628005 49.46702832781569 17.447703253715058 97.340155767592179 59.498353673496617 51.862478129380754 26.155205155025158 26.970055520845953 0.63633198621266152 6.5367491370324089 13.341051515977636 76.923720206477114 48.319179524882856 62.624490014631739 10.761007794406423 37.504041634136662 12.021039040585928 59.310525877163521 0.3819386902493549 89.230001981797187 45.560753772127569 36.483917937326034 93.793489157279907 2.8797944647926554
38.992713486656946 91.194667638289317 7.1477287296503675 22.700149538868285 51.850993756838172 82.391289580371762 84.272298517509654 81.215754126635488 101.5450306481725 21.850221004647295 77.296766324472003 58.614646970999821 90.450081850626532 50.025305997018712 42.38005193811307 4.0497936257827236 91.763984493792364 93.643842066858085 42.928186142759067 27.926928892874475 58.320857068345383 17.568014295447284 19.739032446834475 17.095037359530824 84.273261497240625 52.964920740204469 59.813486545397737 12.522616947031286 62.580410244309853 17.964231230506968
51.134432029607105 80.366441346334852 46.994168965057014 83.206254204526758 73.240209003472486 28.39759109027311 54.313100391898125 85.012475080169352 48.286796967240122 30.915425808940622 72.213166629373617 35.601035199480421 55.189144087651862 96.38805053044193 99.334826335302978 58.286047098372947 27.059082500594329 82.880772455671234 61.606144338220531 51.230253802771713 4.9009983869406319 12.502249937233865 59.300429687497136 59.927701538707552 67.936755031321908 73.344426762096973 63.651356436303033 51.481258954351759 46.219023323694472 62.262272522862062
41.85329890449389 75.006583909726814 62.259482257902363 7.6114074149395812 7.0150858704017374 76.903937824899685 88.714307097431004 56.625573948942744 5.5959894827233381 77.367648260219482 68.994946894493353 36.821782959505896 61.393061644082998 90.330509007016914 57.822517990310715 29.717556777383603 27.026319453771556 92.789645674096775 22.069093295667951 29.300288546213697 58.135817438264681 75.500050798510685 32.914682180187881 56.925493531791027 19.083478178638039 96.22148373602721 55.472505620158294 76.972369818284761 99.464859723930033 48.581320379896638
13.288252180052897 56.866386027955038 49.423238877741944 55.898215025769822 15.994835007928074 22.275714664302118 55.713771948805984 32.45910321490301 18.057385618745986 41.20005815117679 42.17720562024094 99.975595675188913 46.154529316546459 36.927848381279233 75.789726148268457 5.1566755500058399 16.010026690025072 72.805083672676588 60.841820378241657 74.65908208419485 91.241967998104968 15.28284147292103 83.20360110565602 28.590181419487546 26.498664806402132 77.685760729794481 22.698934341721642 54.299246889591416 50.047995470155755 30.008750623621104
82.220567933955039 6.6078512091644592 29.704118334238558 52.382328176257381 81.02994236383087 25.426714957446652 87.740378477131472 38.57065576549742 7.1625757655697058 97.042799615026894 78.928321179428664 78.503536676667068 10.872932122654838 70.860512716016217 87.184740127326393 68.288180917752271 49.649199375785692 86.523917989564325 51.213027557269776 13.998104291030961 91.407902724111679 38.048926946988168 1.6960483810266007 70.572186499598899 18.466523556988335 62.834598876870253 57.087737426062851 68.016527685089116 48.368524745098753 93.181409149808388
80.193153450898421 11.43299396259896 34.521853951172815 80.768716871400471 85.940401981917518 33.838081297346704 70.072750151901417 31.649229630657519 95.414206355257704 31.479774641420107 84.14951098150091 8.1209029756101039 30.043168176885406 16.257413420791863 21.289674491639751 74.292104817608632 72.265443683982355 86.025300316577372 91.138645780894464 40.223782223343143 29.916875287423121 19.95427638774272 39.238026687005124 99.640329720462589 74.95383289812213 98.068363974476455 40.722655955736947 52.613423949340444 13.084576445130004 17.480410888880982
10.689379252021903 91.626402519825646 43.340778806240181 71.690716005612344 12.488007836522993 70.714408735034922 69.572345980469805 40.310418841811078 38.788846967642861 48.335754676771401 15.618960437890319 35.670430149702291 4.7325289429695498 56.857235487647884 75.556141103768041 53.117571959108496 46.151002446400518 67.407030549646848 5.0605666168394698 59.504292993403759 32.89135454636439 48.81714512203537 10.521824819219422 23.893815106221471 13.298195874949664 64.417347403039798 93.83255826421788 99.780240225620872 69.730006002801133 81.848121224313843
22.465776095423873 69.852697467642656 74.981670876405531 39.818491172898717 81.451216870114663 23.679972655895646 4.7939592510923532 39.596612852171269 45.970553887589645 43.914813299935247 62.349279390108194 64.158895824698263 45.31965422132928 7.815046488907389 32.131726102526578 30.310854574989282 34.427471082674401 65.788857232955479 70.634262469478898 100.13307820656624 26.047556138875041 25.883132609957148 58.832370881712635 7.8305419425303553 65.146289968599888 99.007996852591077 3.408867596911223 23.163861646553144 87.085929272814667 18.853915345016247
3.5373712268158313 51.874202758631569 20.478631522616524 25.181928118247104 49.570729659499079 67.636877545426074 96.4858248063681 48.858044254924039 94.78750895801781 31.295193702521278 73.263052392032222 52.17186002639577 38.859210630234088 85.810242154379921 90.959158446156735 9.1533508385210496 70.922617586878147 7.9713356084511995 85.963187202174822 64.85252587963376 14.242609265872634 76.373891816377864 92.706974097666318 37.518665600561043 57.04193761819711 91.915056961471251 24.749329380025113 63.135753005767505 87.80855699585166 68.504355172024802
10.513920408420141 81.036807083654949 38.641592196715891 70.984286330266244 71.438353612525688 19.370423417600566 49.178488479699425 49.694066218586777 53.836763545334215 11.645583384719949 63.907730550694801 21.974479188000181 50.650528906708125 80.068932266634135 98.870454310416008 41.335118807670632 49.454063001568365 63.121453339702128 12.107486175010463 23.605060632269446 34.866126687705858 82.262544900439067 62.946881044223034 17.175447751202068 86.931782961783796 81.362530822664013 22.037055648416043 41.652089381748937 88.977734752209287 19.629215903220089
80.731875735209243 11.350182104178433 40.716165924937172 35.7217034471132 71.902645329991103 78.612090241332325 61.513362993848212 29.875943326758655 23.898777514294618 54.643878613215008 79.250034496969064 76.176935478345072 55.433058651443297 25.608738297430389 36.932896520725293 49.946812512892983 88.5384599304776 40.684652827523131 66.54349690269656 44.539638921737399 88.746378370409985 36.250862375818244 13.174689979995689 75.524553158509633 96.920893378593561 11.47891441874957 78.71328698026096 68.525747881320129 41.348710553295582 85.693473657722933
51.68444708198696 22.916987119885814 29.466957588503512 83.650837165103624 59.509368197189744 72.45693897432308 93.067132166660542 39.797558734858612 54.367458046227327 38.823809773202164 67.568948216793331 26.932139545359707 75.071157701607845 19.210727331425023 83.546105278616068 38.959319276707603 74.360783519375062 89.396014375012456 56.607668899291049 96.495928244797483 85.554137503400653 43.594628188300184 78.081758011168731 38.02745684688189 67.633184980155903 88.038773881370446 34.180201439461229 97.337340783738341 20.517503799107523 56.389115384218421
34.554158001791023 38.482485640218819 78.242799131646407 73.283403823149797 42.893769121879572 60.179120219655893 12.702299963094108 11.347587160428477 50.203337933006843 58.603945405250201 87.176464147713816 41.476111000743245 83.341661931564289 15.968371559393047 64.707231303131195 74.728448024306331 8.999330928623051 95.381199261092689 38.050141531146146 16.439807440477672 13.780607382646028 29.166155359020681 16.816478471305004 66.77655010119426 41.591063398519502 9.7092285989777682 11.141058545810024 68.993452605622025 97.199621513104276 30.286230581740551
86.990217395427479 26.735095329943046 81.123074415951379 31.019963813527895 90.558841947548061 54.728340873228682 54.618890427882789 81.083257798072296 94.893641056415277 26.684267346343166 34.629530466892142 95.110065120975023 29.613599474096681 13.57794088042537 77.559014192469235 11.654349939337799 25.35358709667749 85.005765926562219 83.529542992285783 14.329517324252878 16.750498280653222 99.598895931833852 71.328774844257168 67.670516047391104 38.083341053459904 75.611766220908422 67.407354878398138 23.60708862904221 70.922003344239158 9.1260435550024184
68.311770188877574 23.031864260585564 85.30710218706507 49.716775264144182 10.07971995781652 19.839596013553656 60.720322206977642 80.749353838172354 88.836091916303019 9.87773096103329 65.941491379307521 32.408081405423566 99.616925197240718 28.541755180629686 52.559761043934024 71.464901395651992 91.265462938056217 78.089259420697218 22.749384006544318 46.170097320332367 100.0082655843721 95.465261135508541 92.423025763442595 24.82976400671421 25.282672719609288 6.4762104452054778 12.606254915048469 47.738758957248486 19.201150378207064 77.455589138770364
33.727610550678762 75.585220027102849 19.938160106504597 57.658410007527152 80.085119295766845 32.963439225959931 53.021799364892999 48.093411416343109 83.596177329189075 92.858794988767045 11.020809494222627 56.033341483307403 81.927101961900661 92.276018061891705 73.133128128371666 22.14184837086329 56.07468973341642 81.344331706487253 95.704669507223457 12.776826737657908 6.4766220596059547 57.151726407809747 95.090609733054336 86.452211776039093 11.158220467274599 3.4006643051663623 32.804044426337398 50.657304024045253 65.92340796447823 42.707860645220656
93.874583926329905 80.023184414684053 97.682032131368501 82.604346292042948 31.034732516600311 82.125249563508333 3.6025880408129467 59.965678931774974 1.6162812311203403 46.364055850894218 75.651901844203522 3.0363422491927969 12.316809276154233 37.013739714306936 61.158272232028018 94.359697830755181 81.636000757906615 55.887487861936293 97.647182069049222 18.158020386831403 32.590294120076393 54.343040870429299 63.984706051575444 97.870748222292036 72.617028578533223 32.43313015732334 43.896355714309642 5.3581148093481472 3.3510125875615731 18.237492283655381
91.876710557044632 82.33291539141868 67.592517564704679 63.719812292843642 88.149505424510423 17.238553445102529 77.26114149949224 3.42237964751875 92.477725500701965 1.8379385004816693 46.231857906630502 97.669391305570301 9.0947604917123339 38.495863755908346 17.945736104040659 94.776283828480217 45.472505351472698 85.683473755782501 51.750327982416287 26.722459234246109 42.289233834608218 59.287883518222607 39.047537544946238 48.725860525567015 89.317908461519764 22.655490476824372 59.524878667461806 32.27733348861176 97.518619825720222 17.867451210659752
7.4104284214855065 93.481765066017644 29.93595737093538 33.799303040422011 67.118125523970207 21.52881510064617 28.995571424845505 42.146468534790181 76.777635433584749 1.5373236359131615 78.926451702483021 14.226333333627821 31.812128053841626 38.974820302957255 83.825941105402791 39.848400142026449 14.122712351147687 24.491424868576821 85.907365812294714 27.509790148601617 18.291494060887732 9.2216338058586445 83.882164712195078 59.333778056969521 20.071271452695512 42.218988069680385 95.683128190615491 62.945139651027127 95.241352652360902 31.951811463349724
29.182017353146875 20.362481698284608 93.890684626432801 3.8880589445322027 10.366903640334741 34.970628418707676 40.54263250861321 12.617841243058058 36.717826964591005 60.07175665790605 50.168212606325469 86.855962027286381 16.946117929002511 63.545192550901511 2.7677688237480838 17.186918123925327 19.215437261862441 79.222631837603998 12.353042506777101 60.087694528117808 64.774011418545101 99.357765896186876 93.702944562250337 75.910237769584725 38.465456171605027 10.832486769508307 7.9939886768815116 14.44335290949927 88.928424478177604 85.173099074006004
61.028519411116314 5.3630575825192555 5.7801124696775137 19.149822149184267 70.108951893898464 32.490482912459868 40.340642407507168 24.355138351318239 14.775768206088948 7.6637497981218763 39.231617474672134 1.968952994626566 98.073621879746057 58.948116159381506 21.217593196105568 28.095288007614652 80.354352313707182 59.453629573944426 13.581233541171402 0.66305661627802315 51.414475958064571 52.908311267839821 36.63678934903789 86.665745095850554 68.924035327421109 67.305906556370431 89.94859601770068 97.646125942633475 14.938549401985435 61.815228023846103
41.652951036047284 13.142025617180222 71.628123957635509 19.411255798532594 87.484432011120859 23.976369670664983 6.7940687412104941 74.585602847971984 98.673354301216492 37.717334630679652 9.5701652679138025 96.539341490227471 53.150825780122723 19.58700480120185 59.197899778625072 76.705861535334634 73.461568831872228 61.169828507511909 37.847769389442242 44.597089603263463 3.1455570267032762 71.339995454043247 26.707757769990224 13.442013495924886 16.239864716605879 40.979627903777001 75.359563473473528 1.3334187589565931 24.723968679544843 22.749963944782415
16.100791292115058 66.359029676276791 73.158159619848092 87.600813282849245 44.351083519395154 84.514656487305658 13.51792663534467 8.5171942312791629 79.92023622062527 18.394504276473626 72.778247597546468 43.9224222898874 3.8887390635069812 40.432436678733481 93.854302947681447 76.58544385342455 36.169796057394791 56.224600188535682 98.127102102104971 99.432399308225285 37.277674846645965 95.712896896123581 52.066981699256424 75.736476406704412 29.459806126777774 50.369501778090452 93.213084500414155 72.630918525005072 90.638229758883725 29.352834814518808
37.19012056066309 10.915702379245383 70.791130951970345 43.941039354264262 20.004568921770922 65.202047140721888 6.8485592883867854 77.91125130037814 54.226782901601425 78.14911228617099 81.839551088796341 50.274378517365996 33.978309340049222 20.418087718544331 5.3973569997765161 47.198039398508037 61.982542734270446 19.557407005013985 49.490221157936141 75.054531424787001 63.596122428985062 92.764113822185564 27.524504716088522 26.689338087997026 88.396046958282597 68.335113759213129 19.253915488354487 63.830896881591634 56.689258773090849 56.812269751321047
27.224152980632702 62.530260407395069 16.540902694358433 67.55068392748197 64.15674490986413 17.860519196464942 66.590141071818095 51.75946341951343 51.71893511034699 2.9890434891378366 20.682487314742399 74.224705578477852 29.753287476649572 98.53175445188414 19.12597680437722 98.981878898857431 34.223818678036515 42.620408149817713 66.87130739461908 71.980760713301478 19.212906542705181 61.106494530116883 98.902208904670474 25.956519235911959 53.718564964947085 74.120762105422358 6.331416311227219 15.59226434939729 85.007470902119081 86.671592092850986
88.461861731058065 96.796569711349193 0.91904477080175162 39.494541632582489 80.942993485703681 88.547744708590145 68.492759367011999 58.804243447534006 7.2612829593035384 54.545312350204746 62.680711294404666 61.552437530163104 50.437777976235445 99.232019135087938 47.020553201318833 78.702589800651864 88.160174821118687 31.995221950082534 91.969072393630213 74.259970475550475 30.18385246839734 29.782683000985195 3.3078642901312549 47.626469942206491 0.76276396457336793 20.70503388995262 83.937148472788266 36.843634780282706 66.314462104267193 8.2667938599638671
49.078292307510225 81.757553603726009 38.336436977268178 70.641984246502076 42.341649736356743 52.82452835654442 13.340359634335581 22.201014494151011 26.22594364378326 30.615633714684837 63.287220270394485 28.718215562320644 59.69407684134331 4.0001125973491742 85.632607820209159 37.256625387071445 25.320186583293587 22.78964573357322 38.16294757372664 43.208170184888154 38.472413634570088 32.467016027605936 30.365618137329793 31.127124047036066 91.12449186753048 59.4019039102362 5.5008201171508215 84.363017092991896 20.575487588935264 35.208527978565236
42.579922385416296 99.340939694245193 50.698680147670466 60.661795913723083 61.569677352703643 52.471915726365737 60.250008299770052 96.886821690165533 11.619909317342653 53.478180829982655 13.639135822512216 35.879079985424326 53.424088716777838 29.707537795005059 49.017490018106301 78.371987122258844 56.354487315722878 54.701998861744755 5.6989757149220823 36.378185513419197 45.128844797036827 77.08820927831691 40.666854974178619 24.57717076518901 97.468039086720125 53.472075317351639 7.9973522828219679 25.072732656515804 52.661400738689267 13.228442910257057
25.011774234870323 52.51572754198213 8.7609517852425007 74.003222921306019 61.815227861634256 19.307005219001898 99.670811938934662 23.301851258658505 88.720259326985214 64.605248819245674 20.368573140853012 29.86663827561528 38.516316863281105 65.778751836999319 4.0157827862208135 21.87892904609788 18.183814920131962 35.77535194816749 85.491781801271117 8.9945506729560751 8.4682821290772132 88.332543799395154 100.25282144498864 14.181694814839272 30.167464224325307 93.731838215750585 45.192244816073242 23.766385368053534 75.16732524063174 61.800721354539078
5.7909688133971287 86.854708895704761 6.2340321057593844 14.591370954061727 89.90247778610069 99.715437882477801 71.345718938869652 67.699971573539287 85.542298582977409 35.522129270116324 8.8618389333495919 2.0136498730107357 57.43015354892421 9.8869098981290726 13.058549127204861 51.961354491288439 85.77619271568382 45.801914420579593 11.45103487663993 46.005460346992507 59.893082055554395 38.882021925749207 53.263069585166967 96.113327407649635 101.31721918071243 42.37290766484336 33.216709500339817 87.606002251340072 7.8659434560338823 50.385436317538648
81.382278930307734 13.341259294198125 86.947667038806813 45.154099718047178 16.48991743465329 92.345153642848459 57.628279931880975 85.768994535871542 74.084080616687345 44.521853612440871 83.682425949644255 12.892649122064951 97.311791171152109 5.3246067950339295 65.513253691656445 6.5471875046948105 49.441819406109047 43.575067894157996 70.810654753079291 13.08026630394818 91.959379047320866 27.901006809969804 91.576545150689611 56.595205504018971 3.1856538448340022 55.482840888390243 26.835495325515289 95.939754542628407 32.582481691013562 87.774401415437609
23.450833250670659 45.039749349357216 59.610616742381588 53.749599876756172 87.560333610065669 21.478437289355519 66.589657799890745 0.33662801179018637 94.878549441923852 55.616009248494223 64.270108170441659 44.284382502771884 9.5702627044869661 64.396692811757617 57.357599270611843 43.232140776257808 13.068997753681028 83.654514134089666 22.642803297083997 87.779144155200896 10.458209440362504 47.601581792657157 9.0399920487466527 81.254043106373075 32.985867002035747 7.1324260068293377 57.547646422512756 94.396265092923684 96.970183547905904 59.969628268604112
23.507948964296727 21.728524398647892 83.457402270579763 82.435564937751678 26.597674788510311 5.1601057179209686 46.467960800895128 95.972800004479524 3.4248941785991027 39.452992982295925 87.245426679825158 77.281407121849568 95.002299527174216 13.583066731217096 33.779295717078234 77.243715749325276 55.204660631459873 6.1152689679195245 68.922496845931775 29.463712810209746 24.269171376372661 33.595256051679847 54.335563912089285 94.17064155479963 2.6228017865685969 87.079778945174752 20.709523016324329 18.61615809539974 35.562248086698183 42.723493077957549
30.18833843103781 3.1496442386945165 82.804565825493086 90.698095865798749 5.3011219785388226 49.212255931776824 47.68481855630052 13.784774409361125 60.464687637316089 8.2980876015867828 55.365309890450959 89.482068682824121 21.788393174190791 83.038510594200289 48.777392890199884 99.756146741142032 20.362898455554301 19.649839870319347 23.519308800199372 75.821778224743994 66.533985270788335 68.789630042280891 37.672105452770325 84.19044452568059 20.802405017971363 56.260186902091547 86.947572987064675 11.59426434489488 6.4670366557429437 89.847316034148506
16.468440638719688 76.763829818943023 56.123810842923838 58.477686035122964 19.852183712261997 36.436414468372909 62.319491134555882 68.257835659218614 67.858167263571829 4.6537207253717492 20.057878939579311 56.612729817161593 91.786164276364801 70.83900988223732 31.398658737888688 83.913273382235275 70.42993895788716 38.684694935582499 70.530004677902213 91.462812658340326 92.685528554130528 3.961544940908845 6.1651634498592323 39.717355414008168 93.721616538314677 82.613653514456772 5.0553061319554971 65.52327876192939 43.623117040656737 25.264884315692733
39.407719791711642 19.632736893780883 51.832162548358433 28.622160805122558 56.604772255997588 88.789789281399507 26.904336125739363 53.181723303587745 41.380949084450776 36.272057821600278 35.414309867072433 72.298829849001507 60.238821053011328 24.948409731951699 25.580338073281702 76.977488731832182 21.179629086650081 53.126083025323211 32.92013870334398 79.962596713770196 86.568119084771467 99.598002343484239 21.916211263291405 15.280568609752125 88.905972267964614 76.144830696657834 80.784468008499431 95.464222355077283 95.618594929641034 100.74133865984922
39.892806865942674 71.530962045944619 58.849663984881893 78.719439709368586 91.019869939079172 44.750869940671151 28.87559172049718 82.572579059044671 68.192722159717931 64.059198166368077 79.737817629844358 21.414736399235835 18.847264138391523 67.263781416829687 52.357295095350437 43.871566191692636 17.733752918219274 22.722732873487761 97.272245326555137 69.103591846998242 43.53947467606244 44.574711374552621 42.171266751727053 4.4619425157593495 95.425748984863517 39.30700764944168 67.97280492503387 92.283772464517355 1.3236062731256655 80.538070536187561
23.789533399351964 13.057401092535628 87.934644458518264 1.1420504601945687 101.26679871586289 21.898704884930929 78.3234844478376 1.1027134814113788 98.000702845065135 3.5067157865949206 11.516704499825135 23.640510881289131 10.306133764165876 88.507524017514683 67.274267288930432 35.918624472469432 49.87903837694946 3.7704470258199536 68.462653457486695 30.342443951418911 83.75102673610732 73.192876323056709 78.622536248153352 2.9178016542167615 6.3438988534102361 53.669841643609111 55.511377145624976 61.017892719773769 26.365336283493026 47.411060184419846
58.753913262295569 76.470365843039531 79.289203334564576 67.094438088132193 9.4521686830265832 97.094527007844917 27.756795245370537 97.130909120373403 46.820580604709022 91.181079552096193 22.776793643500206 44.894407269649577 75.968085581017249 70.347650891044921 43.055961690362317 43.758909564383899 58.222620441636259 49.757578181363272 94.652078292104633 20.103134173285991 33.872489493327706 24.508521337933068 24.29064524862525 47.861375818714407 13.282872722717174 51.299673936077141 96.175566307035055 3.8087354022642748 87.51869292449301 61.371801468302799
92.382253692319949 14.528217801258382 75.935050840217542 68.015635408902355 31.866042537730642 43.641247894998223 67.425201404600756 49.926043924284585 43.459981738550461 1.571467653898275 45.738073158358617 8.5350931921045756 58.954233484547821 59.533019749923611 10.289923412143022 65.909843964572545 91.233168929562254 41.613351259240517 45.594562696622411 95.888211130412131 15.391327208320082 42.074980299630575 11.05486046633623 43.443541382428386 94.132784426667868 1.3580900617614196 94.521192301969307 66.963692462847206 20.839261719804842 25.985103336954253
48.997659820196404 89.697656799999734 38.42744186495203 60.4667996713615 40.324394040290102 48.900871970379569 80.560896078831092 47.573770130978382 85.252655354854099 61.170673542791882 25.756544018794802 97.023169089031853 99.57327541548355 71.037165898958605 50.324388302987849 66.304980121615827 28.246953723303115 61.198568275980861 28.298677068546016 84.277416487063604 7.1827890181567504 70.871287978844776 90.796647615219854 46.428244284740053 97.026371588186549 64.894548070878457 97.830624700094376 81.651180691388831 1.9254124878251861 93.462206057830215
99.122985139431876 55.004151670096753 39.07525554294984 22.213612951456177 43.995616236715513 42.836406941234443 13.188153129116285 80.238541558504323 48.812283319320471 85.990885109289962 11.188697995313291 50.98353372694509 74.29147731265742 49.152277227073014 48.114256202109871 47.612669607391972 8.4653381605570548 2.9413042356695156 62.178962620225008 58.696371668677315 66.604953392915462 86.090592889840792 87.114692002812646 29.619628776081022 100.17428992393496 73.960729736215427 4.0319534226856408 33.688231623569656 42.281029636539145 76.756823976374363
52.697654442311723 70.673214182364219 28.995760142461119 2.9875563344190192 47.443170650097343 26.890238468959936 4.9331507278047448 10.030457940466102 89.037283240215572 9.9969645547401829 67.636102390895132 11.023423046031084 14.228683155440129 24.952585851264956 80.54691895070134 79.339593066332739 57.58414982546585 39.183155176319836 83.827538240384229 74.118383940124488 86.795412967388657 93.950839355738154 78.761096864119722 59.637164471577577 53.692131030013726 29.482387244180462 55.495087059106361 41.806937700960283 76.365708350802706 55.134756463302054
3.4253232051581102 50.261011891157672 80.43352696052996 17.316988306681683 5.6315768380814983 9.5291626697856167 54.596391822821886 6.8892716460325332 4.6262721443888415 82.354438054821884 76.294184314358205 24.062902561632839 86.737316957912142 58.510975749470077 69.140469139089348 41.016489751889068 18.603278236798079 24.136771726453873 96.183639976319043 90.814922704875443 64.140940580069085 20.523415741605138 69.643032357635079 53.982136724000142 76.238110742349122 56.281722814451292 99.932720469787284 69.735435015150586 81.028107639608905 74.497589207798782
89.862778416567267 65.223961033146168 48.396114652353269 3.2412547637108213 56.793441999511828 67.559724503711337 92.23160217738527 73.483725617526915 78.919363619610948 4.9370419960640666 16.366213661770768 90.921323660815261 50.239044719993551 39.377200171264448 87.393744711349015 54.816647310039649 24.589650113804097 19.700769645520158 22.608544368023754 97.758449564210025 59.258984354439406 65.781229657250748 46.75761394045378 85.17184818164354 52.297488666003019 12.280488710703542 68.964922105273615 9.2310885726894227 74.195613705123492 60.365209949226617
85.636515119193987 37.46332244734397 45.547660354266419 79.356312418504089 36.92922947607363 6.3678156451116719 84.92893488595665 6.2587875543024056 25.001470009209125 42.667983986717992 65.343037574062095 66.165935113153324 12.982321155110151 80.105403216979056 90.419938770677177 100.97015901805456 24.330820413727285 41.322826802770798 3.038039628263931 60.931667314864015 85.967358692917429 61.331377238473422 12.025946033460803 15.372046839833708 76.421090706375637 87.264124000759708 75.792177083448522 10.656310147263792 66.490863083492727 95.237468222439716
97.403408234555116 32.407093427940218 32.169423215191763 47.453522359149638 8.9236458573721915 83.382584565665752 6.5460999100701676 13.430274958165285 18.884510240400814 94.241092849495317 4.0334868487322773 27.709168280134623 16.485349025069269 16.790139799031923 71.02845388484117 99.625686804420667 13.881412298125344 76.889311884410802 32.085788333994024 14.53546334093763 93.519997718336199 7.7601806961543085 70.072058146199566 98.377124608088778 8.7172496868559914 91.011384985263049 63.644355701458721 61.930231944038148 4.8889000251615951 5.6115453814541363
74.655427039648472 38.780382386770206 94.683166903930967 61.306231529635426 85.301185286032052 22.185234015100324 47.846143137336803 97.333418720898933 19.04223894791107 80.151736083881374 98.177823938354592 94.640147867135454 83.083653243607017 5.1049753269144453 89.783927695161069 20.987398691155104 33.376043990390592 2.8025604160419251 96.08634737136758 48.100826997640347 58.645227845992281 56.23849020664634 6.0942422925415052 96.513744200207555 94.007329831952802 74.516356850970496 100.0453107862139 54.437306043365332 68.162737035611926 90.649646044562502
55.899711061044201 27.74971300405516 96.097837507796854 30.351131417009398 69.641939896241652 6.3849765695527045 28.057212927797501 84.826537073517841 3.8509602253500956 57.723624851352504 65.026550897672465 42.397146429566483 75.230135123925052 69.355853025724699 85.144701919591242 16.487308669867492 68.682252396843722 90.32437411595869 98.94500747010099 35.951438866330491 24.23330119657556 49.933552254992463 22.585907237181289 94.638509970622053 24.865695121141066 53.250470794399412 84.158107695157355 6.8880547200337165 56.732127202810005 99.134614410509954
56.032390074471913 85.195536854289742 38.922444427355558 38.26506935045844 64.730982258619392 75.460357533888029 58.675978594422169 33.344493274312029 73.61523284026535 63.530943716597633 41.80975810516366 63.31219280573324 64.442096227184479 70.689813700313678 88.291291895275108 69.10768579638632 13.435506464145044 14.241610225788035 61.435642740264193 83.505259600676126 89.545231815203053 11.940743115812831 14.545997829546781 88.329326976436562 92.261019847703011 87.822681522748709 54.000818992014381 25.156993743169942 34.090288742601977 66.785443571700824
97.533023685531589 73.145266526867232 15.107840250741017 81.750892151613883 34.429187124658732 37.902286834415612 71.811852415975594 81.70311220521485 91.60046056651548 8.0873595180634688 48.39453154142403 99.763353911878056 37.607652744344634 45.498190682065427 32.289590043934666 0.92105953649922301 88.025344082558078 89.259311151640475 33.825721819181979 43.662659587008591 7.4816840656286487 72.167193536834034 100.3899692188359 3.3041924630158892 40.054294679618998 93.460518589926252 57.116818246694457 67.099433190886771 86.620717485236668 44.140526262469763
77.258544973765567 93.586750872989469 59.001242475903211 46.080424639758689 93.943849329107934 37.839197431978484 62.904119454700748 21.859989858156165 84.319949828268065 31.655025535512053 18.022047226815516 13.731032822465487 75.798283110342879 66.026483065024735 31.059150250948452 95.551119148923433 44.861996977805504 5.922534578783889 20.494742239737047 26.752985731526572 89.633206271431632 31.003905576031734 96.447187304219298 8.8804142069879219 62.254442608310612 17.133187464924422 62.699244627285452 50.264633268907232 79.899672649615979 65.079842739418254
