0.50963626957072794
0.782982823055971
0.61292825073374124
0.46852386529229201
0.9331217771393302
0.38367750700722197
0.59870065241359283
0.78045746738971389
0.24133163365243243
0.742674399038595
0.45243466589223608
0.426763457351854
0.18803725993841564
0.55982754666416956
0.65182748010409342
0.69356150868773936
0.1662239627470628
0.95954014949223054
0.67607129048950299
0.39232289243502955
0.86927841410743589
0.28340348479840644
0.38503286522858921
0.87021999876114964
0.058727494236769526
0.6223690657235299
0.029110729398931157
0.88079503287530636
0.1171544051079733
0.73528257198112379
0.65633035201200518
0.99822226282089377
0.90356920456787759
0.60376439084833433
0.65065532066283027
0.7523686224016497
0.90455381875292573
0.66790865764641949
0.90907735291410963
0.9048418426345558
0.4465839344317874
0.71289906818251714
0.57628269885143957
0.95592154394282669
0.69670726962376006
0.38039739691295021
0.42335387793045293
0.93181696332573627
0.070080475858391097
0.64841436133249686
0.78008269530606067
0.081785429261580875
0.7780537447619198
0.56678436822078138
0.22950712529047784
0.1462559706130418
0.24580031526786855
0.91172872985429676
0.76365105957354729
0.19594661868633118
0.75530861296768648
0.60029288172178519
0.1042929996070681
0.78367716545612709
0.10803144325812468
0.57084477627756469
0.8952120475243579
0.013396692599255289
0.70192449431691295
0.18563275317572064
0.10115471012898673
0.82561519059007138
0.77055571880027529
0.68412155717923262
0.25223039420380583
0.53720949163158271
0.18196502398607978
0.31379487921766697
0.44253266391052698
0.13696506273761594
0.96512117272916431
0.9981971659088541
0.62009819797180099
0.11700082443086905
0.3188131391262134
0.94323148405036616
0.51113214594064371
0.52887844140369056
0.018479133256279968
0.13538200774133685
0.58643603798828403
0.77277179905377313
0.57140020749669318
0.96997803811934902
0.3681440744599826
0.36570645327837198
0.30899142268974106
0.92774750898044678
0.69340760975137061
0.73196949486993701
