0.8725921283937168 0.40477769329472618 0.19086379479392118 0.77049740212216056 0.97812678492474847 0.40571275075455243 0.95492395708432898 0.35429570034963925 0.62647149866963991 0.22885775835826244
0.37669861420599654 0.27728117267089297 0.79803087759363933 0.84755271216541717 0.73102116855839949 0.51585167379203001 0.40009691819271592 0.13921725206084873 0.15997295168359521 0.88796416180757876
0.033102820965664012 0.81578760507573911 0.55072992018971012 0.22424155519205696 0.85377923932135225 0.31280105237499983 0.16852841291977144 0.51044003177196084 0.56837112682236812 0.50603222741108123
0.33203413101060325 0.055548267692465278 0.20146739012431153 0.20033544985204582 0.35611761787760682 0.034737594858762419 0.57762482417742023 0.76848161818014749 0.51305460596649366 0.094922702192239902
0.68521918973987672 0.76104502147371222 0.88943641200841883 0.38447791644377566 0.39345493899881939 0.61052996642289858 0.25909572359229899 0.97465910974514514 0.30740149392240129 0.66084272525324306
0.73009899049267568 0.071480086370001181 0.11106249347799828 0.23300276473505838 0.035366919683195872 0.60204275940326768 0.6652532622641113 0.25461646475674043 0.99614743290081564 0.42823745946789898
0.44432021272815575 0.33210067336053023 0.004200415524708778 0.86115843617870091 0.12740401666019124 0.082194324138767635 0.9365366178298572 0.23035745691742576 0.5194038828248303 0.46011618822818362
0.84803875002232143 0.29883581532230047 0.55806309549679467 0.52108679051225648 0.23414749789055939 0.41694231273210541 0.46713218842135545 0.35253270705346323 0.042847521009032372 0.33255528711032906
0.12942637560026565 0.67010830514363384 0.47161830908171648 0.631708453799251 0.92587117647959993 0.30499736086338353 0.51376914250801153 0.071199004383363948 0.75186731735770551 0.47928588259124955
0.582865181018562 0.81574002284621505 0.92964486216088305 0.65524426581624395 0.73672563306996974 0.96642554687589943 0.086600764832946917 0.06664034389086497 0.4046498989340141 0.80776062854727382
0.064329420445935745 0.11312605475947417 0.83992478689400885 0.41444366672394956 0.49814416168097159 0.97036953370596679 0.66381157010222591 0.5155225939629472 0.86931272818541849 0.63143390971536739
0.40685403234279433 0.76812584301393416 0.73429552369177253 0.51765499290269501 0.12583115618668855 0.85372100046250354 0.89560070079978404 0.73527997976268444 0.24044610756182611 0.68072479040147249
0.02550018085291177 0.067615880731511965 0.15260227676252541 0.20479778289624467 0.50395944856877062 0.77039691890995832 0.01640711276359046 0.93781203201054042 0.1117725278176616 0.84911564726399469
0.96403901164343797 0.37080202417969826 0.98146826443441904 0.12796369301139193 0.78862632964511981 0.37988525123518851 0.95952071507967895 0.14480496207095001 0.83115927588815308 0.48653675862025408
0.23925280289752876 0.93738726387034954 0.38164362204396901 0.094611761830548244 0.12554842891504264 0.072001160470114553 0.52988246260316241 0.026934559172968543 0.39853612859234783 0.64606812116671852
0.25956885451165662 0.5827463048171807 0.9118851756699955 0.63790179380971046 0.09235449828563784 0.70693502284242915 0.39532616882224064 0.43522581782548037 0.86287652439058626 0.45707449062749922
0.15685813058406778 0.00092477118313964994 0.25348928521887498 0.87815725966979064 0.519657357387312 0.6094557657822991 0.26124548555290167 0.83458062429294344 0.23771457451450145 0.99807828241703012
0.10058158699982959 0.64706427359691554 0.1964233704262453 0.10588330803378369 0.69666072134680446 0.52573250173455355 0.84467987111040876 0.46298773201364513 0.089870038779293712 0.63616490486646327
0.72932836011361768 0.65128200725146346 0.2179965442244029 0.74558590271551062 0.90632370201073487 0.44824044448026951 0.46675364875916608 0.073078702111718782 0.5593237172125396 0.39905179980218825
0.28368055998209735 0.8419571762348399 0.86818744205609366 0.75649371504092788 0.6131579161426185 0.81186715125597808 0.58807649225197978 0.866077468105519 0.84349249554294015 0.30267949409564648
0.054116269504018641 0.36736877549488739 0.18646705205728892 0.48643926929610287 0.37154822641389768 0.6380801118918914 0.83768652676942346 0.98727933966054537 0.20850412150546699 0.60922103641470005
0.23051336041865472 0.17803650416041378 0.073535736256136006 0.90194059661145087 0.79755494543948757 0.96564383679065013 0.47691555015386206 0.55750301368630195 0.96362120781301686 0.48596143170842471
0.82695128537884643 0.16225940730225702 0.52719076451784275 0.41058531879259558 0.61731443114242979 0.10939288432012344 0.44057643923895856 0.38498158887292205 0.48902619113057716 0.2286359170748849
0.79625867874548506 0.30570736353301636 0.39525222761154916 0.94476169211557892 0.25920626759677784 0.91176912446141523 0.52295845977898381 0.64573169792869844 0.60291400382832849 0.93536261737412996
0.030193638591372297 0.089584575482183279 0.78047879782326302 0.41613702346635956 0.92342381078534452 0.15556739466752828 0.76918263348018279 0.79620067790955795 0.69778368632686738 0.12468757593239947
0.014219760735302889 0.60181484375671745 0.23568729181351372 0.25522699843723801 0.99769662465832387 0.41489670767889691 0.15711153790515303 0.64625717202662103 0.11690458780908945 0.24040396987712725
0.53651853047138232 0.66290500588102552 0.88702486705424299 0.81800880627154748 0.22315418507991286 0.41972314444093067 0.40359061441827687 0.70441946453189719 0.1702285314721696 0.84583456526804779
0.36824767350517568 0.61437272528810105 0.82119043701627881 0.69682161733948056 0.8864063248868943 0.14912998913480918 0.68295171383602238 0.23595793899056933 0.23045775343561387 0.96522715771467582
0.031052919367984756 0.31646038097746204 0.049578963709867183 0.039595998665076168 0.87629529793931549 0.50181380698034261 0.08164450128249516 0.27414362664281039 0.26477251398207008 0.46121030442408956
0.40722834674652669 0.2177600497201439 0.71757499454934093 0.22280142657457519 0.9389180445147618 0.30053675789476303 0.25187826780894312 0.16185777989149458 0.48551478052435687 0.68436130675229545
0.32170401197351411 0.5201280424339868 0.7686021268855695 0.7561337967795605 0.3924171825745319 0.89799901620321898 0.64203260535990425 0.27080074460824793 0.97467346387925846 0.81882521432975974
0.56908250613068345 0.15898176028697725 0.81293159707195917 0.22121338165338206 0.08069712916897058 0.9747540422581954 0.34106371618041481 0.80404211825445648 0.76623999742427196 0.23821295025760919
0.97958617928006897 0.72356866738968528 0.91362428598343992 0.84186178780137011 0.41261595630169651 0.91042872328746627 0.85470360569606196 0.89860077897325197 0.3016190522203574 0.80769340188530603
0.74760719317564139 0.54692923658058401 0.22719260092566823 0.59046017864716371 0.88186303590564041 0.77730238417278708 0.82797684008108996 0.57239093808828267 0.4782432865360487 0.90941171443394109
0.66760517525293894 0.47604886561222032 0.83798838404935905 0.54781450291527889 0.20863552749650133 0.95891876791810893 0.17827900216918807 0.75017035373319629 0.41112634027549005 0.13332768999563255
0.91154504198662079 0.93374339929733619 0.74176946466385618 0.19149946206601526 0.61812949387790173 0.31416822716151244 0.85568501469767522 0.7395885860223913 0.69238225404016873 0.60820491014869815
0.32612612095971899 0.047420200710738866 0.73096187513140287 0.5698222414656241 0.23606955758842202 0.85373968618287488 0.7832043813725803 0.075918202325757786 0.54999012301252015 0.84301990016745942
0.70676968803977669 0.83773275536824765 0.63327346159140263 0.68784793337253403 0.88158803052770329 0.016368588874358703 0.33507991815712751 0.36206635932229941 0.54774609337040114 0.017915822374502333
0.56072724024947618 0.088987705073342124 0.92850586770286414 0.10139959901893962 0.42954532819935415 0.34308947535915152 0.0047109274001966737 0.6564689847302172 0.86236381242779026 0.48294599504241992
0.041271465603832477 0.69589214942792132 0.17811721628181204 0.95225544251897276 0.80991078388935045 0.009653007375020662 0.96714865762243174 0.90117736729761855 0.85080879057105563 0.97695593306336526
0.51287363513782624 0.82925347905110103 0.34341262012940049 0.48932966926522375 0.43725127920545809 0.38525247751448305 0.53025580031634167 0.50867547616431474 0.9060419924683325 0.89937621685511748
0.84194977697273687 0.84001383413286745 0.86969288347720286 0.45041191470238567 0.3601751252215451 0.74367596949338843 0.60401972031376516 0.8832670037120488 0.29302531836730855 0.34782858874187289
0.071582370798473779 0.5296159897536904 0.30253957354249211 0.41558250122029466 0.48259798422915717 0.36834678890509459 0.91097209148786107 0.16115164235842822 0.662625443837628 0.85160324293275758
0.52009123475796293 0.73357464748628654 0.14050584685286477 0.16111961844432016 0.33573839671211531 0.5964960200568904 0.52885295610333749 0.66165439006940285 0.73645566357758641 0.011488595481493991
0.1999363938406879 0.64650755302434493 0.85540023188372472 0.58159180213588191 0.365397491134488 0.32250565946848825 0.39697347667283994 0.71248014980587793 0.77445041518389424 0.27136509155113103
0.79813621413980773 0.11479777513598115 0.26107611967496919 0.2621272465528654 0.36295664467085126 0.79017650411056051 0.26551328425367188 0.69737156924274468 0.95434789509712203 0.90395297544013431
0.034910209975924242 0.97496143408457858 0.97288098721733329 0.28322088614504198 0.40729444034730639 0.43256536040645238 0.43628614070222554 0.38531172208466929 0.98733442083843037 0.61677468027790128
0.51316359454777238 0.74478737284100371 0.91765341578724291 0.25876017087307118 0.089169978971672711 0.55674023556165719 0.45617550138656443 0.47816616277580409 0.57714650674074996 0.27857352132379304
0.98194159361941202 0.82971070012476966 0.93261705002575135 0.28869737859700911 0.42292635643187132 0.34548575859471092 0.90074018758099061 0.30336999612656107 0.6356824541362307 0.26770071535948364
0.54208220104392657 0.46163902197816137 0.29975085712604693 0.071314963539657092 0.18193384544018071 0.23763924259636166 0.11392829581974077 0.73134328290042783 0.1016626756423105 0.51908529694340122
0.63139652554137615 0.40074921154573034 0.55827601430000851 0.29236717647329574 0.61704849415322727 0.49693253253568853 0.033897736254236685 0.48066313356040508 0.88054233832124762 0.30570144391090864
0.87613719658874611 0.021322262529623593 0.033615878705429744 0.28384742814512082 0.060980193298072735 0.74478478739575782 0.66086206149259075 0.61039767262431588 0.40802544679381875 0.77637337347062485
0.7259145047688903 0.40623835351811516 0.8379003600723901 0.80303528073224639 0.64180761150843046 0.81253811536256926 0.93345265289290524 0.40166303590038371 0.58723781344668458 0.98905546127576816
0.37094917305387148 0.39240628613532386 0.85770315262085839 0.43174607262389147 0.81855074934516514 0.23201742952321364 0.089819040227737831 0.80157526918892485 0.11284530806421937 0.48605115355319389
0.98466216444132637 0.9371933279026553 0.73595032165335195 0.80974404018955837 0.38750940283250385 0.575529785282199 0.78446683078176882 0.081022341659117744 0.079145252176338762 0.068571513494778455
0.72999153909347003 0.40014206566312099 0.77625072173755438 0.71427496566385817 0.98191612945765494 0.024645250796580576 0.34400202485728942 0.75307363971483554 0.54171409645271484 0.70752212987608842
0.055388510474674676 0.34001175288255864 0.051817549052342635 0.6237328593935324 0.24843713917065352 0.60032133669620602 0.13137905563495372 0.96171795459598586 0.17670091071626443 0.55282402731544034
0.22212588095379854 0.3501990978781408 0.37248464929427599 0.85899891459527333 0.38966783673442601 0.81595905599178342 0.015689801373316815 0.20065602826648593 0.0096101614173940593 0.47960689262559747
0.086975834332650034 0.3968631803095331 0.95754986909379725 0.0076198093343550653 0.52100159661532186 0.29739346914873105 0.89579592901024363 0.88723153994809034 0.32209122492367542 0.60068114456072996
0.68066729391456893 0.31063797013592315 0.1195819074808681 0.36155057328754553 0.89249991207688784 0.014560786582630981 0.48244784293100879 0.86162072485009289 0.5388385753386401 0.25646203400358486
0.7641878832138167 0.59602492828661868 0.12402971669400235 0.96198020503100834 0.52269194743960612 0.29934001951591321 0.91380280349740717 0.38264634131184688 0.1757111674160528 0.28017694610936866
0.11549316001924718 0.31123265363642377 0.58328515591668406 0.55659539963652438 0.88205658602856007 0.32861283122721124 0.33464865072958111 0.2236615810664368 0.55558348913204325 0.30803738789639806
0.8800741158149743 0.88868616182397553 0.8345904828627444 0.035054803035319423 0.94561827522459263 0.85547385774809004 0.92704427726843042 0.71716401529414575 0.47202436827793498 0.64290995028398878
0.061512512971979835 0.69640598906657669 0.32666123113151652 0.11924996629305355 0.58645097771606747 0.8734340430960772 0.55674451945427961 0.44520140606766806 0.18479568091548532 0.27831708480935996
0.27667783602588697 0.037770385293933659 0.96798149016509716 0.045189425050464235 0.88455906021860409 0.88402935089800316 0.82576083936052103 0.80816664970770147 0.48382359724091445 0.10075715338215467
0.479752413835351 0.1257965565873686 0.61901770577213899 0.70566046366125845 0.03868397794166982 0.94052043166608656 0.61222571581035246 0.33044219538759728 0.81823503591353408 0.78700916595322634
0.77303427028951921 0.14806420956967487 0.62938784274777626 0.088594752854468647 0.93891726851451185 0.83682644271116691 0.73567806054311291 0.57478363732627846 0.37349542816127995 0.26479614913988508
0.60735142811279219 0.61932541297757637 0.3402542052399436 0.069919880942759846 0.17372689615178954 0.46107844266741521 0.58403551261883591 0.038483870352001445 0.19911357552237879 0.87410380368862106
0.78814682713730755 0.32378726251365925 0.025403792014044791 0.72092944591502151 0.26914783637897516 0.093789403240346833 0.47646728744488848 0.33388080922414326 0.9108302008989545 0.13558342319377553
0.5138847878905245 0.35243633864655127 0.55077142357351216 0.31886470197894939 0.15729701510402166 0.092356412681969743 0.43225818532842358 0.3567382001727572 0.40024133693232938 0.40929674756796469
0.2147776700124408 0.80634257838855006 0.33754633576148002 0.803040739754878 0.41725345461329472 0.96074624861651159 0.024766481497210547 0.46434049220173007 0.94383896756953867 0.36056175755273107
0.051124459778346718 0.56519441816862559 0.17046008644530869 0.53385636616243504 0.70388958143522007 0.20620948332354166 0.1762327437782904 0.78300460858039522 0.026613718699172107 0.47101091554683577
0.13754581234718016 0.097733215984124364 0.31640670654293029 0.054051724568963719 0.50806239207358783 0.23767989543854678 0.23340655456345188 0.77413517032549728 0.37258836247764232 0.18103612508834205
0.48558264034149118 0.70958522030650129 0.90302638638598975 0.73055073084677968 0.82785326408308713 0.83243235833817864 0.90666663319440188 0.698135706094693 0.73974026197294462 0.52610501832944856
0.93590058611537397 0.70139067558924306 0.69206900504432423 0.86498372133213441 0.41935473592999678 0.86282837513063682 0.62393581622451733 0.042070867373481799 0.57579220634235417 0.5222768186122313
0.20320551935377945 0.6222454991676214 0.27509270280017578 0.96700835392763818 0.31721024076596877 0.80134754775936856 0.5870956019779956 0.79014872553194659 0.25427492387601286 0.69667337209549918
0.98699740307611761 0.20059288614772247 0.18823833197654144 0.92088257638795668 0.087999148375633315 0.63301729348149538 0.33471305948651725 0.87581994612036695 0.73145418068830426 0.036679923524674016
0.048452550890687715 0.68082523486445401 0.87244204519026669 0.58269193596583291 0.33615410307819577 0.82353239917551879 0.73588282449762676 0.51561734132985815 0.48965127434061878 0.33035866759845184
0.074364614677613614 0.14654790374924304 0.48985505163895432 0.96942448080998678 0.84090792923480306 0.14220748051568127 0.15559574355879197 0.64750765338777017 0.40878285475924542 0.44729237881441114
0.95288902307038192 0.69344260176699546 0.82776855966779339 0.96851216799179984 0.18462389392462281 0.47677466049027611 0.98266901592777434 0.70321468702833223 0.1413390171155598 0.69131041148571859
0.18500193944623228 0.96203611357398566 0.64151564352375334 0.55087925393368276 0.37127176231705855 0.60572140209455394 0.59881667488299017 0.68666434051424197 0.36035785939209258 0.58398877676423844
0.63565455037140184 0.6834522640781191 0.34431330944303057 0.50577109410855814 0.15429555718526461 0.25773599063581892 0.83677143890697669 0.19602043850092093 0.88611972266002181 0.72921781884519021
0.32604003699761813 0.67268977972126609 0.33823634508864903 0.79233018305808989 0.33540065180518958 0.1864850948802112 0.12743297422881966 0.67516596566841347 0.43151317258149074 0.7770093398032144
0.87969446415169761 0.28155088572135195 0.33855806013126094 0.58090096655101209 0.4236496602396756 0.82170277670167913 0.78357842791952581 0.87322191861107101 0.91254329698051817 0.24217376002137642
0.70431043859551423 0.018630074141317055 0.87907398171216389 0.15058500850621742 0.62157831523998375 0.5755042756800075 0.6653835381064267 0.83008000497887036 0.81050242320578858 0.83623662721029102
0.77506471307972102 0.75877376808094554 0.18228042455183641 0.24406821215656277 0.54871037636931463 0.30426656913487232 0.48454740108557354 0.37570605458664835 0.6990319528518909 0.49783576871105834
0.69186803432271049 0.92233288700540728 0.092616502419594557 0.51075820001320305 0.85780042461876926 0.55276032366350303 0.62273975867787701 0.76422602367530246 0.820636962775663 0.71643045574655173
0.99515915221690632 0.26604134462672718 0.34865948695418197 0.032579057716708035 0.90824882344062718 0.30743093010850803 0.94108159191291851 0.47142937192012674 0.78450140830954829 0.36865468442713817
0.75948268093914462 0.11371680362203844 0.1292665174356406 0.42388939644201334 0.35616373670596541 0.051575609513429696 0.67978175706955224 0.24652001829361553 0.82101925503789785 0.29631284123380935
0.22502108942369842 0.89089782834367925 0.41084493866254163 0.73897719375737703 0.47797706238852772 0.57155007977339201 0.077457563148207995 0.26822083761794729 0.93477531129034019 0.33533010134464597
0.21005739447549826 0.68452179353963716 0.31024529122026373 0.55318903932855978 0.70451117602078961 0.50710910770500273 0.049217548916873063 0.42182081652996645 0.29013522820436438 0.51890703041500919
0.46976989468581037 0.05736570139638035 0.79511049147189494 0.03728497773940713 0.46302799869284234 0.063943147009102461 0.72964517870106049 0.233188270165611 0.85105452780969182 0.54280053163291997
0.83309845925911485 0.71068019167405772 0.63224010893775295 0.88971645755223649 0.93618685716838557 0.45829610545010441 0.14643188011566849 0.75056712797413472 0.73333839045547056 0.46333095331564128
0.82617531929751242 0.38500930465480848 0.60413632159324226 0.15047196538794988 0.78512733325623696 0.075845919209802035 0.74413687854934285 0.32750297343733875 0.76974473547487043 0.24537892998137251
0.23413904389563062 0.24346495960458597 0.69728197381245116 0.83920774329738312 0.66592268204862803 0.19780318641505851 0.84518419468538675 0.21913689180310475 0.27175060312637905 0.463469223244035
0.15569217290322107 0.60296007210396207 0.19904439243336319 0.47855762989921441 0.5610829964716566 0.30424004624756734 0.85372871429647035 0.16667568882069866 0.56040903296401845 0.96561460680293654
0.96042866694340834 0.15658672190148465 0.63421362208023935 0.43388192861361269 0.31216731585017315 0.14043315063440903 0.46918972854662228 0.036245876649882366 0.28593622241970679 0.2117915345818841
0.58052245793708168 0.088758467533461213 0.32712795569045466 0.93987611845800534 0.67810347286613559 0.95167990036238026 0.72960977968526397 0.053964071821870949 0.6313924318144708 0.019358311883483737
0.56572730871848698 0.11088497200817519 0.96264253091028784 0.80801539426781632 0.23686583299991554 0.66088460744106403 0.51873204568704168 0.71390582667188629 0.31593384947285036 0.53813679719919194
0.88810157434152204 0.67207110680552784 0.58430150887886612 0.34678630709994879 0.23492764723610809 0.51691417164624165 0.8820433925935306 0.78817345886017876 0.73372640123505728 0.70940926584281239
