0.011508100407599687 0.32591832973464502 0.71681782457042775 0.065670665101104794 0.63342779167804342 0.13804606603399611 0.49930564556572382 0.69682437741966996 0.72676631525533486 0.009186580713578963 0.41694889943793417 0.92715392908868766 0.47265039817181048 0.14293430715321404 0.99527254943059307 0.75416669339413134 0.57797624979431839 0.44520609247762383 0.32813349575543088 0.33357539282670629 0.42978392220770639 0.27321776159209471 0.36648192453515432 0.62288222671434168 0.52965623612500345 0.71231850870297486 0.91875836148752199 0.32167914282264271 0.24322766464893913 0.65143843003183299
0.45081915056701888 0.72797723902305866 0.48666380252452207 0.97290945388283645 0.41316257910062865 0.85108555617895698 0.92374936055626777 0.9476474495407009 0.04151005913710186 0.95757037602937267 0.93889744303935341 0.23168149279498335 0.58275427872918439 0.43686795841376719 0.31430046396207006 0.43796008443490747 0.59386095517073956 0.7628924787943544 0.049815772269483125 0.11215744803048537 0.47393280643277452 0.89325524668035972 0.96588097945977802 0.65813501365037141 0.55267939304244784 0.2538404468163869 0.88487585476829878 0.39455328326690425 0.20274088005921304 0.85018015404468195
0.072502330742473406 0.72293295081186293 0.1266201471688933 0.68214258282050222 0.75520041690048101 0.61099065184988754 0.98234631636779857 0.91404169056426543 0.98007343663509983 0.24530485583946099 0.96580447258470714 0.41027050052876896 0.027198438013715843 0.75093780227106277 0.8545563351377029 0.34800389691019623 0.43419765116690096 0.45384083950013959 0.3565681077666541 0.31804604560290267 0.79272004808338592 0.068604111504941431 0.256005119000764 0.38269580381817642 0.53423067758820642 0.74403700586462573 0.85762876155486401 0.15467393658140499 0.3887994922417794 0.66181015752559624
0.34074565993855294 0.44921519238975777 0.86394911000151353 0.75322127154335849 0.58314295221577794 0.77342636819488964 0.84618584037273303 0.26509859488743287 0.79080600808693247 0.92131251699833228 0.66395025948949082 0.81674825241190652 0.34717617459984979 0.45343534250885015 0.65453252752981994 0.11706195803991908 0.91534731159426186 0.3832523111472686 0.29972565082393715 0.11673736503085579 0.046307417924094471 0.21029895455087005 0.29940242509623677 0.45703958586761079 0.15615916756043274 0.2060765070163379 0.50566512792712792 0.13316086175956826 0.98246150045896907 0.059078068152275384
0.85659984383509136 0.54054342280809042 0.18832527779702951 0.87867302353698018 0.18405993617657596 0.44988355972934851 0.7357220337043533 0.68523150070177963 0.66879972573272639 0.78333669407633177 0.77589774828506164 0.44318596475876498 0.97229060261311528 0.59422194198154665 0.3248939408456793 0.24020027717751563 0.27358055656407315 0.94460891534015268 0.20195700066854688 0.49507299993346238 0.74126913291467111 0.16490858744479048 0.33154517044256065 0.30356851301587379 0.94672487491169377 0.46180061179029658 0.80440706940858098 0.27871111058746484 0.35535948596972017 0.99563090411507471
0.33664514543515617 0.19722765971316808 0.63280084821423299 0.62429587067647641 0.36928800116894561 0.64161777724566005 0.849225320258857 0.83454900106310559 0.80738624815202198 0.66015985777943798 0.41425808444896944 0.048263360869159541 0.87601216774343349 0.93844255559733958 0.98459934142112782 0.78740139634059336 0.56718735695479761 0.49977068889943893 0.70390572244303573 0.77493788526214269 0.49292905792445291 0.74138048408734891 0.88542609519651327 0.85523096395630493 0.036671480785460717 0.73635119072664523 0.70250568931325152 0.428047046368845 0.44602638575453707 0.43753638214555973
0.33413923745177515 0.40223082582513642 0.80961131461147251 0.0094125361471495868 0.87798046386245632 0.96003565696801707 0.023734940753439116 0.56659204540998698 0.24404656750078518 0.52126133855154311 0.71293456822123979 0.6623807838582727 0.51257843349690335 0.17234001478883759 0.36526007993659432 0.16605435610085434 0.42678665119436104 0.17888164840110027 0.39205774736209992 0.44617787922212898 0.09670904204957724 0.57471647475711696 0.56259470854121663 0.65215237195759934 0.70596724242995335 0.039432170858083967 0.99411103962528591 0.73348529469173973 0.17838141239872035 0.72790274518512177
0.19054780717002578 0.92197268961858492 0.43694169924230591 0.45110104920716992 0.65365698325052235 0.043049045965472918 0.47383628720601417 0.75634638036683144 0.86950898389056575 0.47212842111056624 0.6350732195343094 0.95330878399997054 0.91171345388857139 0.092768013946874103 0.31122266354969136 0.3750691190895164 0.59011707005997971 0.12800235143533939 0.066964973285680449 0.48125901878258354 0.61046384727655456 0.42245582981371527 0.19434717429646137 0.74627285492322626 0.23112536501909337 0.55458462642997186 0.23673637402786979 0.12532220795892218 0.2737527709484075 0.37545176546831566
0.86820689734906686 0.9088127564103301 0.59392654645243859 0.61582007110908976 0.40615973540025868 0.24309110163785347 0.91887455905481163 0.78355798442482216 0.72211808320701687 0.6536132708487965 0.65248848450719499 0.94229164607562654 0.47845119813340159 0.86041370770790371 0.17478397136977258 0.58147364313470851 0.21893158704298815 0.85169840803071195 0.17945430956671643 0.37436216486912693 0.44009374382265815 0.29379918489068696 0.94513851789454639 0.021452963710834983 0.98580893120875646 0.88860725028619492 0.046590345224667692 0.95412311640107494 0.06876192231837612 0.45806350244288235
0.83362791135923531 0.35984968250783417 0.10398537300292014 0.83655257283957607 0.86158701484781353 0.45468582239483807 0.4370951567196058 0.44887745521881423 0.61760599490694257 0.12325782238914722 0.75353579111251334 0.7391984741317682 0.20388719900590396 0.30825266305055937 0.89699046904195046 0.90055400158024335 0.10083898515574501 0.12029244944679345 0.94343179367636287 0.33427600513791839 0.56870579235619589 0.58332587078930553 0.938942676918889 0.3957879981284122 0.096465216095014392 0.099764338888502599 0.61056145847231669 0.92303734014521932 0.29628968193281074 0.20903242408818251
0.2965013210376764 0.6287234440734919 0.62903712113811638 0.6405115351516113 0.30883933849201867 0.7837035764953777 0.16709813825187864 0.77826757150536541 0.0013718663843076851 0.16418519129798542 0.8835626853870131 0.79753158554780923 0.27868766083131064 0.98558515190211338 0.99899434641377716 0.62374186865995518 0.012097939980075401 0.22433813445306777 0.74799672934140982 0.088487594193118621 0.92327980478229732 0.30374450771591516 0.94454911549121112 0.45179181212326863 0.11549388856012337 0.79903706612651171 0.39949830651645341 0.38267380807284562 0.19495935970053518 0.35713699660932058
0.050449006435762153 0.023541303944269499 0.17190083584671551 0.36349213676013453 0.18391596796653392 0.26526625941075327 0.62919707774966549 0.19632867617728261 0.42340357493829156 0.36276918345551096 0.099267261665088077 0.23269631666165697 0.41465435305106518 0.86396409284923181 0.1540279821268869 0.040862273219791564 0.28008525704172266 0.60724969440467869 0.89236803210067195 0.60287529187328204 0.48836333927212222 0.35998751633013443 0.18485471306503048 0.34159626679694804 0.87807175668094928 0.57708945454859661 0.3148995913269666 0.1635255853114615 0.11411668013328695 0.16194174527868438
0.94713353541535628 0.99558850234154106 0.96644321913822895 0.79930858904537039 0.34917069054253419 0.4911152303187149 0.73453471872031983 0.62213080958958988 0.9703474616686989 0.42759752280807001 0.57222250513021633 0.33130496099270884 0.80005501000848678 0.89027979673996538 0.82503218401623957 0.28030937801406258 0.74765908598056319 0.27470443897570423 0.79292952268560879 0.84205608317841829 0.072888722171820339 0.47353975118610864 0.84642720918313896 0.85144005522326072 0.76332891891491639 0.49938143382258809 0.30552179350961178 0.6853148861217403 0.081571581917999555 0.75407544181236941
0.55359213799415752 0.20574977228706831 0.96406234964792004 0.34189090125450322 0.017058295731111662 0.83038679037919338 0.71836801262718974 0.65357286645972434 0.65777914125630099 0.34277388045428919 0.54404123904222357 0.16445154375147836 0.5273348924812894 0.21719176031562198 0.40830654753177303 0.56976179599033849 0.77714895291808239 0.88581361630789468 0.83554291041085305 0.010602054095974967 0.61475531325804045 0.56636749353579607 0.19207307358105968 0.12494058588245631 0.38247662483725592 0.34014469360896199 0.68046646230216279 0.16124613052163134 0.050266741801096623 0.82431580427455509
0.12583512724135454 0.54650255810460557 0.84726690414910977 0.48170393780529969 0.70258556579122478 0.88493782896812101 0.20449966082816168 0.85957966878420577 0.78555394582946581 0.18098379137942061 0.043908229755366832 0.52308540104525625 0.36267067410626558 0.70980707930222553 0.24776583833579208 0.072893413635366319 0.63040797163504791 0.87076656578619238 0.24127645903239697 0.97717046222236481 0.80391909335946965 0.21118751050687107 0.84623964908423377 0.17631160558414488 0.70271698087160894 0.29490233293579743 0.76020109329525076 0.86014943858897286 0.91810314301738805 0.58479084501848533
0.97572477048449668 0.37825135148519357 0.79348192988948574 0.34068268406772201 0.86526249246051379 0.65346835261042269 0.58048052069990219 0.90856713446506177 0.16688950173148093 0.37421053187621406 0.94628658882510275 0.87449381292394046 0.34113691900915316 0.58036835168078438 0.37375909276487224 0.7758844108799785 0.75869596765053859 0.78780061054294859 0.039404625073757346 0.80285317137858991 0.31905508671774768 0.69891040161336937 0.4347354120840064 0.70674620790177889 0.33667008092415079 0.48733802503658724 0.023107752756778611 0.53271441829022637 0.030225902728902621 0.88253033589315399
0.077084588596894196 0.93229521476331889 0.064900634638298468 0.89163467162162102 0.42103669591409826 0.20421503450797002 0.63067962470475247 0.69887152413671949 0.78128486065434877 0.36703664960819066 0.34697655952570911 0.28260971935891638 0.77991484589411098 0.23034355583175908 0.42747290989435988 0.20539062066213215 0.2486561897324519 0.049164952959064243 0.95244372918569864 0.22179231107376024 0.73696361520551079 0.48946077771015367 0.22481182314395382 0.94242950100874467 0.29082781863240198 0.52874659002459878 0.6843584842318422 0.44973014408851181 0.63087487563548028 0.46812702867277406
0.74404258550890112 0.89525230755716134 0.35083666881671488 0.96410445888530216 0.084428219956610803 0.79179073210579809 0.46672234981928823 0.50818489299156644 0.11947196510639306 0.17617405784593937 0.66150753887958547 0.009784086306670426 0.62528816327600079 0.057495444296624384 0.62619476733178525 0.78483733876832396 0.95925818282560493 0.5827800082546073 0.51481018186201044 0.37419876179209827 0.76348569718721782 0.14224747333319748 0.074658487780782254 0.65423857699247234 0.34633967729234089 0.7937079807293681 0.33302653912667529 0.079841344117674226 0.02181061824756263 0.22154868004508105
0.74240073560102926 0.4773958330184182 0.84279709218690368 0.21309811688987151 0.55255385281480573 0.2742145828673061 0.89190824355933562 0.45366505980580235 0.69132344813534685 0.69748368645910064 0.52767912463005162 0.69644883321273832 0.057559865253043838 0.15223847842631816 0.39815824706510389 0.063531156136035813 0.67859861323880366 0.24800933632448346 0.21351476581662637 0.59544722250918747 0.61910525870180799 0.91432305262306024 0.64569799885568346 0.61316897714856189 0.50963157152988603 0.23092278582327647 0.30119444251341715 0.026824184064955171 0.7773203852821865 0.99117494036935849
0.59686664329426864 0.57431204783485523 0.11327895675485015 0.38569832248521613 0.84596383644251272 0.080875880063885394 0.49683848249772239 0.32517909865858258 0.97750477076627373 0.18979429586620694 0.49466306867638105 0.93148463850478136 0.39914449635709731 0.34065309923646997 0.49011261272566248 0.47070046263682003 0.73704173852708266 0.61243779295692147 0.75879591816341274 0.48686185641726537 0.38047307824900639 0.23499581259859886 0.43556685724070471 0.99403934591232423 0.71180128280792898 0.87054168987213276 0.80873931606172866 0.49046039800133961 0.57924532215268065 0.993144301681116
0.77297028587639116 0.67845509712326835 0.29356610149757006 0.86856343931059177 0.70729288077656116 0.46158845868487702 0.33880204206715175 0.86783066536597331 0.59310070924793468 0.31564098305380889 0.91599249499023583 0.17056907283251704 0.65168092060367511 0.68966988881070734 0.57312934935578419 0.31107679471445365 0.88027813211552119 0.5439215912309634 0.33812339427408716 0.082896946558259674 0.14095948992813029 0.63551829724804088 0.70774211937010789 0.39469686671513965 0.55326026543053819 0.024407503049172431 0.02484614575220705 0.3582273093582316 0.52925615636064383 0.95480917793091968
0.35638072836062423 0.73126765550713291 0.80771520857587653 0.83263418336169615 0.34109668950477462 0.99700953821231642 0.38865942025023664 0.97037602047371119 0.021130125705575754 0.1992174517294511 0.1738776141086687 0.29883789952368972 0.55294843220653578 0.84339046196867573 0.20111501104059276 0.54272081699086061 0.48382761240911204 0.48628715089034763 0.96943615678997408 0.65969751674475996 0.62825084859498026 0.35613278048540004 0.57396311965113178 0.11742646924412552 0.071807606401544974 0.58626284904292414 0.97746960208615408 0.6172308908223757 0.38282300455163071 0.68635589020354015
0.11626764038484887 0.96119180727053533 0.1274361284260152 0.63247044847297296 0.22741012847928327 0.42748952327861206 0.78092827724675395 0.23966190602098186 0.41975381471742473 0.83528078443755238 0.66653455113120597 0.83943844524907274 0.66106785723851524 0.54813256046920455 0.25710945488385101 0.41767118198206071 0.047975819722919574 0.8633777438587863 0.79110314432157036 0.15545989945916178 0.95514376264202827 0.89229508348767794 0.1188449577383676 0.77260910074583211 0.96644150975852772 0.74815479279962527 0.6870791968218779 0.044610475504092847 0.97802052608973999 0.16968501716542989
0.90338879587590104 0.7595717265901144 0.062706338039011641 0.93927170723776632 0.1384195556249615 0.36559135956736083 0.25188804045422114 0.0042313650917110033 0.49258770670815905 0.26636708622266764 0.24965313266984207 0.93564927334961978 0.6543366948333087 0.38517046258942106 0.73434591379245895 0.90745501381626048 0.81500665456804877 0.26917700613374734 0.67109940025950177 0.97069387326771184 0.83617021773767397 0.46025149062163057 0.18051338506936238 0.053560111836851873 0.72937544764006146 0.88240637708274328 0.71034729756242487 0.6385988721488759 0.4528947672486367 0.38951080812505995
0.56911443326346922 0.9458509523858798 0.77784548586777114 0.41322035990626554 0.18142163143075957 0.6175958969613361 0.44690616638748754 0.91395236826514981 0.68433546031142567 0.65124063866965332 0.93187699677015656 0.40519088284682975 0.72657243673199923 0.18792482046333786 0.44321215990566981 0.98758472871529224 0.60152487586239733 0.041771516235110925 0.39425346026857072 0.79123855640597562 0.64870585581725793 0.56529754149295919 0.56948509431249783 0.40106562136307639 0.87523367733652047 0.84552473517124571 0.68025083772622819 0.53464502301749128 0.62529464873347995 0.82417119356625257
0.086929110181642663 0.023025216322166964 0.13828791011769653 0.88700792167449483 0.13676545512110633 0.80436627225970436 0.29114898075962253 0.76514519882092447 0.74885302948562982 0.29576170111692762 0.81669574456084348 0.9348559543277648 0.070557117458688354 0.040972480059602009 0.90727650684239003 0.14427164500081563 0.14891432629681073 0.7746827644804305 0.097344812210358997 0.70618393277667046 0.74049163819323116 0.38663928792981644 0.40055683026791539 0.45569222195515774 0.24168139435842889 0.69794772178802711 0.24429535053151358 0.062291034907608719 0.3312778973067268 0.19668240727537173
0.23547288629321256 0.059465557431209445 0.36107507606519934 0.96570656432472601 0.48888153869570933 0.61419279833850315 0.14897194714024181 0.33441453729686138 0.86623242550882884 0.21813406243449313 0.072571982796199627 0.88126709487478749 0.54862858801753944 0.93619009270873299 0.90071853909016841 0.90364152464594605 0.18564645254381812 0.5977250207867606 0.16040525487052532 0.19288980922042215 0.18759836865980789 0.82574769606911302 0.7758716856796265 0.68736695558053185 0.80842317442637046 0.2791829040141412 0.9295931841066869 0.66556089454849976 0.58662881343325157 0.64596976952491447
0.37326876458918751 0.49751784070580979 0.53004490850889618 0.98539430445185194 0.70362673259830566 0.51738830331752594 0.99118821175891814 0.75918724406484372 0.32749547156831443 0.55681165820701839 0.19096134886618504 0.12336988690624888 0.1932249085104823 0.0057964292824044692 0.28767184565714027 0.50037471167756453 0.75878338584759075 0.083675772597417361 0.9792786564524063 0.1367139494505179 0.056894261459460457 0.92930541085750296 0.52975794907269103 0.18598485816311233 0.95395622694362558 0.36637222878300474 0.69161067379334962 0.25215050351014962 0.72798529383407273 0.85519831970206517
0.77208299534629776 0.98308316545807817 0.99907099037134528 0.45952541478899539 0.49138285233863316 0.40841400139653833 0.24775096724238282 0.66199240663564318 0.093055224162701775 0.45549140162131113 0.67549106612161658 0.50178182601288546 0.4643142919213134 0.63560583407912474 0.32779550386672257 0.78870212260326267 0.2419906154569102 0.06870040651088298 0.65305753234728747 0.90259604724479725 0.32914899181388918 0.092934218153158318 0.17554748991747998 0.73200765127388123 0.32597533554972485 0.44835191148912185 0.34351950705329909 0.91447194350574346 0.58133205856405157 0.6615875617014545
0.44702184884866264 0.25977121905665196 0.050430206701476063 0.50806883717591889 0.18407954035697222 0.32389188168037925 0.41477174301014325 0.86568869055976172 0.68056746064374884 0.2594819844295298 0.095041305234742787 0.36176952741199603 0.55128027372599153 0.28119852026555231 0.58799240279266074 0.0048104144372483225 0.73425854950609593 0.27134652908198004 0.57936023600410191 0.31168694240011335 0.5324339192195674 0.32849265175035031 0.85541575543412163 0.83598220532647005 0.31585287331690176 0.2086173271131751 0.36437319820392861 0.3873815180215327 0.53581731162238466 0.61548689624876418
0.42066904972893943 0.73563927198881296 0.034518043978953347 0.4312231358369733 0.92390118358150508 0.11106339497130661 0.96566747955838983 0.76030792715604767 0.29163481283526388 0.62497961976460659 0.29057907324457982 0.80658279217144035 0.11532728328114099 0.33083251858273349 0.12128549889719702 0.1112027642374656 0.011677717489535767 0.14635499995028717 0.62584191166245262 0.17886216257389859 0.44347556113085135 0.59345573506895111 0.59895335543532024 0.22876367836181749 0.10747568592765748 0.86132904427597956 0.1017308955055533 0.40739377435196983 0.67767310127073066 0.07227576772252324
0.63403886896595518 0.033914325503825268 0.021290092124861038 0.66623441901069513 0.66867668759332277 0.58956140483994735 0.83171164435608924 0.41617506167807822 0.1566178770660917 0.53376849372402735 0.78190174676490931 0.98091600723202654 0.64645308058078099 0.71575179373920361 0.17283392742169529 0.96853164888304855 0.63717343213481181 0.026149790024190201 0.8520685190191567 0.71817975665622524 0.4315877997072371 0.15299344848663515 0.42176627945043715 0.85380106453127425 0.2768417147066638 0.063715776059672866 0.19783444804602007 0.70639336610330228 0.58558202324297726 0.22415525535965314
0.74168122549250315 0.44256217871198306 0.32728562858890314 0.36435720537575084 0.74260649206754648 0.49506585754504556 0.12592483007396565 0.97095673441284291 0.87938604440754131 0.40954458398320531 0.74315903084958235 0.84281112646672562 0.96838573682205231 0.95540126834915429 0.70069542065099255 0.37025070342349825 0.4258532269115865 0.2920953540032884 0.22106840426404478 0.60778254120016184 0.36797115434204591 0.28718571697331169 0.98462776552514919 0.10554410071051672 0.7979425628437341 0.62564352601854667 0.32458733055069894 0.035683009104794425 0.44346553328025723 0.22568834926992948
0.71348138638216574 0.4672233258706146 0.78442371091343288 0.44812456588985622 0.60310614867092671 0.12586181608439545 0.48332284866717085 0.83813691510324173 0.99006607172912242 0.10566291031799339 0.69876384104307443 0.7026224767405389 0.75758891610695478 0.3877806304211176 0.23457341035394413 0.18228345131679918 0.19016121414030868 0.19458173311907884 0.50473159302860715 0.61313710734452764 0.70168007025619561 0.94667691291578571 0.22712437734716845 0.39627026139981708 0.94264711154884584 0.72971238250353432 0.63480937367441326 0.10396149999109743 0.86691863166592997 0.84704258160285428
0.3525816599859331 0.63770649631802656 0.16505422151774468 0.89133446953746742 0.41719236380744446 0.94253668675284075 0.92050328907033863 0.2678828072849096 0.86112249260485285 0.092685077339297137 0.21329506091051548 0.92851330436400237 0.76471992577574321 0.74627183578266298 0.47934948362250446 0.27873528509366746 0.8086447729264904 0.52142099550303311 0.58989439964615464 0.08691654809204323 0.22868115980325682 0.0006637216321372819 0.35462375153055531 0.55185029191785584 0.77914209992203942 0.92932023667564134 0.3690416387241075 0.16641086913603792 0.97907759854940657 0.19610462058226513
0.71717441024734785 0.5560405121633718 0.18215881565221609 0.88788425579438202 0.47725491889667243 0.03011214197100558 0.74458644131470064 0.52672844377808115 0.10410324029840505 0.56600608749254899 0.01090013558877383 0.95654844524148186 0.22908794633370461 0.35410838990095156 0.082338605926939243 0.4848249192119069 0.25928331133095445 0.63949179825422309 0.40276205156769213 0.28262805223327264 0.36257907966269237 0.40091649474512309 0.47386709873492022 0.43147921917877324 0.92187950795575557 0.61449694414164402 0.66040201759807593 0.88918906680576659 0.7143044504856586 0.56147503422309541
0.55096145862191703 0.465858927036152 0.047024914229044021 0.96561948447745927 0.73095486649860342 0.52664760370826136 0.46009591003845068 0.15418295001921462 0.77838873035654743 0.64134735482455318 0.63674246942550694 0.10550347440416223 0.80101855592684901 0.40019241567799807 0.24845389871648565 0.18413737882539344 0.072762911167564878 0.96655988016420713 0.78952330419465733 0.35039224114068174 0.60849112688073592 0.576912398184799 0.12722828598505592 0.1954170970365337 0.93569962717239363 0.3850661845412337 0.35246782808359162 0.37459768260821319 0.54675137544391639 0.88913951511233802
0.5905028422078874 0.3825399911426875 0.18609291284127388 0.32763524643074288 0.34354613491072866 0.65550941238901039 0.25044897308358177 0.10453539289292683 0.73549690532181833 0.37912825948279233 0.90917193852066558 0.1406493857975028 0.8635579986616001 0.15921392386521221 0.80388142914166794 0.043763737316522874 0.26726982634732904 0.79412750453934877 0.41516307547658998 0.92078250538507089 0.73994946471083589 0.38335098618609226 0.35254250765087974 0.36428159920669839 0.22531210757486547 0.67446413181152898 0.70130278357394871 0.89120810705437625 0.70807919634876482 0.92762660786676898
0.084351731800579796 0.89557737538220306 0.41646017009761688 0.12322832346594785 0.04170140948715588 0.81560530085284377 0.27633816918109605 0.42629939180447046 0.96468196307141707 0.2441057697127566 0.78229068156283277 0.84208632478662881 0.944152728165356 0.34305231486232707 0.4309097708696073 0.90071501847627211 0.14186250183439991 0.7831718961691968 0.71769589642724263 0.78401820150172341 0.23291753026547973 0.26319105114438718 0.16077548209792974 0.55778587233596255 0.24890501688110328 0.37528901769316741 0.41728367796068883 0.95020831939157246 0.076318810873272455 0.28976222602605811
0.44202834345925429 0.72746512042655753 0.64676614106743413 0.37607730900151176 0.41723024568294692 0.9268176955841777 0.12937781249308106 0.3697169383842655 0.55435903593259528 0.43849360188118519 0.41690879746941839 0.64481548301331271 0.45918724171965569 0.62522312960234983 0.65662321189227046 0.94054331854157147 0.57546414880860774 0.85448814867265055 0.13274660116702736 0.55220857504465048 0.94622069921826424 0.54185842108769722 0.074133100235489732 0.41111740148550174 0.82146399004298143 0.84218418320847122 0.64339425981006093 0.17207614791577114 0.89917767042838481 0.082954284494501415
0.91615390871093771 0.32843353849711504 0.77020766511808292 0.44326573436056954 0.93062790388676353 0.010082986828338015 0.40055600465202484 0.45024882616300549 0.57781181065346965 0.2214595635877234 0.57900541955944562 0.20677133648793983 0.40186157102525372 0.98910665539810194 0.66276934112687846 0.49590729284975815 0.95661263495235815 0.059678064230869118 0.2031810924419169 0.24981461462938143 0.47369439854528822 0.43706982855631343 0.67020791557620851 0.52682342185734676 0.40758619564574589 0.5298262166379778 0.84701507605649773 0.57917135746343928 0.54736233293474712 0.2067283964632935
0.39791577647713444 0.75333125272226298 0.34655371702133714 0.021419433766029106 0.74331312742385502 0.99615658099364079 0.50585973469021173 0.71465670316560337 0.36103258513541564 0.39955455631426789 0.62504246290665944 0.24456175702510757 0.72618807923652651 0.25387215580504491 0.58874709476674247 0.49554196858027116 0.63425885853978292 0.4069783264930788 0.69554409660361827 0.049124043247265645 0.20470636421834493 0.26794536117741924 0.82140809477285881 0.98139432104936397 0.61159144900053319 0.20454161755844075 0.8676396840466406 0.93479177466722008 0.14223008426153577 0.2501962681827517
0.15835127616936823 0.22148434120062083 0.80577864996620674 0.52777076224895769 0.63909022522001868 0.79602969461507955 0.80916665187165282 0.005565703442043035 0.93365307138704146 0.19034098072390621 0.18143922200061485 0.59968007135351731 0.83119570104040019 0.092950103064353959 0.39795449908394104 0.19539215370401447 0.38625945247462729 0.82507553580426074 0.53506004070737323 0.95846237757370822 0.62027045162957961 0.14905251208432208 0.16900864604645932 0.90292290961210608 0.042003853262276333 0.17301179089659818 0.09456547228951577 0.4163628125319519 0.47328184461096606 0.674552131498384
0.80358217471837456 0.82472703222281762 0.11684005337292895 0.10446949717207503 0.030467593583934739 0.33948479868015419 0.40615483393357649 0.98784011993082232 0.63462390467063079 0.65664915665047596 0.26042052136323562 0.026206233844431371 0.97007569458495935 0.81889975837712448 0.55450645048912994 0.95722615274145761 0.9641035539387427 0.61374326032341575 0.095971101731211414 0.40264519299360862 0.16661194318389355 0.87740962023753222 0.017127237247950889 0.31826084191565324 0.044617813437060769 0.93141168055690449 0.34829835469582032 0.82495030343561926 0.34489211390505753 0.84686736517899719
0.11455289508335902 0.6886009068160257 0.500954068946867 0.27499515544309167 0.55291269646485963 0.11192788886426257 0.34577819320570974 0.52341152253196055 0.20312196190733506 0.4544634896899567 0.046800891593816216 0.71431515431874093 0.73892656871689089 0.27034503586301845 0.37587182623238874 0.60504606603950062 0.41947098524131327 0.42286371622002722 0.5144409663107018 0.40183521363682023 0.56636500774900433 0.85999673089251982 0.08255356454504241 0.40832225447451947 0.75652827370814557 0.47597373996956188 0.91772568977179214 0.40661605795594907 0.95568218872710342 0.95351025980478277
0.15922900538470303 0.058353761858335226 0.45572518887987151 0.33441296764381484 0.7079687282857392 0.93127212849437002 0.52595547285637501 0.98583060954513302 0.49456482276129349 0.74769155062855686 0.69776525155633085 0.39722619889647953 0.98449372788634737 0.12265916128516823 0.52586347740018524 0.96139261356564265 0.82360589521341232 0.86988684493334245 0.04542365698844357 0.6500344202280316 0.26864416034321653 0.79630165700348865 0.46648124133015573 0.14621697938999928 0.25552183259025479 0.81979582796034178 0.68642766888320261 0.2964485152249135 0.90668953693134979 0.95199528949560208
0.64029732067385892 0.91163970634070923 0.68424932025640939 0.088845988172164644 0.40992598108923223 0.28461944580600002 0.22269670709009609 0.16426236804212119 0.96448229024853793 0.99789193377823893 0.87577564373488703 0.18417811957198543 0.32935890558406283 0.74946346268678798 0.72283928072593784 0.72813514658329648 0.98296246017963462 0.76267283749015846 0.82626333267523455 0.92165779327863762 0.11721905941207116 0.16285760234197438 0.90965002636368064 0.74082521491366782 0.92707002961575402 0.74128424425998041 0.10644847381894045 0.26693966519646589 0.74453386420591006 0.49578876142675371
0.79164639682682636 0.21413980085171863 0.58603267170040363 0.080348029387788109 0.96698362965676332 0.090391818280520494 0.62672242878628004 0.49467028327815693 0.17447703253715058 0.97340155767592174 0.59498353673496618 0.51862478129380751 0.26155205155025157 0.26970055520845954 0.006363319862126615 0.065367491370324091 0.13341051515977637 0.76923720206477109 0.48319179524882855 0.6262449001463174 0.10761007794406423 0.37504041634136659 0.12021039040585928 0.59310525877163522 0.0038193869024935488 0.8923000198179718 0.45560753772127566 0.36483917937326032 0.93793489157279908 0.028797944647926555
0.3683977385975768 0.89655303166813727 0.053947590959476585 0.2121997358255438 0.50868115556517857 0.80876697893179583 0.82656243018801356 0.79721656082544345 0.99944534737085788 0.20967281275861788 0.75868892247346631 0.57956178238259526 0.88653558028191248 0.48445663303683323 0.41014490606231507 0.030393363561099052 0.9001935608734597 0.92859589919800567 0.41247539444725173 0.26337970916886017 0.57476334746327895 0.1664885184945733 0.18291049832592426 0.15630601532849092 0.83062425304124066 0.52114624498449758 0.58570408017219855 0.10881103029207644 0.61886357071849152 0.16583501767446368
0.5052692133955029 0.79615380213318387 0.45709711069183118 0.82717184005114175 0.72400846266638286 0.28086508183852371 0.53376422505302845 0.84382306068209234 0.48082855830975219 0.29805178053762532 0.7088662386944502 0.35156631378490238 0.53397548544188245 0.95076593593897518 0.98034511951060022 0.5761379761166503 0.26066893807862507 0.81848451165532976 0.60164627330587683 0.50159978070637934 0.038408076402831101 0.11671024346339769 0.58243003262078086 0.58503828419253401 0.66582475129079333 0.72088467389479194 0.61786568879673764 0.50177829471130786 0.44963268443474341 0.60736724759516403
0.40311195959748175 0.72723591914115659 0.60512271155675035 0.063149038177405623 0.054841793760399146 0.7515297227130846 0.86841406852531489 0.55577988953186941 0.035647512061502226 0.7646561633899166 0.68179692734463293 0.353680434385582 0.60291447154608002 0.88710263453466875 0.55996997271209925 0.27733671670914223 0.25915970823815221 0.91653804914441939 0.21269469500820976 0.27348180916727521 0.56332908815837512 0.73710698482071857 0.31144072865706934 0.55540133354356447 0.17828329504887747 0.95307655224277044 0.53351816604996294 0.75418940624161157 0.970913429924677 0.46601814104434253
0.12066483442107516 0.55296353499719209 0.46993494263749119 0.54972531443961048 0.14610290948981836 0.21393814801348238 0.54663176814929704 0.30930537789947782 0.16757544965085919 0.39400344376515833 0.40561153779592235 0.9827465515019268 0.44293443792639348 0.35482433433578625 0.74276234546651454 0.032666041868573512 0.14814696628391349 0.71905753070375766 0.58778185012388107 0.72368149893794609 0.90103354018560677 0.13959867390251374 0.81895226675232957 0.27196475064770725 0.25042400785090296 0.76104632440134024 0.20629477769311705 0.52659880558183259 0.48236412430536252 0.28243102596701625
0.80417971190134019 0.050311985277257817 0.28446490056341328 0.50331009102159352 0.79117693241053078 0.23467686511965385 0.86683556378859028 0.36446548899499026 0.05585506241274589 0.95803648934606778 0.77190699830806975 0.77155489132801036 0.087067344359628082 0.68752087692562136 0.86028308881313109 0.67089224094514877 0.48502448812986249 0.84702677310050745 0.49478694411342933 0.12365791639484873 0.89919694605239098 0.36709772951138836 0.00073512732445772948 0.69946739693843696 0.16724518535873295 0.61321851258968041 0.55690090833822448 0.66941284434949944 0.47126455460922317 0.91254175053463904
0.79360849690813573 0.099044016153258682 0.32784974108450154 0.79860464789803665 0.84801907606280824 0.33340203891648207 0.687477865535851 0.306239667453098 0.94689380137140355 0.29818801988726967 0.82814567663234173 0.067184479426406193 0.2793652718344975 0.1517782405598988 0.19781849726389472 0.73054187602039877 0.71523494722724523 0.85407794082837052 0.89401150688008468 0.38622275979075088 0.28496753626027133 0.18752787702187063 0.37999315732762057 0.98296480538836617 0.72928312565552811 0.96713106470218801 0.38364419550897505 0.5110942254710702 0.11325299967681428 0.15387352223057554
0.10193882713967455 0.90770231518819788 0.42681027716978265 0.71214092833478693 0.12265013996153055 0.69785950794427054 0.68525888242802024 0.39483064268703 0.38744302922949853 0.47350564805785006 0.14702899028494448 0.35308152822795152 0.040319077749408169 0.56012353129228754 0.75005781744273203 0.52720160409567873 0.45698003141449578 0.66396352158899019 0.048822851041341805 0.59253787088900156 0.32267936198382779 0.47880634664702709 0.098659066158106531 0.23194764390239359 0.12922821962723358 0.63604935360292258 0.93049316200393872 0.99051712262604474 0.68927087234166518 0.81129809702783973
0.21936739428305735 0.69010768070931794 0.73776682885087308 0.39372440440690354 0.80041703987057478 0.23091209481984182 0.035987670912114453 0.38886941460707186 0.44956844451281558 0.43496101764822021 0.62154536190375143 0.63683863885804093 0.44839005428709272 0.067455783541923317 0.31133834105733355 0.29393077191386668 0.33539677740968937 0.65367738164870004 0.69950411701759441 0.99587628429402608 0.24911130518629648 0.24620225614254027 0.57792054107622548 0.076304485501365191 0.64380898284205179 0.98115411230179039 0.02822127679550317 0.22396693853325239 0.8646618680488396 0.18306432658394317
0.02152351811558444 0.50647132571557851 0.193291878987982 0.24341771920647431 0.48182620739131538 0.66240733664603846 0.9573102311929681 0.47286826772110674 0.9347252101640553 0.3042394514753311 0.71783402129645679 0.5038454813873704 0.37530345208907773 0.8479326329546194 0.89958258350689557 0.08768584427139374 0.69621250185929295 0.069391157754792362 0.85054188052714197 0.63677034105629626 0.13828302190343539 0.75109280095063879 0.90851336962128104 0.36750216854777834 0.55613439116992325 0.90769222677136641 0.23045286275498073 0.61779867744383743 0.86611683918382221 0.67247003019544516
0.098522396332498305 0.80028427477019592 0.37967446945023814 0.69927693047802397 0.71070446338993221 0.18396161597599853 0.487404817203065 0.48776401810008324 0.53695823891215355 0.11396985846359513 0.62863436835229181 0.21379958272316263 0.50056849300121986 0.79226324482003085 0.9772275945018889 0.40422687977862964 0.48911914976845866 0.62539148540059719 0.11246319543711163 0.23272144026822023 0.33853029794841655 0.81967983392503263 0.62183235960208838 0.16443125160164557 0.86568201770866682 0.80304921871326462 0.21498754509267931 0.41273725190698746 0.88762829947343092 0.19177986980471035
0.8045755309073872 0.10685781154432232 0.40183239244270569 0.34894836834112491 0.71391089117434881 0.78075090500853117 0.60643027491467261 0.29231553243981673 0.23106060592719041 0.54140880442653094 0.78869882204566877 0.75530681468621252 0.54393326464493563 0.24507962675183653 0.36476334858414211 0.49316521588083223 0.87940586392562126 0.39796841343644124 0.65304922425706957 0.43567264713088422 0.87674645040151133 0.35669708696464525 0.12908612374222256 0.7496492432399875 0.95556480527250554 0.1048170579973761 0.78187650954317811 0.67924118617480123 0.40736781488164425 0.85047414716121272
0.51508092802273486 0.22872451183228198 0.29196535222836012 0.82927584105071939 0.59143226884790245 0.71996947464212191 0.92955561612406945 0.39547103424359448 0.53718704816631124 0.38660441174518972 0.67514596397546234 0.26272126300529891 0.74660269632951082 0.18509580239402929 0.828715241338977 0.38282549000915939 0.74221746083111761 0.88948356187409872 0.56487535521600496 0.96351465993093566 0.85413638205578202 0.42976195457221361 0.77500679253303895 0.37512662526998702 0.67027727218653321 0.87829683566469297 0.33483995014210427 0.9683887782262528 0.20078155968107708 0.55905324935073508
0.33222368837389654 0.37209263617851879 0.77104291246440215 0.72924211268568107 0.42049920897260212 0.59309671394707197 0.11737139278239499 0.1023630417158246 0.49463217403801724 0.58236430963377384 0.86550972570533169 0.40335005079761271 0.82580412221145461 0.15171137062344336 0.63726669760540589 0.73686666008162949 0.086133367547719317 0.95175423446649909 0.37381251745976546 0.14942990688000241 0.13036629421847562 0.28541542045916074 0.16291151148385291 0.65517953532347917 0.40908101237908417 0.092817784751680163 0.10302246687061727 0.68252556380599705 0.96150727623653776 0.29288654304352274
0.85802876351248325 0.24888185851689143 0.79752503802768915 0.29596053703833752 0.88326836025058575 0.5319729715752578 0.52712194362270381 0.79651212728688148 0.9319619680573431 0.2542688591153261 0.33265398778392824 0.93989458290601957 0.28075526646056065 0.12212096196510551 0.75667399699926097 0.096979240809099407 0.2407182751343821 0.83972409981434448 0.81613860955325679 0.12776478631812754 0.14739485821222958 0.97867226034696553 0.69161839623298516 0.66295232806437887 0.36169371024343394 0.74317188556519942 0.65699570188666645 0.21385653603233107 0.69562258999872495 0.077387720925008271
0.68126518086461929 0.22930584351367428 0.85084018034656794 0.48795516247974285 0.09829770889148963 0.1902846612439964 0.602939080079267 0.79976713917447106 0.88014883008895939 0.09460302162243743 0.65147162611783627 0.31636940405124286 0.99327192906682293 0.28307816506028832 0.51637471040948579 0.71196337801425835 0.91042183783667141 0.77279263099361828 0.22468399859143701 0.45434114044975199 0.99264929194359186 0.94967871612462562 0.91937847227165093 0.24298108844819583 0.24982800477553685 0.05749687506640748 0.12253725921066931 0.47576602631805115 0.18801370171859805 0.77129137460841124
0.33655359623607567 0.75542107802336267 0.19906277554715684 0.57622916125561907 0.8001277823378925 0.32915212351745643 0.53009532388999026 0.47998825599962541 0.83510511877809035 0.92818899175238634 0.10948414606641969 0.55951238980048401 0.81832766599425422 0.92182947582296659 0.73064869836269208 0.22105780373384526 0.56033205212326931 0.81315877217692667 0.95683134113572876 0.12717619560032184 0.064407761245561398 0.57123750191640665 0.94994692152247306 0.86441930190283478 0.1108048883819535 0.033397171984886717 0.32772424729435562 0.50653827961284192 0.65880207739364882 0.42685875199312823
0.93356367077042834 0.79330793027656088 0.96916404407455969 0.82064720583266781 0.30571310864883233 0.81773480844258462 0.030450106286554247 0.59561886128444874 0.013658161781312229 0.45695848791866528 0.74752410839963657 0.025155793003556904 0.11614340133624328 0.36398600605891812 0.60376538743519026 0.93600513010213449 0.81411801595594824 0.55670193143854307 0.96626916717441469 0.17298354515309394 0.31931968848565079 0.53965884975907419 0.63191180764512644 0.97219119714288793 0.72052845562871382 0.31968016880760969 0.42999263456172604 0.043980035641491708 0.026386515816903367 0.17534454850286113
0.90542931190778053 0.81328308220400114 0.66674995829274175 0.62684045049245607 0.87080362882432805 0.16280459532464503 0.76390424284762815 0.022929798103492761 0.92042227237512086 0.0097328035074625736 0.44876106862734849 0.96350303959907002 0.079424147868314351 0.37226407050659666 0.17309828290184476 0.93287218027513441 0.44610156084406488 0.8546887635038275 0.50519481761590534 0.2530389049160689 0.41542940243258447 0.59013212220658351 0.38335134746225169 0.47448671115986968 0.88613257601426576 0.22006019028964791 0.58992828707870981 0.31045149017788803 0.96526910606448679 0.17108711026355145
0.067777624553159208 0.9261655326817072 0.29431816478984935 0.33582107407606016 0.66191853168566839 0.20516538625019537 0.28229767844897052 0.41314812908075021 0.76056392349790414 0.011618837688582562 0.78238715054164942 0.13725324503266029 0.31062291307551365 0.38477481985889123 0.83103625556410687 0.39343202765801516 0.13253702067223166 0.23910618516392562 0.85086391581018239 0.2730728420442467 0.17938894514830611 0.086748121336571435 0.82767279524844128 0.58454038784732887 0.19426382402314418 0.41714165938678255 0.9467303850613501 0.61842824929539386 0.9485966449520119 0.31538410797335253
0.28286153564243394 0.1903585670449664 0.93058533290976353 0.028876594551630098 0.095953871064247395 0.3386498757271677 0.39477314818854231 0.11180670344363701 0.36275014708549252 0.59402367305640058 0.48906529659393544 0.8538471509105956 0.16325261955358533 0.62106732185032876 0.01544200338723838 0.16474942332984505 0.18841443796628027 0.78383188865381415 0.11286521546806554 0.59680008258414008 0.63567394170895586 0.98386236758080869 0.92213396481692034 0.75212530801148658 0.38103274266600723 0.091975820514719239 0.072419411169594869 0.13484857070441231 0.87905333741096225 0.84523352523943718
0.60655188853157027 0.048402570862527458 0.054915981572096248 0.18586795294166464 0.69622568321062273 0.32279086638300841 0.40004222353640678 0.2378298781616624 0.14437782724563192 0.074605518935463785 0.38728290926962233 0.017537482087917989 0.97699124613259758 0.58338413098696651 0.20605664317199984 0.27738787712770735 0.80103331991206317 0.58934796620787999 0.13207338871657054 0.0037548004495198571 0.51376123960274578 0.52766634380248023 0.36228682062055578 0.86294175261735084 0.68488531084376847 0.66904102996632098 0.89603736329106898 0.97325045885775552 0.14625569595182003 0.61363348131085582
0.41246733850326817 0.12386914963681332 0.71050741896063774 0.18719945461353232 0.87193114732392862 0.23699184001364587 0.060370114940862016 0.74067490216725429 0.9828324096659935 0.37184834286950402 0.089934844424193569 0.95392510042838785 0.52625038299094817 0.19015515346497508 0.5847272981094912 0.76455341837835866 0.73266341717029571 0.6030552887852686 0.37248752723262107 0.43859460837969649 0.02226502616130115 0.71102999184807891 0.25686565419707125 0.13185462873179693 0.15730307433488738 0.40070203149681333 0.75138798374289473 0.0055585899701936945 0.24282164913093068 0.22364717670107231
0.1582620950744103 0.65836204236300822 0.72661179044040469 0.87316282611888685 0.44222751712935077 0.83899339059244471 0.13044262385830069 0.079896882474344608 0.7989918350159172 0.18021894957344337 0.72447181398931071 0.43685814564036823 0.034718651081283178 0.39809799236939941 0.93564265222463339 0.76304028129033052 0.35914075898424619 0.55701030338863822 0.97739279762442866 0.99116180606924709 0.3685347171661249 0.95302693996900256 0.51761996388576825 0.75474314437006162 0.29365046070900963 0.49800003364240158 0.92692417727202325 0.72132597329893633 0.90124735836383274 0.28950102548456019
0.36347780548803127 0.097665189139951078 0.69812875187436163 0.43095009002848078 0.18902115034113937 0.64516067465234761 0.058155432752038314 0.7755164513927123 0.53124981291187878 0.77405789227791089 0.81326850437744946 0.49582261832692803 0.33061762335455275 0.19567418693792987 0.046749995240386075 0.46303227297446298 0.61182965721572014 0.19179902882524341 0.49057952020475531 0.74601636989140829 0.6256060375742355 0.92387720519247696 0.26336921311801725 0.26374625929379997 0.87724142479517919 0.67924259512314478 0.18450197386684558 0.63213162924489974 0.55469548647238986 0.56152628480555811
0.26624471909924236 0.61787087516320582 0.15409805059659515 0.66558712648411 0.63397109932560625 0.1765048269713379 0.6592214578476252 0.50417272480086173 0.51303240939814965 0.022689246120313023 0.19475015288884495 0.73156884849574855 0.28402668379043289 0.98161345285016521 0.18336902218528967 0.9819394784485308 0.3325855203490225 0.42161421771086288 0.65936531114203412 0.71414112586787359 0.18599870008968605 0.60482583753673769 0.98380856686797058 0.24607156107481559 0.5336591168236372 0.73046382477891614 0.057075148799126382 0.15323132301728654 0.84412219635189834 0.85793161314065913
0.88316409775091065 0.96442589818365299 0.0089774501295134986 0.39410760264246719 0.80742154389019272 0.882284247815597 0.6816641338384346 0.58489483892975447 0.068666787980222563 0.54462528669596544 0.62381163343420054 0.61323613121055209 0.5008775320497264 0.99040744440719164 0.46858618497148902 0.78690589797081778 0.87804757562922708 0.31628590791174055 0.91806217558692815 0.74155982068872217 0.29956922592484064 0.29716949479511173 0.032356469908348881 0.47564756708717365 0.0043481427970720075 0.20499273287386438 0.83705898942312829 0.36800673666441402 0.6607012043924938 0.082013183557428079
0.49078292307510224 0.81757553603726008 0.38336436977268179 0.70641984246502076 0.4234164973635674 0.5282452835654442 0.1334035963433558 0.22201014494151011 0.26225943643783262 0.30615633714684837 0.63287220270394484 0.28718215562320643 0.59694076841343313 0.040001125973491744 0.85632607820209161 0.37256625387071446 0.25320186583293586 0.22789645733573222 0.38162947573726641 0.43208170184888156 0.38472413634570085 0.32467016027605938 0.30365618137329792 0.31127124047036064 0.91124491867530477 0.59401903910236198 0.055008201171508217 0.84363017092991899 0.20575487588935265 0.35208527978565235
0.41484538938980536 0.9832136532027469 0.49508650829314488 0.59732738391943163 0.60063441350207614 0.51731844574871266 0.59721557095156974 0.95654074822735224 0.10403210664305378 0.5283446904703808 0.1249410649865114 0.34740761045268181 0.52577779424803817 0.29220577057832314 0.48021266488719011 0.77931671978630679 0.55496381611454149 0.53416825182504413 0.045024214390986736 0.35519476091171748 0.44779988106190077 0.75970968923340254 0.39442765769036953 0.23906069421824333 0.96479086035182882 0.52276695124224826 0.075596109811898168 0.24587583217947789 0.51316428314200402 0.12544291086665932
0.23690628526938601 0.5134735235917649 0.074068986327254602 0.72925897905813719 0.60772966303581588 0.1887489106867381 0.9847173510826962 0.21829837703838134 0.87977960221030804 0.63371291833017074 0.18969234373322058 0.28185471346819219 0.37383312017690867 0.64967948190784419 0.030049190164922957 0.21214794403750742 0.17705197901704811 0.34974610465790273 0.84443667904283914 0.081305099068684591 0.074848662203813518 0.87626232545721305 0.99317330763312672 0.13306129831229002 0.28602131812232839 0.92295075861774445 0.44307947758393157 0.2244477711543536 0.74445593874167304 0.60633693353792972
0.042582160792698429 0.85813773278706573 0.044050353985522636 0.13908302391591504 0.88085498048409083 0.98125866121169147 0.70338186262431945 0.6587657120099939 0.84425943402518766 0.34698591079202107 0.074158858844919837 0.0013632125843518362 0.56249572464745257 0.089480417712368074 0.1196399482289701 0.50837515716510917 0.84495726961513828 0.44469808153198481 0.10372658446321296 0.44618725856188363 0.59074246226530436 0.37384168932253975 0.52118555150324197 0.94609441934866945 0.99944039040259203 0.41181585247206459 0.32153551331646596 0.86308400011496877 0.071303631281483135 0.49064381479330926
0.80437906216134436 0.12106722340106095 0.85753142269769489 0.44361053385906596 0.15924175852726846 0.91026380015587138 0.5633567051663555 0.84385645715962243 0.72763227892096904 0.43869977139826605 0.82499789174363891 0.12199212671812724 0.96032756919901452 0.046056349835589414 0.64727749396449585 0.057295553038817768 0.4816423731516401 0.4230409824697165 0.69416014148026517 0.12562056102149771 0.90831217716862733 0.27177533967332285 0.91198741187512078 0.55905976665669299 0.022346821086254787 0.54626844474288649 0.25655643930733113 0.95313489009834351 0.31843741275746901 0.86646036757007139
0.23131007210501359 0.44897315504371077 0.59441657661998704 0.53454300471368588 0.87418861258049796 0.21461780881488707 0.66269894670559781 0.0031405205933691558 0.94780739796877289 0.55456304344481189 0.64021389233771486 0.44030294414351728 0.095189383431977845 0.64101688844779658 0.57018548453872142 0.42853223022594816 0.1297618009150831 0.8350266657195663 0.22639324114905318 0.87550183570309104 0.10133758284322229 0.47370459430671313 0.089967473245080629 0.81193652354419343 0.32698276583763647 0.068038816144457434 0.57269052170447488 0.94359312254867089 0.96724375815087738 0.59613951436870194
0.23027779578087987 0.2103415114177441 0.83278580472075947 0.81959165071954732 0.261353801830911 0.048413839805108425 0.45864662311215737 0.95204160920712122 0.028276669396282195 0.3912506226076235 0.86966087237702805 0.76788574265279919 0.94375200518300661 0.12662587663414421 0.33411251399803971 0.76196418412434774 0.54564377993349644 0.055485498640777384 0.68478759699864533 0.28817116620980493 0.24068658682133676 0.32823496691913484 0.536856478662744 0.93887031949582544 0.022567144480068736 0.86208679582836545 0.20482294717891719 0.181849094813541 0.34835112778400351 0.41794544335163136
0.29723443970810054 0.029367141647022744 0.8187587481194526 0.90278348958878962 0.043633511807785894 0.48520968211169363 0.47142100432376305 0.1255455619526506 0.60098548242005789 0.074068284684989646 0.54465743920914644 0.88939339881382928 0.20620578317703903 0.82518606758224422 0.47869834322018884 0.98983294869602056 0.19347757025474671 0.18467649818488879 0.2286147176146654 0.75141724174786528 0.66195386314287319 0.67917016333136127 0.37205347242156134 0.83490205796269068 0.20469948079586958 0.5535095498142919 0.85934333331829982 0.11344513066097865 0.054723577816977939 0.88553355166032299
0.14506275687036069 0.74410212062687342 0.54782848552184438 0.5679689861129108 0.18296027506297302 0.34085652214281431 0.60058830085418724 0.66465064221890047 0.65479332030096371 0.034140298042753911 0.18712902679687377 0.55176657652279315 0.89381857644158536 0.68890358769967519 0.29679713223970955 0.8245868413475923 0.6777981502273428 0.37292676998934143 0.68802604478937202 0.90055689504303527 0.91652692375773914 0.02761004515879022 0.046286466614037722 0.37382998978153575 0.91381437227661388 0.80765017838209086 0.03624204201919716 0.63498015313559153 0.4238771554676159 0.23401621165651215
0.38981013065135933 0.18886781184780438 0.514455355656531 0.27927275093332743 0.56238426562960031 0.88203474582428032 0.26127787152890386 0.52560545588568608 0.40938180849664979 0.35579681648220179 0.34908636750624339 0.71719003885807597 0.59502704428054365 0.24414797922639281 0.25201744522391906 0.76468641098322065 0.20801145845176144 0.5251203530376426 0.32760175295585242 0.79494154668514716 0.86342933204790895 0.98881845247325184 0.21068541803542312 0.14783054673261103 0.88195807589890662 0.75718242525739543 0.79936142494084872 0.94895488625421531 0.95532498171262403 0.99927888225905792
0.396977555467735 0.71273820059507409 0.5835511795418199 0.78288277056651867 0.90686064360706131 0.44308141386406247 0.28391213828621048 0.82420830007708223 0.67740045065864174 0.63531815889980447 0.79357755932214824 0.20947209317333199 0.18648531832154608 0.67004223711149069 0.51982624342517236 0.43804557005590811 0.17209785274268613 0.22503349686399216 0.97100674884271032 0.69036768466035126 0.43512967154425802 0.4445433100488792 0.41999881331915684 0.042003216512350991 0.95336359580348384 0.3918904431411831 0.67683349586768315 0.92207547864172945 0.0076122079261212059 0.8050425277566452
0.22945892527401984 0.11839101683166546 0.86628819838298021 0.0043351858707906697 0.99688695157928753 0.21285686964519362 0.77814522661104979 0.002170805564393463 0.96749486718716959 0.028801008509928217 0.10567987321200405 0.22520388251518492 0.094731832176252737 0.88132030275317319 0.66375980062697226 0.35250339677681403 0.49293903190312732 0.026838396352345795 0.6718933375126156 0.29198317960380066 0.83160250220900256 0.72393808479893029 0.77311573013264223 0.02401925919448249 0.053416556583080019 0.52248668825641842 0.54823912581612322 0.6044955877100685 0.24802649687539752 0.4696111538211743
0.57488078336678339 0.75488848549142995 0.78429262787874632 0.65996915935170919 0.085285263641284789 0.96684342469804851 0.26576460730696055 0.96821473303654049 0.46120532682004495 0.90602127412483491 0.22075494608022833 0.44189218588573048 0.75341877241413358 0.6912333111599368 0.42042378974038414 0.42214304708464695 0.57679651222882256 0.49292517920485585 0.94381771198790387 0.19311324817272996 0.3248783172987923 0.23735944009512472 0.23536988926322738 0.47677205726113164 0.1222737620839313 0.50339943380541186 0.94991357920280139 0.033406153824041704 0.86415915240946772 0.60040871023041342
0.91114457686537498 0.12909465847490759 0.74048473850843499 0.6623004284549765 0.30769423540407209 0.41233044123468349 0.65394889849870652 0.4854927767137493 0.41598266374241227 0.0050637834672833558 0.43974917947097131 0.07120327221692184 0.57139114035962146 0.5856183646386226 0.086126308597831921 0.64768833157474692 0.89104897823818363 0.39624164380958432 0.43966129298270079 0.94874098855564148 0.13695027372967533 0.41329971937544002 0.10275849569501709 0.41980217234366152 0.93213586212195687 0.00018090825893495309 0.93251561973484298 0.66346045200588832 0.19617558172333455 0.24820149202192404
0.4832844278343193 0.89296749349119819 0.3753397037154716 0.59601801860280434 0.39402796142357838 0.47874553701436712 0.79685842930552686 0.47044851640988056 0.84249464143465069 0.60332581704295107 0.24900467204995863 0.96143037815917032 0.98968503948596398 0.70588101398870795 0.49734053072603496 0.65602899609288301 0.27347625106028056 0.60414935887334931 0.27652173137968666 0.83675469888270826 0.06622788458791655 0.70181105403018396 0.90381482779819244 0.45747518349132982 0.96241721540521219 0.64063130473268992 0.9699158042975996 0.80919617270538113 0.0080902125947359023 0.92869651492659688
0.9879811263597712 0.54747627002530208 0.38723546716427398 0.22000198069760818 0.43677611539248878 0.42726569571222911 0.12935618805780985 0.79826402241336636 0.48326218655417158 0.85923558807219758 0.10867357920740565 0.50671319398567238 0.73921889661247053 0.48969760258338552 0.47999031860268787 0.47503335905949767 0.083299929483039256 0.02827537594478018 0.61947404011031271 0.58401969981906277 0.66263530060242914 0.8564716929774564 0.86981093755852001 0.29392713885266758 0.99701687806215777 0.73617113809130763 0.037348554873059922 0.33595059291315904 0.41889224012503351 0.7634844780582698
0.52688573356465818 0.70656831409155141 0.28982128268833646 0.029861337474103179 0.47441935204149327 0.26873308418225333 0.049135875704279505 0.10017937634957656 0.89036480192552214 0.09979738798726194 0.67620743242451919 0.11015455526561106 0.1421510102783638 0.24932601688090078 0.80534304253289724 0.79333345376397724 0.57578311617240374 0.39162507908216865 0.83822746770574519 0.74112223091439122 0.86782722597660678 0.93934234212557932 0.78754080897648093 0.5962465269397148 0.53688114761409722 0.29460916856655167 0.55483068253534107 0.41789947734329186 0.76343836143848354 0.55124258261391101
0.010302611035798815 0.48145080540982238 0.78147825110696467 0.14550852470333059 0.0319222541840785 0.078181981532731079 0.5237869694252254 0.045542001133829044 0.023586184398905519 0.80930538843280053 0.73681312823981437 0.21994723476874917 0.85211467767567484 0.56640820816216586 0.66279743370864397 0.39154387798389795 0.16808805820041212 0.2100816527073181 0.92987601597317271 0.8896094132698561 0.62666282070414647 0.19038189384766796 0.66957730620624623 0.51220202116083502 0.73938029500885216 0.53130829212372133 0.98079615279438737 0.67983922828002419 0.79389566334863848 0.73203284694434168
0.8926948384985034 0.64326905301650872 0.472245269131708 0.02516131154234762 0.56376260281591972 0.66484323357498554 0.91445417749769997 0.72966566738121996 0.784401562990239 0.038339973951082393 0.1508229547910746 0.90194959282262355 0.4905365554902909 0.38558923185501243 0.86376018670678856 0.53979300878701852 0.24310100958166864 0.18134094139675944 0.22074706339779621 0.97341906835107039 0.58633912197484128 0.64962705579233937 0.46280872677896884 0.84161185578537179 0.51781365446416949 0.11445278885328806 0.68474731843806336 0.080537612753088947 0.72601962518670959 0.59723714986803256
0.84544490224985247 0.35456745262222694 0.4378178477120333 0.77339488558322644 0.35904618187544085 0.043161851597283515 0.83784961144714631 0.040199245148812721 0.2372840236912212 0.41228768712249969 0.64471009192483775 0.6506427238444078 0.11256957422413331 0.78200501564878178 0.89340083824206062 0.9977358885555565 0.23133580630723277 0.40041763859991258 0.0074955390630103034 0.59620427476694471 0.84673296002960863 0.60349445802339208 0.10989502478135964 0.14101573914186566 0.75866402041007808 0.85908236851804776 0.73459542222159357 0.094974311269434383 0.64644303935423775 0.93592651824021333
0.95865094969916409 0.31448936752981499 0.30202311133757859 0.4651129044437507 0.071791958924327257 0.82170242706901397 0.047704275711874231 0.11294445732102958 0.16817844336102999 0.92822319700075684 0.022259400191907908 0.26011007077200615 0.14796703075028944 0.16153769455724803 0.69956435399056704 0.98524795860059577 0.12328010499452895 0.7568773869075931 0.31345582606710015 0.12793288337609593 0.92009331996668597 0.052605856741655785 0.6883200925062164 0.97285524136128998 0.070796086353172513 0.89337840618000486 0.62119779963675759 0.61536559578421834 0.024963764593474536 0.030007355305862671
0.73842827079611972 0.37944767333600488 0.9435862805634978 0.59823002466678543 0.84075375992177115 0.21425712601275809 0.46186497974489887 0.96791758403296912 0.1739696278271497 0.79422598487630747 0.97457771995108333 0.93863117135090224 0.82271048653082712 0.040616629393906131 0.89421197254276397 0.20190735213528094 0.324652292913093 0.017890635866561744 0.94583740698118601 0.47702754211542325 0.58294932421487633 0.55351162521150066 0.04814889683872263 0.9560603939964486 0.92988548885375211 0.7274806510231423 0.99319538755345038 0.53879785310951611 0.66966038630675129 0.89901896428563366
0.55291386260185971 0.26929761559296722 0.95293065649785735 0.28925193571965296 0.6893499135164689 0.057291100296736494 0.27093948129535889 0.84146309182869139 0.028892484677969055 0.572739138544203 0.64073775662898924 0.41273026299368748 0.74517774539124459 0.67936420359349703 0.84257996668611435 0.1518923120382924 0.68319927263846802 0.89391771480604409 0.98050501007719693 0.34942997505407741 0.2345634659802513 0.4899942215039183 0.21744587129691578 0.93592197544375244 0.23939379377696218 0.52148336435895704 0.83129923759065427 0.064757624338027939 0.5596408244083414 0.97858288382722169
0.55994548218531826 0.84968061710191622 0.38756957281038634 0.38174226364352098 0.64548330894008832 0.75423382832873298 0.58561752859970051 0.33171587444052381 0.73548132728869908 0.63380814451908507 0.41794297713732503 0.63076223115522623 0.64197996305106231 0.70600506853081213 0.88167124911194339 0.68907812488500741 0.13296936761624684 0.14101919755112086 0.61265700278987756 0.83372515768623412 0.89358136560935175 0.11656648398034668 0.14518726758880424 0.88194440189684375 0.92011105308856733 0.8766544647699902 0.53697653861883121 0.25022670588116575 0.33774584912646394 0.66470457225326351
0.96222164699451473 0.7130862292590282 0.1409544390485436 0.80080335947672676 0.32849729496764563 0.3653631614039668 0.69708309471775753 0.8043257841292657 0.89262454791545631 0.065533070237594179 0.46374594213978632 0.98236570993124872 0.36058412714918558 0.43491482618777205 0.30988552086101867 0.00078727344880673571 0.871382764678715 0.87342625034141341 0.32020425522981216 0.42286105103923982 0.062244968864719682 0.70480343953578017 0.9832493734976071 0.024411784914872104 0.3780182207450567 0.91547611958017439 0.56310647915901857 0.65315757647542683 0.84863956135499985 0.42081612836545695
0.74529727907283605 0.91135528424819756 0.55650787828655135 0.43698901082957281 0.91633857301073696 0.3473430023909993 0.60319642067556956 0.18891451698902156 0.81472380863612881 0.29142310806089783 0.14922186412475485 0.11155051013124022 0.73137076935468226 0.63529994396053702 0.28865384143336331 0.93105730563580347 0.42789336571598841 0.036154463863477468 0.17311391457801856 0.24004627093505498 0.8678779242151452 0.28173568076653327 0.94519701701372305 0.062375052017659735 0.60252204071629534 0.14179355109719355 0.60239610314302405 0.47278069557680352 0.76706907388068235 0.62387853132196358
