0.746395518430597 
0.968843654670312 
0.0880633708852663 
0.654793851927358 
0.549479382235396 
0.166957259352792 
0.584842801721882 
0.553992891814863 
0.648295492936781 
1.08795844419006 
1.44110036995987 
1.38603938348802 
1.6693824912342 
0.256201884456309 
0.957940182141324 
0.961462444669602 
0.945413594313383 
0.0944574719522408 
1.12132195815774 
0.292985982828949 
0.709018408396222 
1.09563482746892 
2.15707176678098 
0.361278264263358 
0.0790535373023848 
1.1986753432342 
0.679129016199686 
0.943575740806357 
1.27179016231423 
1.14003515909337 
1.39252249302465 
0.116054346268753 
1.23444771008977 
1.02310475613544 
0.684514283497297 
1.21816903593474 
0.707739071291574 
1.18610214161825 
2.01635713824905 
0.971087962287625 
1.10713346022508 
2.14056184051633 
0.693391758721013 
0.252246773256791 
0.49256019028594 
1.43175676834033 
0.891400635286397 
0.912917224287506 
0.317226773225536 
1.41166051819817 
