0.656808145638118 0.504568822285393 0.209779160616704 0.156264916272078 0.802273677267791 0.734192000048395 0.0164707946566457 0.481843924900216 0.614864991854323 0.611827017065443 
0.87115057143891 0.442929757270955 0.620315082613463 0.250913282068731 0.547170501794796 0.0388508873209911 0.887450012618943 0.56054100329797 0.261151058874155 0.186408106254324 
0.443976793477958 0.0578093467704506 0.823171620488514 0.449224982593198 0.838627152415991 0.904553617378684 0.123181666526352 0.916382914928957 0.674155976833924 0.308905028025073 
0.319811925163452 0.670965387477177 0.442571238379595 0.740826975370824 0.763005588575896 0.520895468969176 0.533391561550514 0.158789618632804 0.021527644680508 0.0449940198613538 
0.436863985700982 0.911223077531956 0.342641451185923 1.31498489675046 0.451876159360258 1.20797285491069 0.605499089437442 0.334620876350873 1.34522592178809 1.25719992181044 
0.726612849887369 0.936870147424246 0.836947696401958 0.472517877826088 0.327598947172768 0.994271462747179 0.719771747246749 0.388553116132645 0.982517765579279 0.97773608892961 
1.04106469675688 0.809475410006717 0.909440858191186 0.389080522629872 0.49524401074296 0.780283006306628 0.884001360982361 1.11752163174479 0.74881805987638 0.930866637481479 
0.570595806617386 0.859850209248084 1.17699192755073 0.501625254887835 0.891280266934689 0.829466167466772 1.30596999252485 1.41676320445828 1.04202552391832 0.470467682544871 
0.957488017153078 1.12327387703733 1.1026559540513 0.512039717108329 0.194619924154212 0.924659268479121 1.16914192284325 0.863422877440664 0.79313402720215 0.838278262706693 
0.552148161660278 0.818364598465636 1.20802632416129 0.550396832978886 1.10261685172237 1.76983503212682 0.737499810089685 1.3931126787165 1.49100822054921 0.6766006977501 
1.35001612860402 1.59227307502254 0.722027709887862 2.16754135388569 1.03661256785931 1.3235530710517 1.42560917532022 0.799438767152398 1.25353919614658 1.68284377520869 
1.00002591214056 1.6345505541933 1.35785547496628 0.890328653913004 0.702841356195449 2.30319704090357 1.07296636042577 1.36692575874951 2.07094017102541 1.55003855777422 
1.1828051332235 1.73681575739415 1.36297626622722 1.33900584197935 1.15427368803104 1.83204144508904 1.53591093747453 0.533712407509474 0.374947041520642 0.578499636701273 
0.326436749262891 0.629435415061167 0.487210906332924 1.13153985285185 0.548863563729222 0.921053878520369 0.984828486079014 0.456117149871371 0.398162700623764 0.420575859273965 
0.102969999012856 0.168091773420575 0.858545621793192 0.313904446660388 0.598892162508188 0.933965106526947 0.879303719637786 0.814776289157374 0.415310678960479 0.100172656545093 
0.925642948519513 0.633487240487328 1.09001052931644 0.977266902410895 1.23677342523535 0.857585649043076 1.03859830208625 0.873394667126602 1.35989788364856 1.55870106573342 
1.40954986233219 0.834290042213281 0.67505605176053 1.18064196849322 1.3291487907027 0.565578004353496 1.01023438953558 1.07160081516659 1.17550235572931 1.23905676216181 
0.314030224559739 0.712558647457418 0.939544260651394 0.754197138513528 0.762751617619382 0.309295967194603 0.405538064473687 0.421178383341435 0.738390559951601 0.620465751286408 
1.79231436713895 1.37328604024641 1.58696393040144 2.1062164224595 0.58812324156201 1.48746351990801 1.18184128944328 1.39385285128471 2.03014750462038 2.17342865642108 
1.47507061588477 0.631293437295536 1.26542260428339 1.24040145452943 0.889877417428877 0.370251184821936 0.739111532453378 0.840736319844834 0.526310185235386 0.789230114140224 
0.676285004211259 0.633976631277165 0.539187234190191 0.422239998890033 1.00895650220923 0.351647184045704 0.949793042990547 0.840494128510257 0.706271432133836 0.397900064289571 
0.815706965510112 0.644478879299705 0.807134132213449 1.08044286828269 0.967755979437104 0.633691331662547 0.844293334657804 0.685799139179757 1.05263050982311 1.20784002554084 
1.56280777487419 1.9462934144474 1.02678826512431 1.33824155433127 1.26399037760516 2.31585235909771 1.1219061051755 1.35804260834473 1.44860810145662 2.58067931913663 
1.00422553547409 1.20926234482995 0.0378158782752293 0.510634413950795 0.817846614394193 1.34124096711374 0.461942286516014 0.909654778277525 1.18138865647951 0.548709989450724 
0.110619996314508 0.342228948818485 0.0355749990695308 0.262397916919559 0.136194329227543 0.349569753464 0.0362263915690183 0.100292443381159 0.305038150729895 0.130628638876932 
1.04273478736608 1.50137734437418 0.657622164094933 0.880149941223707 0.532574375519354 1.02713149765138 0.445631706870981 0.667817477547318 0.92785858928499 1.18693515986495 
0.398522998469829 1.03053140336649 0.880978558661492 0.119108050764439 0.22637506496342 1.04845500928725 0.305001873784807 0.296877818002348 0.824674376444877 0.377367314602944 
2.11234089296061 1.69422743009927 0.561862847950057 0.671275688798864 1.27835322597417 1.10973078050966 1.0530193890046 1.28101062464064 1.16855888930637 1.12519966422173 
1.73810993845507 1.49337998214829 2.06245336222288 1.43838562605289 1.41902020436395 1.49215054640299 1.75336970847883 1.65380622433109 0.674970903229696 0.655592280421035 
1.10469589441492 0.626878427201579 1.16706745139666 0.624988028464071 1.07583665658608 1.06429483634093 0.808442900820884 0.694396909371255 0.886644731762701 0.355708942463531 
1.95495265143232 0.908714224351283 1.10416986845925 2.04493527429654 0.608870949384716 1.18009283789689 0.631939844202247 1.90167202882987 1.71305558730218 2.18924398902299 
0.841267056339636 0.931630002866764 0.863774148346377 0.588843811331867 0.568473092559467 0.252579376735615 0.894896812099166 0.0826690198036154 0.573354954047542 0.934925122000836 
0.71064691513711 1.09419539659793 0.874823709185611 0.701405091034647 0.651138641221969 1.27515840390342 0.962787488035871 0.597898576875968 0.778379274819582 0.609270974553126 
1.02415358151456 1.5429597981456 1.64648946444288 0.951858066173552 0.71428021534935 1.43205320075135 1.37140225862622 0.72697226514958 1.1919100599442 0.532091871611559 
0.902565859877644 1.10833433368266 0.244833311071771 0.71626410369237 0.343476882117646 0.63567156060851 0.723131943054276 0.390886594313904 0.97175462322468 1.24885846457064 
1.98290180743316 0.76253122807833 2.43714538064958 2.51497741145343 1.38693636767547 1.07055142095533 1.99606777249509 2.47698653566861 1.60637819807432 1.47370406539807 
1.39466916935325 2.11440246775839 1.97987519460436 2.30706463586906 2.33433087681568 1.89828559122617 0.804967230466255 1.244389870381 2.37767602870995 1.85862228091416 
0.893716520294304 1.46884654719144 1.00243430360184 1.34380595907403 0.468475936643374 1.93780430836393 0.744911223688964 1.57952987289278 1.78534234503581 1.81167591497936 
2.16727348754002 0.845754652555475 1.62428497069697 2.27759022903003 1.33949316985268 0.869602394621505 1.90556645693737 1.55586068600648 1.26566902313749 1.96672275692283 
0.987659131028652 0.429062615778575 0.0585087450123313 0.486504750324249 0.684130370214625 0.658040213866493 0.429892364112264 0.905109574167008 0.959052578889374 0.835534492981289 
1.02239220474895 1.04333713347662 1.23916716404553 0.4210229793277 1.23196879986902 1.50255674018825 1.22574566750638 0.777036915972677 1.80527159723206 1.72282340353223 
1.26508440955293 1.53080373521109 1.52852468533032 1.47489279267603 1.57040608530462 1.87515407847789 1.07372535871713 1.34293618502651 1.37582371242635 1.68371675847777 
0.692744880030873 1.01096008262435 1.04873771367151 0.541231849093692 0.743305976313307 1.00022285750905 0.833598820279683 0.72820130150831 0.748667528695031 1.07483622226901 
0.144273484308036 0.780510626789394 0.434966209750959 0.987255087860827 0.787583494330701 0.107764047219676 0.496336639838685 0.397701208576108 0.577592684161473 0.818965727941012 
0.916779696465482 0.42524988648588 1.05278353731017 0.866322674548319 1.04822540717769 1.49285847486868 0.515414572872492 0.686318374098835 1.26772256494465 0.734638458284032 
1.9988331844189 1.39809451320578 1.98060255309604 1.35416641658357 1.37480523640158 1.9682760868218 1.78817634743395 2.19198581717341 1.86556146499805 1.23732424756858 
1.54916931464864 1.30692062756532 1.77997288756099 1.2007160269371 1.24954255091375 1.01196528970625 1.07911803499723 0.269280308377517 0.951310574592668 1.05709605181536 
0.223817441965777 0.96480200001365 0.859582856290441 0.904898046901172 0.234218441638127 0.523972859700987 0.21739643136765 0.099378893703706 0.482123086880285 0.390743446566217 
0.744340359256708 0.619499271324272 0.602636669395979 0.81485142492627 0.693666688049218 0.513630213835014 0.655495833572332 0.767789443286392 1.00919021769904 1.17514930244974 
1.03783965779107 1.49518303086755 1.22306298633834 0.209491817633773 0.49805422074515 1.36628186980185 0.585915197353932 0.47607167281773 0.563559975020792 0.74544358807508 
