0.0115416 0.0587035 0.0714967 0.675136 0.795883 0.101088 0.630746 0.492216 0.548243 0.761268 0.615989 0.613956 0.538259 0.644214 0.944137 0.0949425 0.703549 0.0769894 0.791408 0.258445 0.958639 0.0185517 0.740415 0.295777 0.47738 0.794244 0.397211 0.0743127 0.744487 0.501929 
1.07975 1.10665 0.981751 0.528841 0.196269 0.74872 1.348 0.699491 0.704622 1.11948 0.970555 0.829008 0.354435 0.539041 0.841893 1.45151 0.541671 1.42341 1.44059 0.746172 0.943865 0.247111 1.46882 0.650512 0.744822 0.902963 1.14702 0.442083 1.29728 1.11118 
0.281461 0.60874 0.0319961 0.157393 0.320249 0.510738 0.997877 0.75435 0.0616802 0.827309 0.0302558 0.874905 0.568175 0.336811 0.754738 0.133855 0.214209 0.666391 0.212014 0.25853 0.328407 0.329333 0.163606 0.437852 0.422907 0.568576 0.12461 0.769002 0.835275 0.217062 
0.687989 0.727392 1.30325 0.424547 0.882708 0.606567 0.738447 0.764599 1.02802 0.48575 0.72675 1.22588 1.19654 1.31453 1.42029 1.45723 1.43937 0.468 0.753321 1.53942 1.03017 0.143671 0.949733 1.06734 0.713974 0.203826 0.700085 1.04399 1.33897 0.781882 
0.370656 0.973207 0.161493 0.0362447 0.51581 0.802531 0.887769 0.534446 0.225538 0.521509 0.281851 0.580369 0.408225 0.0683618 0.405064 0.630705 0.421695 0.139854 0.673088 0.18054 0.553696 0.0264974 0.684848 0.376768 0.352696 0.862003 0.344341 0.492344 0.225563 0.945765 
0.733268 1.3925 0.895411 0.659296 0.317942 0.623395 1.63318 0.737197 0.887877 1.35875 0.508959 1.17997 1.14571 0.991702 1.48501 1.08753 0.447935 0.580497 0.635864 0.230223 0.527272 1.27004 0.27867 0.582191 0.403462 0.820867 0.52593 0.697156 1.19477 0.645186 
0.15061 0.788311 0.203325 0.375713 0.40476 0.116017 0.0540587 0.21246 0.282301 0.303726 0.975972 0.252276 0.994245 0.0235948 0.310207 0.452845 0.476408 0.540603 0.472125 0.475337 0.470822 0.220615 0.53503 0.531374 0.465459 0.81109 0.547241 0.250893 0.678358 0.780339 
1.35399 0.843718 1.13984 0.901824 1.05604 0.80636 0.910177 1.25076 1.26476 0.630851 1.29933 1.3629 0.452186 0.713678 1.63198 0.805777 0.810433 0.557467 1.04015 0.309605 1.21679 1.52288 0.762267 0.97188 0.675312 1.31992 0.715223 0.5844 1.34028 1.20182 
0.37932 0.0398155 0.998199 0.134443 0.122867 0.00335639 0.394383 0.426441 0.359728 0.906942 0.755324 0.843956 0.32487 0.769234 0.465437 0.138625 0.184902 0.317949 0.209022 0.100317 0.0965065 0.238822 0.989756 0.913654 0.878972 0.261586 0.0931942 0.874771 0.0650397 0.557107 
0.777545 0.328951 1.21611 0.377596 0.779751 0.109272 0.63432 1.46144 0.710803 0.322298 0.552068 0.727078 1.12787 0.216122 0.324226 0.811682 1.04548 0.924226 1.04489 0.719906 1.00852 0.890028 0.979394 0.714223 0.416022 1.08863 0.62497 1.03037 0.786468 0.863272 
0.0817376 0.0966193 0.0890808 0.0506538 0.0666082 0.0260264 0.0360069 0.0251936 0.0899308 0.0754654 0.0898794 0.0859243 0.0441544 0.0849899 0.0697251 0.0648237 0.0769111 0.0564437 0.107359 0.0334372 0.0176832 0.0692178 0.0722575 0.0164894 0.0780877 0.0820514 0.0400443 0.013384 0.0994693 0.0666957 
0.491527 0.321981 0.696656 0.331186 0.997388 0.751786 0.74726 0.428752 0.315795 0.231537 0.509841 0.755766 0.158264 0.294225 0.878337 0.490399 0.375533 0.423376 0.830906 0.326558 0.246077 0.655693 0.124982 0.271556 0.313114 0.133435 0.928983 0.296925 0.888362 0.372944 
0.151856 0.72256 0.386497 0.752966 0.104063 0.284792 0.226841 0.227848 0.212041 0.771432 0.972885 0.219967 0.427188 0.835128 0.423605 0.618579 0.931142 0.221242 0.427736 0.773818 0.640283 0.336038 0.939036 0.0852301 0.596117 0.0451532 0.890862 0.644181 0.284798 0.500749 
1.08392 1.16069 0.966621 0.91059 1.58799 0.914327 0.976644 0.843728 1.03928 1.68741 1.2742 2.02457 0.654553 1.45253 1.48372 1.55544 1.15428 0.315777 1.72875 1.22328 1.5555 1.0472 1.7327 0.916977 1.13593 1.19027 1.91474 2.10026 1.46287 1.81574 
1.15028 1.60777 0.624401 1.26696 1.30382 0.618204 0.625788 1.26391 1.03892 1.07251 1.46251 0.833828 0.438948 0.684424 0.580661 1.19639 1.10695 0.98775 1.1498 1.22201 1.41828 1.0578 0.594092 0.726447 0.921166 1.3049 1.37084 1.16424 0.71966 1.11224 
1.61026 1.1566 1.45379 2.22888 1.53365 0.896693 1.87214 1.34717 1.96365 1.29909 1.48132 1.59869 1.14975 1.04994 1.92863 1.21973 1.04826 1.76861 1.75403 1.30066 1.52866 1.5553 1.87679 1.88543 1.59402 1.29993 1.05609 1.53295 1.05138 2.11447 
1.99933 1.64371 1.28559 1.66198 0.787373 1.30185 2.12801 1.97404 1.80065 1.39847 1.55063 1.96079 1.42271 1.44057 1.82726 0.995711 1.4873 1.577 1.87761 0.899134 1.72804 1.55692 1.25172 1.13837 0.831238 1.5036 0.344994 0.957194 1.67547 0.483711 
0.403922 1.17239 1.14468 0.799045 0.808195 0.928309 0.236681 0.877819 1.283 0.986328 1.42918 0.357498 1.03503 0.772664 0.881533 1.49143 1.05277 0.793777 1.07209 1.49238 1.36345 1.23717 1.7341 0.766781 0.706071 1.43681 1.00965 1.52459 0.50172 1.02789 
1.24856 1.26394 2.05375 1.36905 2.13191 1.93331 1.35148 2.01924 1.1926 1.28565 1.97562 1.64934 1.33215 2.59236 1.40571 1.26273 1.93411 1.6874 1.47224 1.57963 2.24014 0.945776 2.15351 1.77152 1.60455 1.57435 1.96253 1.19381 2.41893 1.54047 
0.450343 0.964101 0.917941 1.04762 0.809361 0.427545 1.0947 0.935056 0.904486 0.936807 0.548337 0.447458 0.260873 0.388896 0.515093 0.556853 0.515071 0.76688 0.290466 0.825572 0.710039 0.566024 0.992075 0.302556 0.883908 0.277827 0.786571 0.221185 1.04852 0.908713 
0.510488 0.423394 0.906712 0.872207 1.14029 1.20706 0.0557861 1.22083 0.723135 0.654653 0.193996 0.0486028 0.218997 0.79695 0.504852 0.429292 0.660354 1.11744 0.886653 0.825813 1.22451 0.442952 0.854013 0.862151 0.273048 0.460566 1.02061 1.17867 0.313702 0.613189 
0.137669 0.0248597 0.565292 0.137438 0.914635 0.409068 0.408553 0.350747 0.628031 0.541535 0.210296 0.768693 0.0727324 0.506941 0.247358 0.307406 0.0148767 0.205373 0.745324 0.0436203 0.736895 0.64425 0.648731 0.285592 0.514555 0.769402 0.733363 0.99497 0.790437 0.457528 
1.23566 0.7283 0.522085 0.774473 1.41033 0.724502 1.2312 0.197262 1.27038 0.687791 0.788734 0.73035 0.443582 0.386654 1.10296 0.779448 1.13932 0.591869 1.21288 0.584478 1.08752 1.48159 1.24438 0.847068 0.693317 1.03747 1.15363 1.09441 1.20218 1.61463 
0.708592 0.716397 0.619175 0.2349 0.100445 0.361158 0.0603904 0.893262 0.499714 0.230459 0.385412 0.843167 0.0461946 0.608943 0.979937 0.165142 0.281246 0.111489 0.342144 0.201136 0.811624 0.972811 0.409146 0.272015 0.520906 0.409734 0.336752 0.269131 0.579963 0.634072 
1.4806 0.726643 1.49396 1.4382 1.02915 0.915358 1.26116 1.22738 1.54321 1.20084 0.954073 1.17095 0.921191 0.501923 0.863351 0.985737 0.662333 0.882606 1.04687 0.459422 0.99175 0.924525 0.461171 0.865906 0.631954 1.03256 1.08464 0.744445 0.377655 1.21218 
1.70208 0.686842 1.24491 1.48476 1.4908 0.795105 1.17155 1.19088 1.19017 0.535045 0.703911 1.3563 0.725223 0.866978 1.49211 0.577583 0.612932 1.41047 1.44913 0.829408 1.5571 1.48345 1.32663 1.41062 0.887329 1.33769 0.751624 0.810532 1.11448 1.38029 
1.1605 1.14651 0.876133 1.46085 1.37396 0.997388 2.25782 2.17247 0.941543 1.72771 0.688038 1.86669 1.10353 1.09738 2.28855 1.06391 1.14172 0.814371 1.12621 1.06727 1.01286 1.18754 1.39701 1.53373 1.29507 0.859398 1.29052 2.10807 0.896084 1.13895 
1.1333 0.428114 1.12203 1.36711 0.765984 0.557559 0.796715 0.701608 0.662549 0.767502 0.841094 0.743796 0.227525 0.699846 0.385533 0.52697 1.04986 1.14067 0.788925 0.505088 1.41141 0.487006 1.04145 1.2847 0.855982 0.582167 1.0397 0.891863 0.187808 0.560078 
2.02819 1.5435 1.6074 1.51044 1.50935 1.10785 1.70529 1.32343 2.02176 1.54114 1.95622 1.64918 1.27835 1.57535 1.41621 1.06539 1.33206 1.25306 2.16289 0.708652 1.21608 1.58798 1.03007 0.922154 1.15633 1.6097 0.622902 0.234327 2.13891 1.07787 
1.29134 1.38361 0.839758 0.765422 0.776817 1.31477 1.06168 1.36945 1.70064 1.24809 1.81231 1.5646 1.33672 1.236 1.3363 1.00712 0.743604 1.79975 1.38654 1.10885 1.48349 1.32655 1.11726 1.02225 1.09457 1.07001 0.632293 0.592622 1.4229 1.03518 
0.747259 0.752689 1.3736 0.617095 0.131163 1.23823 1.67988 1.33719 0.706329 0.685742 0.618655 1.42438 0.858484 0.927505 0.34269 0.659079 1.53302 0.216254 1.11704 1.31082 0.733253 0.916861 1.69149 0.773353 1.26047 1.34526 0.788791 1.37996 1.45695 0.942705 
0.696359 0.383025 0.918494 0.646786 0.307638 0.0298163 0.643141 0.912376 0.754992 0.305719 0.538932 0.302859 0.291188 0.271709 0.712759 0.385311 0.40931 0.0916222 0.230914 0.407567 0.674976 0.843568 0.572941 0.306844 0.584771 0.375094 0.345569 0.755314 0.142099 0.243725 
1.33715 1.58988 0.750919 0.692517 0.929935 1.63746 1.07845 1.25117 0.84513 0.697846 0.901173 1.09904 1.06778 0.937815 0.422457 0.310995 1.56574 0.302861 1.55148 1.18423 1.18772 0.166583 0.920269 1.25472 1.34834 1.12692 0.998676 1.47742 0.988515 1.30229 
1.93913 1.12483 1.73103 1.16671 2.14094 1.94989 0.640112 1.2542 1.77831 1.47459 1.11824 1.75532 2.15543 1.73654 1.21426 0.900525 1.28392 1.46851 1.6634 0.869512 1.42435 1.82548 1.17775 1.36215 2.23777 1.41062 1.30158 1.16378 1.75939 0.938324 
1.33737 1.1237 1.35187 0.981282 1.03032 0.567256 0.678463 0.371848 1.32331 1.09813 1.29781 1.19636 0.660227 1.09195 0.963566 0.9807 1.22818 0.824978 1.42178 0.581088 0.678469 1.07969 1.14235 0.736418 1.38493 1.24445 0.649318 0.506516 1.10885 0.855098 
1.68881 0.98499 0.993999 0.529978 0.600079 1.1732 1.02843 1.17738 1.55789 1.33296 0.647375 1.01575 1.56208 1.14379 1.35728 0.861393 1.54777 0.789276 1.50759 1.04204 1.50881 0.911369 1.64993 0.96681 1.32793 0.768076 1.6591 1.45768 1.32831 1.17364 
0.520669 0.460096 0.565432 0.200549 0.977746 1.17221 0.0969975 0.546573 1.21312 0.443542 0.283426 0.160129 0.702181 0.486002 0.918317 0.852048 0.491362 0.217359 0.910416 1.02054 0.535805 0.861868 0.587147 0.831091 0.888445 0.764712 0.177324 0.786342 0.694971 0.459118 
0.953295 0.563431 0.962233 0.987293 1.21811 0.856288 1.21372 0.953176 0.428725 1.06803 1.6483 0.412696 0.914034 0.694866 1.17508 1.19495 0.935232 1.62561 0.901725 0.995754 0.63308 1.08308 0.278391 1.71489 0.690914 0.467185 0.90059 1.03103 0.143551 1.08505 
1.33563 1.1816 0.914194 1.28548 1.05486 0.639643 1.27566 1.26927 0.975722 0.674356 1.10934 0.725617 1.18886 0.882015 1.49701 0.987959 0.442947 1.25347 1.44448 0.803312 1.14397 1.2364 0.3788 0.957501 0.532119 0.992651 0.90003 0.284471 0.994766 0.965733 
1.791 2.05087 1.59664 1.25198 2.24467 1.90478 0.745643 1.10944 1.54171 1.57288 2.11306 2.29529 0.662987 1.34017 1.35454 1.03337 2.1511 1.14899 1.45076 1.55221 1.87979 1.95077 1.16654 1.37164 1.7659 1.90052 1.16149 1.46772 1.20207 1.5768 
1.42258 0.93825 2.57179 2.01921 2.55356 1.88677 1.33671 0.592414 1.76987 1.36633 1.87333 1.38866 2.43385 1.61932 1.78218 1.40015 1.72568 1.36765 1.82433 0.850319 0.882607 2.15358 1.07777 2.15849 2.44937 0.921061 1.60519 1.37952 1.48243 1.80958 
2.00522 1.8337 2.27724 1.38907 1.838 1.5408 1.88271 1.18143 2.13579 2.31611 2.52631 1.65927 1.81358 1.47548 1.57331 1.99062 1.73014 1.59926 2.29041 1.5574 2.31791 1.93509 2.57609 1.86374 2.74699 2.37206 1.83048 1.2321 2.2312 1.98259 
0.380603 0.450517 0.101197 0.198746 0.130592 0.193831 0.867891 0.311366 0.537186 0.0143512 0.0455194 0.697025 0.497479 0.24791 0.123987 0.542855 0.852297 0.115758 0.476577 0.342268 0.388197 0.100039 0.861513 0.683392 0.359057 0.292762 0.36913 0.977363 0.244234 0.807748 
0.843268 0.899687 0.53637 0.302489 1.14412 1.27131 0.251596 0.772265 0.8611 0.517655 1.07633 0.976708 0.918076 0.945229 0.461791 0.469353 0.970018 0.146465 0.973481 0.851264 0.639042 0.956193 0.359414 0.989963 1.31351 0.871712 0.0685442 0.471174 0.78751 0.430698 
0.930201 1.01635 1.49357 0.781593 0.199394 0.839199 1.46646 0.956979 0.566636 0.494956 0.862629 1.02001 0.920812 0.353966 0.278659 0.461288 1.40938 0.466008 1.32244 0.690019 1.06943 0.486509 1.39475 1.19603 1.30884 0.845525 0.867665 1.32989 0.979975 0.438035 
1.41062 1.58977 0.980619 0.603707 1.03151 2.20762 0.964479 0.778411 1.39272 1.38685 1.12889 0.502181 1.97251 0.655269 0.960798 1.06175 0.857778 0.548842 1.90212 1.12095 0.615183 1.53049 1.54437 1.10676 1.69192 0.846154 0.806612 1.55021 1.43501 1.41172 
0.479641 1.24908 0.71254 1.72212 0.963336 1.15119 0.236072 1.04883 0.553311 1.29188 1.07933 0.147109 0.594439 1.31329 0.624005 0.596735 1.47572 1.13851 1.21093 1.18408 1.64492 0.450339 1.30742 0.768565 0.808368 0.113702 1.77887 1.50461 0.35061 0.983432 
1.02377 1.4846 1.94045 2.13591 1.08725 0.765406 1.88559 2.29366 1.83615 1.63288 0.867432 1.02742 0.832772 0.820262 1.00903 0.856304 1.51145 1.99497 1.31779 1.48406 1.89233 1.2048 1.93414 0.814525 1.01236 1.13911 1.14163 1.10911 1.51741 1.08037 
1.5545 2.25582 1.88896 1.9215 1.74811 1.33385 1.67185 1.16926 2.61896 2.0324 2.44758 1.7592 1.70008 2.16924 1.81217 1.94302 2.00552 0.899149 1.97219 1.71421 2.4695 2.38416 1.38591 1.04002 1.78874 0.986057 1.35812 0.933718 2.23006 1.8393 
1.07233 0.699407 0.308207 0.447687 1.39384 0.345793 0.342951 1.05005 0.692746 0.380607 0.862547 0.816022 1.23795 0.454718 0.38162 1.39897 0.449884 1.33994 0.805831 0.983219 1.04124 0.610411 0.772943 0.613663 1.03508 1.50122 0.815332 0.743341 1.33678 1.39714 
