0.746395518430597 
0.968843654670312 
0.0880633708852663 
0.654793851927358 
0.409669712843736 
0.166957259352792 
0.535509344859291 
0.0449272613378377 
0.461076641094961 
0.831696555498296 
0.685464696332629 
0.487598606675749 
0.825533058803062 
0.157147919788217 
0.957940182141324 
0.646081557130337 
0.22520887457064 
0.0944574719522408 
0.740401765969435 
0.219705769344491 
0.66242488676785 
0.909687460785786 
0.541610465993899 
0.191936724106005 
0.200072203030106 
0.843040714400743 
0.645552362845625 
0.13846401516519 
0.279629089201755 
0.896876256626976 
0.0492079770176109 
0.116054346268753 
0.733496110739012 
0.011173292227734 
0.576398818674135 
0.0483006850315679 
0.227747453454277 
0.255774231607092 
0.574214740269897 
0.971087962287625 
0.487418176341754 
0.715086765149856 
0.224489666464703 
0.247332630038456 
0.06751471243712 
0.11997700736245 
0.780604102025952 
0.912917224287506 
0.237494634660129 
0.9799642455614 
