0.160767 0.354589 0.747674 0.823507 0.380494 0.804073 0.375131 0.999689 0.338673 0.519477 
0.255403 0.64233 0.679786 0.183318 0.760044 0.0592225 0.752101 0.69129 0.593356 0.293456 
0.300513 0.125949 0.0050609 0.692587 0.358744 0.719649 0.642129 0.346822 0.624477 0.271635 
0.03912 0.0395871 0.938792 0.790813 0.914487 0.215365 0.282515 0.442181 0.370034 0.336178 
0.876844 0.739603 0.45816 0.756804 0.641653 0.567747 0.222853 0.54254 0.227705 0.399485 
0.32236 0.715149 0.637093 0.193485 0.84633 0.40649 0.448332 0.389765 0.138412 0.0365572 
0.727524 0.85259 0.165803 0.585721 0.210196 0.461863 0.628806 0.35118 0.700958 0.237655 
0.603528 0.981444 0.932265 0.280695 0.692691 0.858826 0.691065 0.449408 0.897333 0.916047 
0.425483 0.658495 0.916025 0.514671 0.871755 0.858403 0.962275 0.276011 0.712767 0.14984 
0.349608 0.333228 0.468167 0.361913 0.113453 0.61678 0.238409 0.619842 0.13325 0.878097 
0.585063 0.138983 0.70195 0.0482827 0.0517294 0.894876 0.717535 0.666701 0.320384 0.764629 
0.831019 0.317871 0.18413 0.306031 0.798457 0.274659 0.799834 0.515441 0.450756 0.554649 
0.477197 0.450777 0.222064 0.789542 0.454908 0.777771 0.905174 0.786136 0.471953 0.644471 
0.67968 0.506814 0.801446 0.96344 0.505197 0.67124 0.719646 0.145783 0.388078 0.582773 
0.584135 0.826046 0.0568991 0.892764 0.504772 0.429571 0.459036 0.0849041 0.170981 0.904385 
0.836155 0.385591 0.109322 0.57947 0.541401 0.328437 0.361535 0.773747 0.864037 0.29985 
0.507391 0.86255 0.816587 0.103414 0.0399474 0.824516 0.128851 0.768356 0.65955 0.552007 
0.358601 0.778172 0.160835 0.813638 0.309183 0.39223 0.2893 0.562062 0.795468 0.905804 
0.255667 0.416988 0.565449 0.680657 0.575338 0.602763 0.102137 0.993604 0.556012 0.520705 
0.687164 0.436393 0.454963 0.658435 0.0545116 0.550915 0.714701 0.307943 0.942817 0.956841 
0.255272 0.495504 0.0312963 0.601569 0.0727431 0.181675 0.378031 0.322472 0.53967 0.601648 
0.817648 0.882369 0.394368 0.704068 0.882843 0.159496 0.849746 0.484812 0.915242 0.0271831 
0.905693 0.304938 0.394999 0.0360893 0.627304 0.935333 0.81457 0.0153137 0.799728 0.387116 
0.943962 0.689376 0.326117 0.846843 0.825965 0.860146 0.562861 0.840404 0.0132418 0.396738 
0.592115 0.517644 0.146634 0.492087 0.952617 0.607358 0.381756 0.960044 0.982595 0.470474 
0.16624 0.437263 0.593827 0.116554 0.875584 0.0417532 0.374225 0.0301732 0.424677 0.0609832 
0.868355 0.583809 0.159202 0.987489 0.515659 0.377477 0.871226 0.125219 0.946634 0.789287 
0.582218 0.655933 0.935403 0.38437 0.72393 0.792338 0.985537 0.201321 0.0367888 0.967068 
0.446491 0.449114 0.976389 0.572578 0.308852 0.0462825 0.306703 0.546043 0.540475 0.906895 
0.718894 0.445985 0.715903 0.548093 0.872939 0.834132 0.677126 0.484998 0.191395 0.330426 
0.342167 0.360384 0.447278 0.109544 0.634222 0.51585 0.934824 0.698453 0.0248889 0.257187 
0.565915 0.719561 0.526846 0.322622 0.341993 0.83262 0.2576 0.78553 0.305718 0.21723 
0.757396 0.887757 0.818209 0.695899 0.676744 0.576229 0.18542 0.748384 0.640191 0.861458 
0.630308 0.549074 0.376058 0.711875 0.411337 0.701922 0.705662 0.0740571 0.121115 0.926524 
0.55575 0.799606 0.201666 0.379078 0.303139 0.144692 0.623543 0.184621 0.545566 0.711438 
0.678929 0.991056 0.234614 0.952634 0.666831 0.92548 0.134559 0.032388 0.884755 0.949096 
0.612757 0.637945 0.611786 0.427186 0.316594 0.632222 0.699359 0.419275 0.472612 0.498974 
0.34435 0.0132688 0.836021 0.322864 0.380612 0.243576 0.575667 0.0616199 0.263763 0.442574 
0.893009 0.812413 0.623891 0.667288 0.103423 0.533604 0.206531 0.425829 0.344936 0.103614 
0.290101 0.113723 0.906922 0.752947 0.215678 0.924097 0.461203 0.804587 0.420893 0.399624 
0.378404 0.426975 0.121419 0.42102 0.154148 0.559687 0.925451 0.686977 0.617502 0.656083 
0.718009 0.320566 0.605893 0.191233 0.134882 0.664125 0.725271 0.0746769 0.0585917 0.0622676 
0.148295 0.199393 0.985662 0.266206 0.25055 0.392279 0.430357 0.780178 0.372313 0.00833313 
0.812229 0.593493 0.0187715 0.802358 0.873028 0.905998 0.245513 0.497803 0.116838 0.81754 
0.0716626 0.869887 0.886762 0.800478 0.103084 0.233672 0.583239 0.220858 0.515532 0.747677 
0.216092 0.345693 0.942851 0.185661 0.108647 0.235033 0.879248 0.875581 0.348795 0.443128 
0.331088 0.0103124 0.282863 0.38228 0.0205997 0.326188 0.815969 0.626882 0.964456 0.0171427 
0.718668 0.548411 0.188337 0.00522438 0.052359 0.937768 0.909763 0.608256 0.911653 0.48246 
0.499601 0.856279 0.67002 0.827907 0.0543767 0.473826 0.124762 0.266023 0.982679 0.308281 
0.920017 0.641317 0.854238 0.880694 0.943367 0.561817 0.978611 0.0310056 0.643925 0.899598 
