0.37927971951802 0.805560609889679 0.332147984759533 0.327461932941098 0.703047789680278 0.387736046026318 0.281551896459648 0.280266982529256 0.523182008101532 0.965070991295998 0.933624373780354 0.484381996644013 0.648402739634316 0.968921161930669 0.547574128519733 0.207544630286431 0.897227821955799 0.700316812892777 0.920468128302134 0.958955854472673 0.340790459178494 0.380563186795262 0.516212371431819 0.300906625218183 0.834363347251042 0.628864548258153 0.419173617077663 0.95340080221139 0.631438967907291 0.603517606583822 
0.970521706375237 0.0324534169895671 0.283691759905641 0.726554333017632 0.65000348386925 0.0725123038008814 0.564852467691774 0.933953477001382 0.205611934441537 0.733036390029689 0.28953066581742 0.812950273444467 0.657295143434234 0.094749568666134 0.660118777315041 0.896492257809674 0.462223898736138 0.32373676239425 0.217525743644292 0.279933885024933 0.40260259216313 0.557097456711941 0.327719783521877 0.0386517215430765 0.0875346176848097 0.937110460388758 0.0700947984329999 0.0823438274282666 0.711882645510581 0.80371616570353 
0.69449936508721 0.973214974561245 0.836780584891796 0.174386905380962 0.663461341070945 0.818108853580071 0.450801709015369 0.0688510769894885 0.884263954532373 0.983496780837539 0.762200216405035 0.72927162899843 0.168356906274597 0.223937410822048 0.264329770286709 0.878696552276986 0.957514504288291 0.696308301610627 0.309247767081994 0.942300551714792 0.0207743751302916 0.718329203738313 0.429710356941455 0.453473453914103 0.239277263176303 0.613725148283098 0.464285747742407 0.957099243286127 0.745945639194987 0.818918864522195 
0.286783832176634 0.159351311600957 0.409512968265421 0.501496748332309 0.906606930609189 0.951888055105805 0.323734589417005 0.570983084996626 0.0468802195011069 0.695851113859683 0.833342654359137 0.985077560714137 0.264047572549122 0.619523773574851 0.0593060722513195 0.608938450544636 0.739474667108752 0.821879018398863 0.444723778993426 0.805118415962274 0.764662003303567 0.675403667895214 0.852339541317464 0.315201427115669 0.625541952772594 0.551000300261152 0.952011500014049 0.839116225562604 0.189705459495446 0.925411402717604 
0.440519836824626 0.894938182331547 0.41448400158849 0.73730259444024 0.235507517107062 0.598823591449263 0.370286598993655 0.72664141489825 0.910681475310288 0.738261517058949 0.633753296890011 0.415066240705025 0.2104593301359 0.108170738418317 0.914825993288385 0.69671733898256 0.597090206670304 0.370598027801335 0.0622320618500593 0.803037779315108 0.867164543521278 0.761561024684473 0.136853475053793 0.941316196107551 0.231748939988492 0.112418528195909 0.088787367358807 0.428058271762983 0.335632813565938 0.0905922592199238 
0.964227386165688 0.814847854972114 0.654256169217587 0.315440510620704 0.451535305987994 0.484189999384204 0.417224982510275 0.633712894104566 0.127775814436246 0.462485781286008 0.581340211169664 0.956418363558266 0.133134626312574 0.880803892808007 0.83210665114802 0.325310461009414 0.784808689173539 0.86212761803736 0.348770976640731 0.302486073376792 0.696995448137506 0.820532274468107 0.885039105831569 0.90418885875958 0.0919583851847765 0.104273514921647 0.250409908356772 0.474070506771829 0.564665646541552 0.378314558943275 
0.693186811109558 0.695100564026207 0.17777637589643 0.941319710739966 0.216764046173312 0.526392384249837 0.134034029169147 0.629895121805534 0.654007985245587 0.366921067389937 0.768969614000505 0.185314216363613 0.853283469800061 0.444483429632242 0.19852788598149 0.164154900928293 0.399672592153374 0.291139897130298 0.469242675730489 0.850718422850803 0.661928968919098 0.0150995801020516 0.216896236111386 0.189805007859351 0.578767034611311 0.364217090470984 0.579262897200598 0.961497340382993 0.806417056987967 0.930203181777845 
0.138653181670201 0.243807293211505 0.757996657471838 0.629733235524194 0.531521931062376 0.351500830699851 0.679601071250461 0.691066996071024 0.796193187236209 0.47072605125683 0.795534430847612 0.789112454891656 0.827701186130498 0.370742834116922 0.579930040275408 0.28880177828834 0.928010363435635 0.115624807723539 0.553803806666064 0.915121307295323 0.701314493092666 0.280249410315591 0.0830336307644001 0.286286449555869 0.560011354919344 0.478362214899319 0.517255440476744 0.741550220116162 0.192870293117441 0.157926645219195 
0.708281829409177 0.0730983750985338 0.735709981475911 0.0718473654342328 0.366187197859111 0.919216293573589 0.296443300305635 0.494478230639798 0.994042903281762 0.166144950362075 0.908641776402845 0.280324627539276 0.369404012303022 0.456335591222017 0.548126308727016 0.926132988712266 0.820487793712092 0.766035018941918 0.397983161943651 0.253399787070281 0.665827102580777 0.90209460715773 0.253060393267426 0.711624388596419 0.256209713128232 0.0907725808011139 0.691856256181821 0.233072138379004 0.0452241654166366 0.622858821089079 
0.906547923708093 0.5049933966913 0.400441792488456 0.927566467459012 0.7121519698262 0.331232038775643 0.130903351066045 0.493526030891016 0.910524031820989 0.398630947144346 0.277149777640357 0.550008640821365 0.00317986508092531 0.680458036518571 0.500398585574104 0.759098171000769 0.332829789866222 0.0369232472771019 0.471662077418455 0.386556168595277 0.145456878323996 0.920358337003836 0.743702995728837 0.214722427836066 0.250856662893342 0.113193409738308 0.959270355929145 0.762629946654998 0.297520065433416 0.364350941234614 
0.992015506174351 0.0786432293260661 0.695011471137967 0.809019384458724 0.126259692061827 0.16920312191972 0.262678886238252 0.680861769722122 0.278919775085934 0.289498720458709 0.073298842331524 0.92980963164931 0.160740820610443 0.554429858297055 0.441767069795267 0.787700593304957 0.414237564555178 0.945237705574755 0.00740871694070326 0.466626100218287 0.0677257667325559 0.800355354971872 0.20772978309923 0.362525401503277 0.337135081039873 0.250987929048395 0.818140736665019 0.196146830805375 0.472977728689049 0.126175065544101 
0.860413568557723 0.849453157405004 0.648250525361747 0.393178770357345 0.936330673788282 0.7308638985365 0.456673052033609 0.345057009833122 0.139212983015782 0.326052302493127 0.587389371467768 0.0511356846734633 0.106589887582591 0.919308083774146 0.126452916377565 0.299240220753109 0.327306179613037 0.0480013013407358 0.444230165389091 0.896351531451812 0.342929059807128 0.206849687447267 0.166093184029287 0.216562531936221 0.106662189662161 0.426264696640618 0.940147631249584 0.600855395250925 0.280208291117249 0.812052267807953 
0.804385715222556 0.413038580555348 0.000413336526522912 0.334637841755596 0.144424189665675 0.753170437135771 0.501099875795964 0.532418040561257 0.277287350599108 0.11303329823106 0.311438262492618 0.68395504330709 0.377768393882974 0.414998403195675 0.742777016868118 0.627779106007905 0.0788735369257185 0.342087858050312 0.484638814151092 0.53294658254975 0.915013588152166 0.957748456877986 0.041981659551717 0.632564138101882 0.937322972405148 0.844063847185716 0.379634634064492 0.11832752331604 0.816777465376348 0.367437383287789 
0.0468906312576446 0.996843215831754 0.77264545724197 0.534680456695896 0.84978499995048 0.489311180277711 0.315646013531127 0.416654375268017 0.870505514586942 0.826463952127332 0.950725458386134 0.60153900693377 0.801164253572929 0.345434180606941 0.427913015393569 0.269427471726954 0.799791054445752 0.993387010016263 0.191072894000985 0.970384958239748 0.5859456182561 0.570630418522297 0.704596113819901 0.528916116602683 0.360504184982638 0.0710465670363235 0.165496200632555 0.803403913972596 0.850368739061907 0.21150038406516 
0.462536523154603 0.0264048183299594 0.864948366112037 0.549955698025235 0.571113913799615 0.822749414581173 0.288339541431828 0.697272684029693 0.151282702868398 0.988908498728058 0.868246135495689 0.191517168525288 0.529426132583942 0.797750939111834 0.654471102468094 0.555160569053013 0.195954068617163 0.476120552545989 0.553189837716492 0.0158965112894586 0.0869493103610029 0.706304193105507 0.340455470460188 0.00519498522917177 0.0685884918688288 0.519492668359829 0.851678256967989 0.625325308685203 0.90131544997073 0.035806862261656 
0.795532737926786 0.565286356003612 0.276334421754258 0.522309481592398 0.806273785262998 0.470260422078032 0.642552609253291 0.953776490423609 0.431187731077096 0.229179724480181 0.818041985430297 0.62229284305658 0.529220668463463 0.211399540056586 0.770417991827463 0.528231993774159 0.930991856527778 0.68932123845773 0.172480127350378 0.600718044889883 0.519588647748457 0.570715656946376 0.760368120721376 0.792447836024129 0.0856598482056157 0.765675502681523 0.686733907832025 0.964503266064372 0.240504923213379 0.793297240959288 
0.45904044497671 0.399483202521993 0.324869288829391 0.789728273221344 0.343741893427727 0.889295545352084 0.520385657405944 0.699391469077326 0.0413069402756201 0.55598328016881 0.549484947013087 0.152396875383216 0.368298908562673 0.252594612146111 0.227362464915645 0.501220517718526 0.153200060309292 0.246035055350908 0.46405827838115 0.94920546352194 0.159942872754733 0.503629632966465 0.107075355476181 0.241876890015137 0.875678814266447 0.16595934516038 0.948863321862751 0.366486776458597 0.999817117914188 0.0250141722939137 
0.787583525722458 0.0323043623728739 0.226656411024472 0.545930055500257 0.123196735796592 0.65962114073595 0.408478685741493 0.378934393590671 0.958988119827927 0.407963081790735 0.141322418459906 0.97468669678721 0.750172766194841 0.343819270497817 0.351464486810539 0.208765535022984 0.638769684876791 0.150022802499491 0.328170810352374 0.468932329615392 0.370102852687607 0.820405274184744 0.769086008739698 0.479066907542991 0.373722528984281 0.756740065766897 0.211946924033971 0.922821877935084 0.00571775130488366 0.0418312176398259 
0.900452865406659 0.93375896868402 0.733155289537994 0.784645402716208 0.117217376479649 0.284594370555028 0.287063859794822 0.515703614656213 0.264265415084519 0.37916117281044 0.650675933619487 0.314862098288579 0.931450068088383 0.668268676173298 0.650757073979763 0.450685226938329 0.336569104694958 0.358102958800937 0.291571847217665 0.0879205504775861 0.580228790925976 0.0924645276475825 0.0898121049814578 0.00138831893595308 0.394446661184294 0.528623411265942 0.381149037764995 0.578478401662865 0.617518237669412 0.605600110728798 
0.153772564473397 0.504172499161537 0.998876262334826 0.224328642200194 0.580313716449402 0.398186084899817 0.442093628238328 0.814597087208814 0.284981395691205 0.073983350478849 0.197899711835448 0.174888332965598 0.186725398241083 0.42439031175316 0.465040735025752 0.27154183495784 0.978475175208198 0.0207338488174964 0.417950577721645 0.416960062547034 0.965242706773843 0.290947923989847 0.930279585465832 0.54747447380471 0.471637443796257 0.817405123616864 0.265799199254684 0.815186137053058 0.940091483460628 0.373634817544873 
0.876762261120212 0.65252007248996 0.548644400493696 0.332038449414728 0.93898804162673 0.757973483833273 0.0972912181575774 0.347867048711927 0.649784695074524 0.978571816910387 0.91103349933761 0.362434758193841 0.625595575647457 0.967843377915207 0.691161733817216 0.778476350964328 0.254619807241192 0.662319832691267 0.579371552636137 0.805700466043805 0.189483928678823 0.937887202349772 0.625321932399213 0.984605516480972 0.962957067918649 0.501662860526207 0.976227616232822 0.267854725566561 0.878531762487871 0.324227799900387 
0.827232756903466 0.748907782600866 0.106503935170651 0.252375817921685 0.629850937503667 0.3895097762853 0.0488811744712311 0.943423521450026 0.408461180309143 0.367901866633896 0.563104335121559 0.411754982639005 0.400856899295122 0.209322458128363 0.69735759372625 0.924262285871033 0.390402032950974 0.350390603980512 0.327084488767935 0.285092103401962 0.525233732011487 0.877478070822382 0.669800569930695 0.524365893878699 0.287418762715213 0.209327037162185 0.689408864470298 0.776580140728548 0.153844613681406 0.643062670778588 
0.813551849720411 0.536351987215924 0.437353278359197 0.0249854999127023 0.0153933006569536 0.196404665215124 0.641101672610705 0.662297998470096 0.266974301529793 0.445514705806221 0.193282989823803 0.914685613630008 0.526630241472548 0.343771895232864 0.696609063996193 0.0297696011476815 0.245987496252273 0.295342220475305 0.0349375510281223 0.366397703926603 0.920515312215025 0.796969786995512 0.623927456304105 0.125879412236257 0.339745352777697 0.675631784237635 0.0575021735071761 0.259627061421848 0.330757226246249 0.483511930573327 
0.599105408449532 0.789816632699215 0.329717058722457 0.135441992519266 0.227088239505062 0.233664400037542 0.162823555285733 0.688761052905289 0.352481693512741 0.386248317208989 0.420137781856536 0.550462076545843 0.425760819216484 0.914978444737529 0.782577080857581 0.734695703765023 0.650306203662044 0.766059051855298 0.651201231358486 0.303638182396274 0.0559413127530819 0.402645596066202 0.566309463694705 0.250039710717897 0.228844653617244 0.864795853976213 0.296473044745471 0.954217337513149 0.468743182836839 0.980663255954698 
0.572449013480819 0.76309430517075 0.285951381915998 0.765848370439017 0.551091906684149 0.371372928438298 0.77425955565437 0.377748761603978 0.969348308323631 0.218258912607698 0.0735498648286428 0.714659622720255 0.215922325419517 0.713880038146732 0.99846887659976 0.174615659865776 0.173740015560797 0.732621768242708 0.372600749978812 0.741237846189108 0.565642712740535 0.472808244432651 0.614664110828765 0.314099651318989 0.294693045673203 0.617280528888937 0.565907404492348 0.967480938268461 0.447580872659552 0.667003867927042 
0.360391591329318 0.63716787685348 0.664617782703303 0.496501969129895 0.875199783421507 0.130100957987034 0.0774890859248343 0.193184298776621 0.941250439771627 0.637105249572005 0.119348760481363 0.719404251926341 0.184994468955191 0.987764587429036 0.504754705031814 0.83362091438564 0.916499571737556 0.954610061056009 0.595878710379503 0.951511679230577 0.750248334193564 0.0701876829670225 0.230824345174125 0.451120222032529 0.924232762950702 0.515427356143555 0.790596574527094 0.292850437223713 0.84849365668119 0.434572691335122 
0.406927764412697 0.453793812885903 0.987293038945413 0.31118207208802 0.730146863258551 0.896760839392311 0.824423495724917 0.425679498741458 0.993001495475541 0.350653995456781 0.473189349290637 0.0233639313557366 0.648316309129009 0.827797785273526 0.914732381693993 0.918553762982711 0.618611169969819 0.641958717417702 0.948152400391378 0.443986478859494 0.60108165208417 0.960419657038785 0.997382275928061 0.127979574220613 0.296681372218258 0.878717684148504 0.642281538299973 0.56537061266826 0.759843377081168 0.149939800538595 
0.940838884436895 0.463700505026607 0.953116373724839 0.356011727649806 0.822519200531562 0.96976164588237 0.219773174467243 0.682672332910305 0.131182052603235 0.735781731309332 0.0443736967209652 0.242729128321898 0.205064043711813 0.595283680611766 0.0894549619600024 0.589418666791648 0.701678004040437 0.690200836648887 0.867791918231231 0.0410871753244028 0.139753175840572 0.31586057615322 0.870524206595076 0.239020443892658 0.248804267871327 0.521079198668564 0.769888037341724 0.0709102700492426 0.699049962795152 0.194175972294923 
0.562516456913608 0.939905293691779 0.660616994357665 0.0648204466079248 0.263708502391439 0.567955345300615 0.270991184247422 0.916684262266012 0.0552354206786065 0.170320602053691 0.250081058962658 0.649217830065124 0.709845034271049 0.531374536068421 0.980492673555278 0.920443192796189 0.441527675144983 0.756958606780712 0.756661012911643 0.279161832521011 0.390212854895918 0.656022462878374 0.662561230181615 0.919627736463552 0.5060703615174 0.0528918581728525 0.341889994332466 0.329920226524051 0.444956977919652 0.55821881039109 
0.928317959227766 0.40803137345913 0.544714349828818 0.827002496896687 0.612315629566182 0.886628739974601 0.76197000689057 0.682049297255928 0.814947820055949 0.171039718089071 0.823433395068156 0.366817023058158 0.38577348947904 0.0331078886926601 0.83455086862251 0.986886619858109 0.294491428533735 0.897670467803336 0.063931119712691 0.474083230293049 0.347439692490263 0.763808053589587 0.393552262495193 0.690023454534675 0.562087124604101 0.70742498266757 0.568992029240646 0.0768407071355624 0.0530151212811333 0.270183184548336 
0.778755050291171 0.281878246453733 0.839900871859424 0.597085186711035 0.992988940016297 0.221625227062448 0.971361589568598 0.395475302587636 0.734275667553412 0.971713417188855 0.280940168731844 0.0165701274537054 0.287017571703376 0.29454311121696 0.708461357334042 0.875581679903207 0.965786880548586 0.675716166444778 0.586594509669979 0.522156371625845 0.0338479119523192 0.00143260595230892 0.717167268949106 0.540305917653316 0.891149917490011 0.299998018096709 0.86108711701302 0.0493350019992635 0.984895351405012 0.150868964513684 
0.221831191471174 0.289519337914522 0.661373345111853 0.65724046845001 0.683752866499462 0.808813907828675 0.119025417876272 0.61726983772948 0.234732924997738 0.432976374355994 0.562000334458887 0.666230892591681 0.392237847869622 0.349989351249291 0.0275703705909512 0.571649330972567 0.138351146530921 0.548013595324508 0.0349732502496745 0.725933556089579 0.159724739280617 0.188466883437261 0.114997868464014 0.793289107787008 0.926130630789436 0.400906319146963 0.207616264998283 0.662889196954014 0.421857834832144 0.846350274334864 
0.511628490688066 0.552315898980988 0.331941061736849 0.272844260556356 0.905630749472182 0.846378623446937 0.35231395684542 0.445709132805819 0.846061976062909 0.498503800926516 0.0621590118854299 0.167779303565617 0.592443887527504 0.332762629749565 0.624957144790179 0.175751693448703 0.728836954895508 0.613981404961659 0.142485438790766 0.49082411066145 0.0453424270063071 0.0610757923630276 0.050300652455698 0.498141514269375 0.469974101912204 0.213257378455402 0.664629260906307 0.327500273890205 0.875098786969433 0.949876898880309 
0.753106946323103 0.099908682341351 0.412658214067798 0.286548111615121 0.922402073559493 0.66008689686061 0.151555299982919 0.657650356311927 0.566716401595426 0.333393681636689 0.544954442071094 0.00516597770674769 0.350788202289105 0.601265303550065 0.716529457689849 0.0034281519151637 0.0485666495069818 0.0126052889710682 0.274701086569575 0.952855812677264 0.658361157726162 0.920046727828432 0.312015454169377 0.0550702789270739 0.782340175681357 0.346398381796804 0.378398576347053 0.791256659042863 0.449168376677348 0.205540691661906 
0.139406246267557 0.843612282464787 0.664249478170919 0.896013769941444 0.299494546752485 0.588699746898475 0.337638141450685 0.611517503654311 0.257509924136331 0.118971688152168 0.919646462705738 0.808128635077009 0.129484253846328 0.981491712665919 0.158946608115935 0.734781076144385 0.12983005963733 0.246436230532459 0.561466152153467 0.846831926387225 0.773915608421091 0.695990621389464 0.352080987070202 0.629698928087824 0.0530649390398614 0.941008607615648 0.81168802597273 0.14578700683433 0.543944821341146 0.561835720420684 
0.138186468214714 0.0208093509711916 0.589054679420919 0.704675911050283 0.685900704013835 0.0431892028181952 0.16174425007136 0.981501978922872 0.255778501271744 0.24667020056233 0.343579521743022 0.694048047503124 0.0876458922360922 0.760867854450569 0.634447658622429 0.298774533864972 0.810242621612889 0.637576557376901 0.425280898308673 0.445817631874799 0.861246793034303 0.354012232472367 0.0331100209127956 0.958085767619303 0.653567151109449 0.0466084291081491 0.112059823371309 0.557351891164328 0.824024814604555 0.960798532863471 
0.608455617843146 0.375228985562618 0.808306955977909 0.421330984732302 0.00317884089769143 0.120553358718632 0.153707715268884 0.710732717137343 0.103215984938287 0.519652945839957 0.570900031198768 0.863739471908766 0.754438315336899 0.252788239263347 0.5297270019014 0.00187006625826163 0.427803359721426 0.776293988472326 0.135558443525023 0.957548584340689 0.916239147677741 0.525446976608187 0.316839791805859 0.719386060465842 0.487807123622447 0.412035553643856 0.371899990016505 0.147378531185288 0.371810781629471 0.470451361810403 
0.367712665982923 0.285166831190306 0.868442391732149 0.831977855798093 0.619591075991217 0.738106638550788 0.905871141592713 0.932193274049595 0.273156451316278 0.915836645924447 0.758025802508528 0.590306167885917 0.919648463435908 0.26957728896255 0.516679063833025 0.0313422203044478 0.973728562335994 0.875796339900397 0.996138128749139 0.65550080620559 0.359224738453589 0.0661185954558253 0.545890679359981 0.674612320643619 0.170131162180822 0.669614242308841 0.624041727756878 0.907887031664096 0.193758706924015 0.838341128059057 
0.610641516865138 0.668006513023516 0.932360731122233 0.74845281328175 0.165723370482957 0.0787788279220277 0.643574508200115 0.817508383480785 0.850665221733095 0.415297736879464 0.889903769149398 0.800836628408128 0.727421822650408 0.00618806379781627 0.388442795385889 0.761883206941649 0.740858293455516 0.146264353847609 0.563069039818299 0.569680020163358 0.607549770274655 0.41058188800059 0.138497435056166 0.158729602942424 0.432944779367947 0.999896562657346 0.152142679433448 0.799993471689565 0.223951377487845 0.62016373813923 
0.971372686785111 0.04721208541576 0.766083671314274 0.392157460128153 0.97324735430414 0.774054102150116 0.717775815883598 0.100616545594699 0.711982120064621 0.926014177060719 0.807647543410022 0.524863670111716 0.763242254914433 0.904854539992984 0.139847119477672 0.654865623312404 0.705060373118963 0.437750221860009 0.819604317302319 0.0989882577933044 0.651331558420755 0.810547291660874 0.485814477732133 0.549730874386897 0.219105923882989 0.457094553320721 0.647783935187508 0.956600228253436 0.666258104739041 0.995796477090366 
0.572058581227875 0.738400429776981 0.688433746983161 0.598731900694027 0.745930588687806 0.197943216941702 0.0874951605329894 0.679333211033153 0.27018697806692 0.221147854000743 0.177282745692498 0.474631419535368 0.302720157004802 0.534724233357513 0.338723346671335 0.705107086351852 0.424733210790753 0.225047441155132 0.921808026010389 0.42621300147332 0.348757161911037 0.883042153672722 0.562236056426766 0.616130478397734 0.290865400224055 0.671473629717579 0.668769841724556 0.852289289389886 0.3760189631333 0.535126700642813 
0.819264124263614 0.067458937151959 0.841003160421515 0.662180388255603 0.780892171707149 0.124812339855587 0.968622055456944 0.445314487308931 0.594666889643254 0.934450443105245 0.799969993074649 0.520055526041238 0.662381329479525 0.218358153606841 0.491009828442389 0.649151043151693 0.780290281408318 0.444021087283151 0.24739171815369 0.0471949499426651 0.821412456968753 0.266326562517429 0.927347668502302 0.865738251995413 0.399665715351066 0.382897887041401 0.575538282214353 0.553196812995886 0.934447261894698 0.659714832178723 
0.817642279227501 0.477590630069406 0.257676566180951 0.397186407092341 0.23623767361577 0.294182389895177 0.833217715404795 0.255973313204539 0.830618742744477 0.15629795437734 0.852055671696178 0.130826524190117 0.152461778207374 0.935213734552213 0.700641414853169 0.713969510907567 0.812124060486842 0.290412767009885 0.0245322892151281 0.286179032186948 0.304061595550026 0.232480885875556 0.799586350098956 0.0626642365544694 0.68425026685046 0.108302106400761 0.00630789475384945 0.4329735708736 0.469918524007003 0.468471682922278 
0.851904832058902 0.459156483230243 0.894764646568423 0.776733687758927 0.0925143437226588 0.122889829389356 0.44695001097327 0.342049961334303 0.946352766722885 0.266763365648264 0.801014854408129 0.590841346745477 0.981971078728149 0.93380135495397 0.113830726469944 0.315520362304128 0.831273078538891 0.145658955122329 0.724373489985194 0.443565343372689 0.651526591409681 0.606485704799927 0.949129872615165 0.475218280045922 0.648398674534654 0.719476747667452 0.472502312042806 0.377745661773266 0.972474495373241 0.698613967680226 
0.892235680884867 0.349663895063439 0.598608227067277 0.99992161907839 0.86689057943294 0.68112578026688 0.0954558396163058 0.620029062078529 0.359282202978667 0.047045787093167 0.170155737724673 0.884174030017698 0.0495714495278769 0.562765639620814 0.943481095774003 0.924524961782551 0.55827961799924 0.575754069831772 0.140678871926287 0.512436530985807 0.057165427356177 0.71696069845886 0.419817875493983 0.994615870723783 0.93369362573185 0.149745374179517 0.515491955266921 0.222048525564439 0.355389987194622 0.467069539415062 
0.537290402765169 0.914985696461934 0.984709618913697 0.115638294887124 0.741627023440378 0.471433040193227 0.0105738829837073 0.0637688442594752 0.820171189449526 0.214337109190054 0.940535260520416 0.482090760648478 0.249818203023929 0.246681019314524 0.503008971469975 0.920970178606388 0.602510885535516 0.652629984309389 0.700322095949283 0.77231142240503 0.499990744789191 0.0393202262821833 0.634830050607636 0.186764970163662 0.515213356649486 0.671310283909155 0.607180421253061 0.560740985239008 0.969971269873302 0.0165875441824931 
0.142395926866818 0.148336885916304 0.690135410607767 0.173200618783304 0.863949501307659 0.696249483071998 0.248283710234394 0.435106948829211 0.740564203682837 0.719990395094758 0.412980656646203 0.998834213140715 0.600563746155807 0.207912647379243 0.132348514810328 0.502542404188222 0.593498257118285 0.315113176131057 0.995826121291583 0.493399375363883 0.753563914290591 0.780553908063323 0.79946812975239 0.0796883129591466 0.116010913073483 0.165693258431098 0.183182610164777 0.363047857442613 0.604515941206709 0.836622675767602 
0.351333246895871 0.546402684396518 0.997154534108375 0.0855159973917737 0.610893360868233 0.347775447426101 0.0269626762247067 0.030745207042624 0.208032275416544 0.87613160397958 0.937186011841706 0.073091251597403 0.0917423647570872 0.545545629515299 0.259487328179372 0.693187777354205 0.699722686044006 0.844194287557643 0.699386775453611 0.998069072595858 0.0251819285133849 0.0186516281011641 0.249138957242935 0.236193518219141 0.468061979298847 0.0570172373413811 0.604360822100925 0.463086281515048 0.0185073035222891 0.929762690587393 
0.721407621732047 0.979114156401156 0.905873441881783 0.608108487654777 0.261798769340189 0.784154294675581 0.831016372431839 0.800999085631315 0.210376195036227 0.859605564976452 0.98602041526404 0.0400845708804767 0.0664405987731051 0.217373667748353 0.284697222844297 0.810807128961034 0.0148066519119822 0.342456110762343 0.307101807654374 0.297446380223647 0.288483905515571 0.617779243256282 0.914093370812645 0.232176274939135 0.692914887964669 0.0372940559344599 0.43765775352455 0.433302992107703 0.163114852591438 0.119990462659026 
0.120068025402734 0.861319698785501 0.687723467324906 0.971496990893376 0.250677373705816 0.181183018332934 0.457516429007966 0.0793458312052627 0.439734072983599 0.720516973767789 0.90980657358136 0.261023848760289 0.339992007441396 0.273750128067621 0.492580005516667 0.96869565485784 0.180605450681942 0.987771569425783 0.25222823868492 0.977490821941838 0.411232524978605 0.740016080758101 0.37877661348794 0.558776965472903 0.515856676819458 0.113475218699275 0.18372315136222 0.645726618032246 0.086839456723519 0.728664059686621 
