33.599125808162029
9.5825855037475751
14.626342732048872
21.815395163272825
16.004334031372952
39.995296258036532
47.390927833634429
14.364980678160336
44.69883332819758
23.538499016449137
6.8799734744324885
18.95666636570046
39.646978680436561
43.459900229475842
35.46701855766193
49.43917198281477
17.721712296139394
17.386731114596817
3.6255552227998078
39.426374233599937
26.853693766402849
48.70655609606311
33.834815316862461
45.804158184489687
9.4701698205847773
16.066856069951157
28.712760574333771
29.884331991378431
2.8843341775058673
41.638465949917894
31.089074605131692
30.468296842158825
45.580042902218352
6.446018537216907
42.893864883684543
3.1438474888258736
10.399059094581075
2.0435268724611566
42.55235901394424
24.627686519502038
24.246912205586764
28.523700754593296
36.900651656119074
3.6206760217544089
9.6908502564372956
47.480887116003643
13.68279345045662
39.214394325861122
27.870290280707444
25.847458083835313
