6.829336431203652 9.3325988837878882 41.609808648463414 47.285444654837185 12.096165259737994 17.685265292365212 8.7433330577875452 1.5864686382538271 46.663419619451091 24.701107824871841 43.414202032955252 20.351621498303931 48.470336693173202 37.832682501762221 41.159030918391764 20.077585629959515 41.15331319642123 26.795449055583664 40.881727941287579 23.303603805966837 9.481101002131382 50.114288663462318 43.734390131398705 49.413262579077703 40.244506986562698 45.679571872791058 38.93495418703781 49.919909550957996 30.228862429208991 6.0580996643415332
25.428889681402573 45.840481770185107 1.7069664430589302 0.9393838046974875 10.432483528827513 48.684307084482079 26.594971526912968 43.616847167014441 19.177012862098362 5.9782564437053001 17.644448575275224 30.239276912149133 12.031083936250548 47.426055019660268 43.41786406898666 30.299868098790522 33.256642377518247 12.635143127551908 3.0991223723332704 26.81252614364416 25.544941138706452 17.217224316803602 13.426752258469728 21.053797380122806 4.4493667464422693 43.461269721640164 28.055145623537573 37.7246617640929 10.229024165484939 32.239952593785326
24.305670455355251 48.019907797802006 42.919574658440652 34.899362514485489 31.291959126537467 6.2055907671942876 49.32608437345457 46.037557473428755 30.195968405449175 48.213745296949277 44.95861882031064 35.92812632309851 30.234839333212644 46.882115595493367 46.350585617188436 6.4007263450951841 28.296646298330341 15.006229179059853 1.1261239928196853 33.39224543171089 3.21189922853238 17.968802324047136 10.58842296677234 21.414976431518447 0.03365479077816147 33.433343211491604 3.2745068660402796 31.235289653141223 0.385222891007444 20.384168226478526
14.005095486655424 26.209833131015532 41.448627602796925 15.663405973999858 5.9089032662079122 18.976267668904402 8.1110140734842044 11.752211548971456 4.5258655390432301 28.25208854947336 45.840552027142017 38.524244037921427 5.3052935784665491 4.2869297751164348 6.1473144203046415 49.924991212306239 16.036871023282163 42.485200881878654 42.244275521023354 33.126551099645638 9.7360302881570195 19.867901301081474 47.31708973062819 49.595418632571779 18.735301067319256 17.475404209786802 32.271511575837742 42.300322176339812 48.482904384505744 34.138531100080996
20.806652820091074 40.510254291668943 39.901446565189367 26.726672993798434 38.312460705969215 13.603771736338956 33.948318022203424 0.53767042315230484 11.365977130187609 13.517510648630756 16.745750500388858 1.9962560589641201 27.052972248579149 46.065572852228463 11.298550155934654 8.7861237943146513 0.87660358004799499 33.365614014029042 6.3354972172552193 21.967320954907262 12.459336227050066 34.829555226414982 0.6317689955125495 10.359462419747402 11.149286541641631 50.076672064357972 10.896435061488692 26.109273124824053 41.55264733616054 48.393491789065912
11.70138791419981 33.248695152735891 0.60843535724231179 45.255651153100501 21.985642335139037 3.5465485230308924 18.339390633633993 28.878043106258666 37.181792791678724 20.823424896021379 16.06254845074125 5.9577787643022653 21.216689145752213 47.319904942911563 34.707084650772401 7.4062992190022241 31.161928504656935 31.996501466178966 45.699250528206889 38.579187803899487 19.155298080847636 9.7787131826592848 34.783603164263305 7.4129206432816366 0.036954123130069627 28.471992770023135 11.614451882774626 2.7465245795842717 34.314636952766037 23.559907092893297
20.173952135836984 34.90845039931326 21.070377023153327 29.135776349195069 30.701863837903463 38.411219929012013 22.55809548882365 15.46810687870653 14.069874673654795 48.004823643264785 36.342646742605048 46.297291495141948 45.447803985796057 45.190779232212684 37.900302315343261 41.172276201622985 22.000916049371352 5.5778866867780463 37.907637112242519 37.436560295289453 24.179831733714778 7.4406928154773428 29.33444096330982 47.5072396661933 17.615992597771587 39.314731378565099 0.34531290789286073 18.792103301744415 18.223060526481412 6.7284590250744154
35.576494681930036 47.577172626614924 9.7406286165493547 35.259245267088843 28.568512861113206 39.497117756134983 4.2552650322546199 13.281281897273503 29.522859885473046 13.570733166234547 7.8065062979828097 44.050036258466321 47.025531363159338 45.062802878462335 49.638966025740807 38.996517942741058 43.82210242841672 49.778453345985049 24.981586412132685 36.82254415963741 7.9975975796713863 49.575414275235602 45.007298033820732 14.145897414449557 6.7040166021111878 14.129107323757726 11.042042884107769 2.147216293420231 5.3211514816902747 45.060794709979888
7.554600181475644 41.493766177749833 7.2291922215449214 15.191644997409119 37.681497309452141 40.251043088597996 30.736299511279938 35.063299974254569 42.484671568762025 24.080309194000758 23.356264634281096 44.463909907197277 42.171669679359596 29.075254504373721 47.249952462029562 35.98627055394811 8.8068548878950992 50.038340048472115 34.150036934181905 33.837098994876413 4.925758007200189 3.5832213360680845 15.683495173690075 20.275483296453537 47.794442840293449 27.048498001338931 32.033233331277494 25.119240467587765 41.780216351657891 29.035769122793418
42.193522622212534 41.880328930497946 24.30161611312214 9.4985676219237405 34.921262442156618 14.40141998890441 5.8570503245487089 48.554812918484828 28.433762120165657 42.656318676316367 6.5018834748662577 37.945172713385681 41.276340561917891 43.304986150263034 13.376447804479556 11.480665716610075 31.757230105942362 38.474608566712675 9.507401052038281 31.126925541290685 33.300343148176097 33.843176840536202 24.538374428146177 1.9815235771245074 43.493914526161106 26.440971084860802 4.6061621008735587 0.51522998999199099 23.006291025659984 30.267063344136353
47.066240772955382 45.805262282288403 8.5699844029207828 33.015378958049439 38.759390697746404 31.998562875821985 29.536951755764484 9.5413523681198438 24.149926431192767 39.620520101510074 33.517504934834285 16.08783370866804 11.315487410789638 41.15464737563439 15.663611041156742 5.2825871189118629 39.633620137824579 39.553958366776143 38.521710284289114 22.971327405884601 33.844301545860468 39.587847438113272 43.596297897901643 37.014140392203984 46.142678478921297 15.073879583584022 48.152424738209938 8.8077499804101329 46.681125674206882 10.651048828965132
31.343906929060353 49.246489454106346 49.330007910077704 41.166847409117651 35.831722242529658 8.3628522650767323 27.57283364963666 44.931133635619787 7.2261591676129031 27.292236486601926 24.260769244069728 48.58740518901967 27.281878230477389 1.9444464108293396 50.050763388985558 4.3720548410501765 46.382179966181781 14.473199545345642 10.05362184301165 26.246851681538537 44.816956019036759 35.814556717377393 30.475974140402037 8.8408814837811018 3.6851830816032454 25.527200932709178 46.925498825310285 38.463745507961441 1.2605328129888334 42.877631548182698
3.1208102150256511 23.173807416585266 27.301146192958925 22.619173564408477 45.081137061531784 0.96641356081986984 19.669295960051205 4.3050934090968402 29.449266096135279 44.83877080132914 7.2512065026386825 45.851971652029547 41.787915617771368 25.205435450813457 38.006328170388585 44.316663441145252 37.709726962771398 32.41936350995239 42.421340806698375 48.491905122441892 9.9046846421220547 20.699435766409543 43.676118119558872 8.9033580350654642 41.141620426717928 39.693380000633141 39.87400568633312 0.59959071627970983 34.574135465648872 41.000624735939034
45.460414687369344 0.96652835355133471 19.021730992695559 4.6176646966847112 45.013800801522628 30.620536524713987 5.305908769522846 3.3917746313594921 18.801455943889891 19.905182362551635 1.9917068191524909 4.2556789172068088 45.575630884551039 31.966124584886934 38.942151496548924 32.302927994815455 30.0224327695494 45.839573723334304 21.942581102157792 16.910123214396787 4.9414279685220297 36.761090114151123 27.638585963046157 4.1448747153743826 30.504211526568419 2.9775914866131981 4.230149968804783 40.731381482056591 42.12945674471824 20.840211558574779
22.971793861556648 34.791765540890253 30.472487800227711 6.0003996386877052 10.01094983072011 49.402221059295869 26.665078952978117 47.432081942376193 15.948753817189118 4.6534447931659031 10.083699801526988 39.26399666608404 0.53889631622755174 43.031407541494239 15.423801651162403 41.085861136632253 10.982852098327287 5.7343164757329115 11.144902733924702 28.90079721518466 30.756926071554485 39.037628540011099 6.582467365557207 20.263523714447526 2.4653440258698276 40.892866461989733 30.508409558444839 47.673709225179515 30.191570599530738 46.088162111860179
15.60232885218122 17.421011357952445 39.507600832274221 36.0400537142323 39.887046405542719 4.5535568809347735 48.567335823276892 25.90265608467201 31.713247678401469 18.507640829057785 9.1695986475912683 29.28319644121569 45.368574458676214 40.908596525333017 11.126909140222891 1.2957240640482146 37.47972875088702 36.205623643479946 48.415549381511767 24.613990904138429 6.4469599118313345 2.4421570691958019 22.555900628365912 18.972669054166406 46.044187464410854 30.536837158328488 27.0047730992402 36.279016100750816 22.545344626669497 18.064206756361649
1.634800148209594 11.045835578664729 28.907210123815808 12.834244685054161 47.864745110421289 26.795659808145743 34.200860953622836 10.967107110766458 34.727384042164218 13.640407214437419 18.050004731753528 27.310005461015525 28.513213017422682 39.917735249603197 5.118923680559103 48.392545348686426 6.771231344183529 26.875081948967576 11.640307396700486 39.62756481241054 1.8610188021935445 16.382941618437862 24.099127500619684 11.579950955180299 3.4278392951631451 13.401987150079977 8.1881422106032087 13.111778661013011 40.509110748343943 1.5197200510563025
26.974578025960188 40.774521925881544 34.778781677204009 34.033033857663497 22.729536178926704 27.359103006996303 37.095397381660163 39.707628442067637 36.554945226227765 34.230998610427669 48.49928641944863 3.33273337483286 30.368303540787402 38.702392348187438 0.50349022931968856 34.694515905853166 10.104993389683829 36.408950367068975 44.260713969522449 14.110076700415194 33.817754019900192 38.459158711651455 34.553371259593142 49.933034178207301 9.2799189046997057 31.149902878625397 41.499798089556769 1.7702467465811687 29.052372898776092 20.813604283633271
25.527985651768116 28.692526721501547 31.356188859254811 47.848486744254799 25.178294962214178 12.235130698413098 40.278326642624577 35.860615041518962 28.769285904946059 10.540221471055348 12.952002166053052 17.743620439669733 38.137780989957378 26.226692925197948 27.012099939777652 15.89941987847291 34.292112684774182 8.4163436520983552 38.884797591876911 35.827435416206335 43.165630516408363 33.318218755256886 7.8407738712046608 10.64005660928628 35.498188137988656 43.662368617077817 20.727907200989939 40.938448874709678 38.472150982706516 29.543849419080498
25.289731684758138 27.582091287294965 14.348799449234853 10.378184989352599 48.707548927133956 33.736571486581312 1.3200877387107146 19.498359105284059 2.8414812531107412 27.269858967461296 44.917481599426026 29.417413851031366 48.938728604869659 27.023801538800335 42.510478502143826 33.393380467284338 24.864620456416926 37.881967704770112 35.011364176149655 3.533463421354146 13.295692373072802 5.9453555067431516 48.348224297016628 49.52309197282235 2.9874412509968939 30.552459354871225 12.538947924086116 44.702959473713662 21.747942530778861 22.639284322915874
32.603362433366399 14.769284905469974 22.875632329554087 20.695521888012379 26.382324474884967 37.098261088634544 26.966693313056947 35.757362581555881 14.857344336374176 6.5178422045858042 46.515140270978463 27.149843560659729 20.412570897961611 25.883893497992901 16.334543203387028 48.704315270519466 31.202939375626666 40.909737136053693 13.987518200485857 26.47257916509249 4.0918953316904156 8.5169154488121031 13.373440328650842 11.315679378825607 39.430959465166183 34.352807729204244 31.03471293663349 40.683739469614359 26.901292347800194 8.1881270672876987
23.821410716388243 19.552585042518785 23.705102163700875 32.806443372296435 50.055332798676147 8.2951636181970816 12.087588766194719 28.457973090176306 29.20184716868409 19.957343120843657 6.9264678946541851 47.740491761754093 44.453543332269525 31.052532267706734 7.0734883247874896 4.2540618001399677 46.398227648013673 13.925269393958704 29.399678894434931 29.749524662246266 49.932887007661101 41.442566987783934 2.1610765410921839 32.877484284653669 18.03116318297349 34.1254761643997 11.323282361768801 17.750147380786213 36.447597793859082 25.839320984054332
30.979276691689623 20.97557395566054 41.818577641943499 41.852221672285708 16.293489384212855 37.164944244586735 41.580087219833842 45.727585837874244 29.775893901142737 10.263593046080658 9.3961072116788582 43.791720198523414 17.390847947759816 35.909122197886703 27.456558787656487 24.088622733551865 10.370047457713635 29.802733757131367 2.7336041191085036 48.379621609675496 7.729850037792044 7.3608101948742535 26.113747017456124 11.795068177448966 38.634105123195475 33.828367235090909 29.160475401392855 28.955379150101507 20.868392457458842 25.813470478705753
17.83543575916088 49.323789393119796 4.7558117695908253 14.372254870699017 45.530819446358635 36.117266639237791 31.983688684233368 39.238691271486019 36.118460803648375 22.618279279827927 30.915812317949705 10.935242598147379 37.782772738260149 33.153761770382729 20.829611500747301 15.000548177526687 36.922808093478878 16.521963844904917 29.086832139806067 40.188915945662821 24.55132529886351 28.689974702385097 33.597267123496891 27.101691624454777 7.0007039823324932 29.93983294240487 13.379544256499202 5.9575462960927714 40.403024922817309 23.384374977511204
2.5470217563139719 42.721807206383133 47.432879846738977 13.771947467384393 40.432282487030946 2.7440441623968055 31.879031491814342 10.714079234731887 30.306253696454988 40.04946291280784 37.720522913627541 28.33538998393616 16.409786571001124 46.059640177418835 28.267999824009753 10.638902445264447 48.635197023844263 38.889102193755079 45.138329545640893 44.304226641533198 42.321583123427182 16.240216966033614 18.829584936202913 30.202154216515307 32.521254350680543 25.481641909903864 21.936080965394524 43.193903024247682 35.017200409152238 8.9853893671273273
17.095609460056316 50.051550384561828 33.065754089734718 29.60970607208392 6.6713088196357582 10.195373601243011 13.854701897013134 11.414436069098857 9.559104870756352 14.570441970255096 2.4750708297244191 19.055072083373794 10.833263949302617 16.208072523756361 25.47865098949465 46.851962736271183 12.704176659983339 6.4173811486994756 9.5717268941343665 18.329954079414836 14.799479087113562 35.709078152969184 16.265618117982815 29.667305258247417 25.002722078652415 27.358378887490872 8.7493328415495206 10.932304502462287 10.23998117442699 20.136199653237984
16.591009971361096 4.4471569550170225 44.637053948852852 22.408776139717641 26.343915216382523 21.856666313327715 5.1610694113335214 48.860503727500785 43.361095609777919 2.0618937191110334 40.616040930757315 10.848985930540094 41.743078552504471 5.4542858263621801 46.173771605462868 40.2868637572114 32.803951648167043 33.070758809113094 46.592914683375788 23.073819612075606 9.5446957236048462 31.969456739972181 16.185189493576669 32.553500959788792 19.38717266185472 11.235432718482794 46.449998643050598 15.289849860774648 3.0390970952747178 5.825374661995701
31.119405208186674 8.4237039964512785 7.0521714498265196 16.148576526012395 44.031998662412811 8.1732518866446977 43.600519635062206 17.244681368992516 13.826631098155802 30.83381526551338 32.123329886122484 27.354127361821973 20.955619934833607 39.72594925860065 26.154848508841301 14.109342566506037 25.186631465211669 10.155545308585776 10.845779770950045 15.376780819993288 26.443756101247313 45.751910096972722 16.674071143398237 10.244473041456068 4.9621363390205859 5.5655434572282969 26.604693341226966 40.054142495153407 28.385964420755506 48.056931510620124
11.99665049571402 41.299511921750955 43.638213045893792 36.750841760004356 1.784808441876256 19.781542428653598 36.856026698745133 36.511264247335667 9.2613500615828048 16.30468065277752 6.2929844434862225 44.701098352904403 31.216982502037641 18.38369684456519 32.961079230315008 43.386941893620495 24.972628993389751 3.914322302735104 1.9836714756719964 7.4177087215735371 43.920908795168771 9.1317571291538311 45.634857766610835 44.843744515720097 42.517485644598871 26.211514057795814 9.9669745256823106 0.86324473074879715 28.607578149382277 12.837092376179911
7.7523517361969416 31.194241591028259 47.777561274585103 4.575704316298542 0.43941017335482285 21.817325526992462 15.589505408502088 22.794799448486934 10.263597749403216 44.298011442664702 16.324808922985742 42.540333801396699 39.012830533476638 19.562540109893469 24.578941483725494 21.342969423516976 18.939362294498192 15.151521680799403 12.113084133461873 5.5298337363138126 6.4704604035430018 22.725167923825033 14.215876303107708 43.516195865181849 17.252891836740616 13.362402700582319 14.778394871019747 38.815081339722326 8.5962651167410282 2.5741124838018123
23.86272736169435 27.303063084303204 1.810635177844018 21.644228214312427 22.552670732669462 12.545311837267706 48.335239029191143 32.981379075525084 20.815978452621547 19.418851758601384 39.049377428917822 6.3927633345264434 31.243059758673979 28.96208775062512 21.669470736679997 3.6486321357091365 26.269925668330131 19.20105351234572 22.761108368655613 10.49770696655531 32.941530516502404 33.404827519789364 7.4132853836307522 29.747245578939584 17.444978095347825 37.95407032636507 46.052938095299808 22.210363311324112 18.63958529466704 24.470565461202789
8.9412403514423673 16.926323359553699 1.9917427661850742 4.2981527635026495 27.4668245773648 40.761335667699647 15.594260218757476 19.199046339234496 43.971818967570577 17.750290337965627 7.6753112109329278 5.7841363541445245 48.553802630776516 38.365183425262423 31.01684536225412 49.094742672446259 29.006340324339053 37.868741194394943 21.680117825310131 18.469787799492043 35.989522942726161 37.191428014972423 46.126223564942102 36.960687493213719 2.6916208406216851 6.8302756321722029 2.0534022428874659 10.810644015408258 33.628071634550409 6.2118736214550143
38.515286364150022 37.757152112819469 10.977993383030876 20.753921216440631 47.285498077350958 8.2591292446339892 38.228907404368286 11.57493588880077 33.338918481368438 9.3475533871225789 42.749968745742571 37.031455429477901 42.075482703624196 39.921456212535119 34.361921614125798 1.6375731704566854 15.756541468160462 19.986972684978216 29.679971736366845 5.4308338445388937 28.938669803237968 1.1832770249074189 27.630695988431114 24.379136130300385 26.103177560039189 8.3247860988845446 48.931573219638913 34.505605490372993 31.920209638019681 22.238904644765366
13.842091235190386 38.21910988418562 6.4814523555433254 47.593925827526085 0.46894171161680409 20.648482265624029 44.245003777202101 14.139921100107518 25.302749156332222 45.328252137888526 31.281458067604444 40.277357190092637 22.993745868003469 21.870290247908535 42.686416728306163 27.370698859308721 10.554890080214776 2.7379619784981526 33.361869709203006 19.501335157890182 10.491663260493246 6.3636454654080046 13.285247281847091 25.642845846480348 14.71831532819423 40.928045181017268 25.342526171465114 41.527670706217187 6.9840870760727851 11.179548130632359
41.91999107037941 12.385712660975351 31.129100335973632 49.914308845173906 49.561605482911226 17.172675889800093 0.19816300543822962 14.532434890015237 11.32638867630336 34.414785064191094 21.475442147794819 7.3190180407082739 9.1961325341971474 26.316601945418345 0.614183020934715 37.337087987716011 25.67082204415275 7.6710719271231671 34.67213471170664 49.731058467766417 7.6579326506976155 45.093914870041743 33.835551652701831 1.8419631337212625 19.079109838283173 11.4200885025092 11.468178226547954 46.215187213382578 9.0637703328501207 6.7363661639363981
14.991661314341165 10.800335521581893 20.773175138195182 37.953688025699911 15.371552051116961 24.462507289141374 5.1720474328002188 37.09065356879929 6.0299011967043121 49.932786041712241 2.8411113292324384 13.299506213175196 21.386082916365133 13.219097787928861 47.744288600992626 19.233839352703665 47.913738647200105 45.047027707904483 27.793640025230669 9.0908062939838832 49.667555210145828 4.6477982604097585 13.985027990982639 22.936391186870143 45.151400967103534 25.233050332805814 46.666036659252484 33.708526937287566 7.0010408066212797 2.2005598810240228
18.07041253403257 15.994488574007228 45.798824975074687 44.020937631701976 19.782563008125631 43.237880773464312 18.13005088259257 18.30534479145178 31.691321961773035 32.854061348836112 40.581594642352883 24.298782013752344 11.681980956952756 3.4505939167462372 33.96252086291333 1.2705104158193892 32.934760650063005 23.253616160444636 18.090048549774782 46.314345882630107 39.671988645428897 49.381368409694815 47.06493014452402 42.708466645861137 47.999364890720962 34.834114080489641 49.201668023161332 42.968470939256825 5.0407993181813557 31.339960804507214
41.747774649094865 15.27747399064884 36.939285635880267 31.424643344787277 29.498089604134798 32.718846706138031 11.192875092932256 1.9637789705510131 6.9575796910070018 2.2084475667835579 13.033186320710231 30.990318447064869 23.895670536107218 20.541215364596844 40.836276924446103 2.6821181347407927 6.1649181760864726 28.715076803258881 36.883536194982852 0.58308152733493546 20.228295188526264 4.5254897359589226 24.90786724912499 46.579216578537064 21.522434771534751 27.028585729292313 30.131325236475266 14.525485602531393 7.653029850870416 13.895138058087738
5.9176583017163074 3.1768541128689507 30.331032859156881 9.2274436859525331 49.67274216942387 34.9707953764972 11.796247465227575 2.9255707768178616 34.134704550011719 43.456654986958121 36.059415235459255 0.11664867472563566 45.876192945235644 2.2295810654960802 6.0998814461265169 43.176692256286678 25.223793837374377 14.315519397027796 44.653306160099937 26.764549841647966 30.689611718750431 25.917062591133817 2.137846871149931 41.916638916015934 9.518757511470147 35.818200505219018 43.100138028977796 47.688070886112897 33.804701922097372 22.865507199553168
32.725732750522965 36.512557784914591 9.1528220532401807 31.146733571692899 25.658700664848915 26.228808842998347 16.654257573343674 0.77514794789481867 22.51852088185889 48.811364605930891 13.536867118041576 32.136296738255822 32.8289467996334 26.056969026205685 34.129057097793712 3.0608538184700573 9.5969458386164135 43.402441212381376 41.588850174039685 42.310339636502711 44.778915427365419 31.53881683756255 14.713086548906709 35.712744376007883 27.29778298621121 45.05518461294519 27.170668553618444 26.86628919819319 32.489537455760328 6.4505673452663919
30.196845476632429 6.4158045168656415 38.404401017730692 5.882848270197182 2.0092746317199826 6.138446371178107 5.9868751566173479 33.166504563042331 18.349399430968106 10.7743725328769 28.041830194694111 38.585606512839803 28.695746808830965 29.110771055127952 18.545039455519003 32.135071205367737 50.047734199181868 21.979483192628397 46.105177427573487 27.511971905407297 32.373714868492073 25.712796352824149 41.229000604249002 8.1568774484783102 19.276859754981309 38.056669153550423 39.39626263510435 32.235029566213228 34.751241229587954 14.629816304056561
7.931449609254984 7.3850012152665538 41.042303044948859 45.846220250506121 30.330069278904688 18.198570359928809 30.82023726187602 42.687363124592288 49.187428056778074 18.991413572791053 33.790095005325178 12.408863818572561 31.175358341274457 5.2596773436338031 13.701489474059711 37.583785359340318 43.649230462818508 22.94221680034472 44.782939976614507 25.490703353024557 31.568606896859709 7.8864073336418565 26.812881619990907 11.650086456604223 48.583809528696527 6.0134082204456121 20.412317871033377 23.512900707551612 11.290020833732282 46.283966232242904
8.1335277821365661 32.764854312693792 12.65497488494622 48.132561813310758 27.104670042786321 31.685756582585245 5.1571313864696675 17.499352403638042 19.561309925182822 6.577024111798405 0.38436265067554265 10.912224884321612 13.529589096968794 29.951149943692183 22.015999543856665 39.899246397761537 16.499995669109886 40.671645427116736 32.964066731673633 24.953114367138305 27.042239938022728 22.182137124688591 12.378544619403778 14.271314439874102 37.908629582624023 20.53626641759109 34.654603255653157 40.771738261394496 35.970175207522509 26.220308755108491
20.891893835793407 46.882740282085066 25.154773552883523 4.2012750011605009 25.839241609953223 42.430987279513296 24.897688654647119 42.727609681526246 41.569099287106454 31.631359847614693 46.229695360915379 20.871115653170701 21.175493616562541 26.340974724951444 5.1164211066961673 17.742037529504874 47.190745665223069 7.2050214427803141 2.297689056536989 3.7741508267191444 16.128955906462359 3.3163298602015994 43.907891500025116 14.85427860789838 16.261253047746308 49.068567251680044 32.766780104064132 49.295666288452111 46.558142946565312 47.309155287019415
10.487009610212285 9.3053913302638502 9.7749068163772908 44.268005669490911 11.006115665127053 35.078243769579899 10.193876489920633 4.2495468289252969 11.270139672767554 5.4588711807798989 43.383884149968736 32.368423479274526 8.4909394118595127 2.8401613768367264 15.001428556868557 13.445790733750616 21.624476689118097 36.764016514919135 20.271210120911658 24.638352247861167 14.064589074243933 43.909010250003192 9.43276011939688 40.375600451341995 37.246093711556234 30.673394500848904 30.477017212921076 46.996585190424106 38.079271732830762 29.813872631199231
21.146263378470373 21.371492949344809 12.43158703715582 42.33269478345315 16.138103525009299 47.377534211096716 22.341218337398558 48.111622070726092 27.523873937273319 39.050856668903229 36.351448386663314 7.843946634431517 0.76697696835827611 1.5322802969507299 22.126157840450009 43.529792915715525 42.168395024947245 48.249356998537365 19.538891395967298 12.365659342873933 22.283084926081134 23.382841550239412 31.368141648164631 10.260712554860049 37.378515880250418 14.748295334785913 1.9049547683588817 24.943835745251505 42.552725454057736 21.183545804444019
28.022744610029918 45.926636531959858 45.63190057522921 2.4322466139574903 11.258880550101253 6.1530017771611636 19.603754925920036 18.086440352960164 19.721821995063088 33.314678999239504 13.785105071061393 17.665979964380092 21.634824011321999 5.2969699903902026 49.572569353645413 39.294348088299763 50.141260287302615 29.443997658788277 44.364657213790665 21.116207763199842 48.983286806822115 24.449109429634301 20.645143314100928 40.643097433385854 15.373051639349924 19.939162661661829 44.29121814051576 1.5840458726651447 37.11203033543093 33.84792045329791
23.674176280866163 46.959765633952024 35.379354453766936 45.948895200844568 34.222944176061958 13.815661606466689 3.3183701096754934 8.5319095928629913 22.808851607077123 9.9754294491599431 16.700074709087218 18.162672172260475 34.453019989011516 32.243538667271679 15.369022899396059 7.4275267017608861 27.144571222556138 15.284518453157558 43.942364899952466 39.004225141042284 5.8067427575315644 22.211010803084687 3.5142556781897381 40.668658122121968 43.724494289282234 34.444238135206305 8.1672759267678909 34.44246840217334 3.9051915232749153 24.722861494194582
46.308215510522018 22.898596319067195 34.843504568800505 47.948343737997021 25.673231311315707 44.056049561041874 36.838738392316088 48.590342783603816 42.739313547809424 46.062302411758857 26.861351409484108 22.426233547371357 31.260408755892598 10.352839650871179 39.439516435789542 18.094648432274443 11.180537517303337 37.096564356743109 49.761248151163223 42.658300903882648 39.844115492208225 0.35035742359303623 1.0219531128810877 15.952786694399437 31.719607258730477 36.677792785605241 1.2400067096720224 26.097267608062367 8.9733140715739044 12.008331373844102
1.5439811865069797 10.719200004027352 29.535243931985104 26.208405065058045 4.9694613209450011 19.397636157898486 24.254756413387824 49.606364507307795 43.093532858501852 32.814743246881129 21.485877202987165 34.15414294797538 22.493973064473188 25.869141140983938 12.19554249857517 41.283938535696194 38.555667468703078 43.395901816411325 47.889696995526187 15.492551985811426 41.260068056934074 8.6480955910595156 32.544981546546495 17.067012700930107 49.364852893613303 16.531975632493658 14.256540068987491 22.008249417037419 38.450381454930728 6.774493583409015
