0.66472565808395268
0.1899245588601946
0.29252685464097744
0.43630790326545649
0.31703939646505924
0.79990592516073067
0.94781855667268855
0.28729961356320671
0.89158629814789181
0.47076998032898271
0.13077901896115757
0.35729953457037894
0.79293957360873124
0.86919800458951679
0.70934037115323867
0.97287526614079234
0.35443424592278788
0.34773462229193636
0.067555612576266785
0.78852748467199874
0.53235635138165027
0.96469982535114018
0.6766963063372492
0.9160831636897937
0.16001517211931876
0.31422032195978783
0.57379823040422817
0.59768663982756864
0.056761694318636133
0.83276931899835793
0.61305630296710978
0.60592309088502516
0.90233832616157772
0.12749912657539048
0.85108359735065575
0.055238447949927202
0.20621485831173331
0.040870537449223129
0.85104718027888482
0.49255373039004074
0.47270653917196587
0.5704740150918659
0.73801303312238153
0.07032579366068796
0.18869711153936669
0.9496177423200729
0.25571526723276455
0.76259694670714862
0.55740580561414887
0.49669383891882452
