0.57090302273922133 0.40639979199127746 0.056458610810714724 0.77400684598286273 0.55656676862146903 0.37462838905482082 0.87762413395367966 0.8772755327094478 0.19884796279161326 0.5043332453486552
0.61142638889474721 0.86327112394397987 0.99651472859367674 0.8902161633184088 0.6799474008331412 0.29793777996258547 0.051770117949707359 0.1477503830610975 0.99990986917622471 0.14296392233626681
0.66433617909501641 0.52101748511110579 0.64724511018124542 0.51293076914217262 0.058457684678365915 0.093038820550491327 0.34010500878366617 0.17357694465892254 0.57429728157952531 0.83976195833353218
0.95380345176412173 0.2850767542073524 0.040897846389290657 0.89536625686437565 0.14119021453689135 0.15425210769670533 0.0655982309008422 0.053995003456897048 0.06482715767513629 0.4753941005103472
0.22391264416609608 0.2111518243256903 0.58485542869060114 0.57807081451681974 0.091843497233700264 0.031523206054514349 0.7553873139491577 0.047677650296541071 0.82797484979802594 0.22102407986812939
0.98523300543580083 0.22019394919066099 0.69829156232449063 0.073527706844098303 0.56981000523887915 0.54842560006436603 0.4169588599190463 0.21519386428408321 0.051402436625623091 0.22571271967360301
0.88683449725654673 0.99151302258686957 0.45143805481069449 0.44556438526671821 0.017735913182608188 0.99763080941370885 0.90802916674809031 0.67066727947474658 0.78618115650613718 0.18916044523464509
0.7361768229969966 0.11766569564824784 0.68430561033577531 0.90426550213992396 0.82798070249438172 0.042202139546247894 0.5204062699672477 0.54622082940735883 0.4536399196188306 0.64881850054395973
0.30896244524809896 0.27492469447542806 0.23419227051965569 0.49575299037965631 0.2625622970387243 0.79502284825630398 0.40454358844991517 0.25195130102592905 0.91957491820675863 0.73570757511151175
0.11630096588420129 0.78771010677350861 0.3147994192993126 0.55672401551949668 0.94525468713780758 0.34253804253347769 0.22149839746160432 0.44930993605918496 0.17866679932536772 0.93126937225041961
0.88710155731585261 0.36155295940832538 0.79980611835726212 0.1851692993307989 0.45818689176263444 0.65660574166009189 0.45384473847926526 0.2812900829146025 0.36352889019037143 0.84749002122098216
0.013825246041821827 0.50811467545113453 0.93493121695432424 0.077085084318678485 0.85982366630254803 0.92786953132451766 0.40456846963868137 0.56735239001653515 0.99633756834462472 0.30725959736630076
0.14518811101028767 0.72550529844519873 0.79288263806698989 0.76595999172234797 0.078699214782807544 0.85005753343104629 0.9233359480973834 0.33125323446644722 0.741999248904742 0.66606072174756548
0.29924893284441761 0.2487346242299831 0.83882533488061406 0.46807159094607959 0.94728990242493316 0.964950178777914 0.3741146722905227 0.60671683656853648 0.78288322584624992 0.58740188704559559
0.71860165290086375 0.30894172571198691 0.48212511731686397 0.65965233777027743 0.74527434823657246 0.54770830817269633 0.96207943155246711 0.36553769256853202 0.56588761217458283 0.67306514739714518
0.75716395764513045 0.98726618040301539 0.41978670352757613 0.80650400558796831 0.98144581958098109 0.13203308326283109 0.44742454751846822 0.40583910408413598 0.50106781557913838 0.65199728400687917
0.3053135803029316 0.72712748946069616 0.70753240870780865 0.26711325561808158 0.95132735113013434 0.63851876358610016 0.13089823050161914 0.76055114759129583 0.64013249237420922 0.30902423499813186
0.23915570203219699 0.13767697512951477 0.64098503158835674 0.87270812264427944 0.19427079415206866 0.23773141069632325 0.7603274476703713 0.41143468711682701 0.78871776708196262 0.45424736178570063
0.91567497457042701 0.21566595388461002 0.55201929806794758 0.44089477254210169 0.2554213750508087 0.14203337456057147 0.28859076652658572 0.14806645733044194 0.77963085919309749 0.33339641771009004
0.09441547650339481 0.48068880517263352 0.20271334386840462 0.76049573373898027 0.84813870466858365 0.808830927804713 0.47972061574768138 0.46279954899551462 0.32179144234786311 0.33075955805133234
0.088567452251479703 0.19352802708190303 0.12507550500543035 0.72035601784472147 0.49695875226187819 0.74872362958121319 0.66590727645189052 0.37123153859117591 0.042852130651944417 0.72770979972499505
0.58860161897141638 0.7805525971916919 0.4768921257499969 0.36010966377036085 0.92105750228573369 0.70987952684020561 0.14550697196704304 0.76657422667489894 0.86359038937227006 0.29090746302853659
0.25144039611854035 0.8920653476869439 0.42585983438436364 0.60546024963499356 0.014189131467988104 0.31415412875981347 0.11541343626612414 0.93239230903020243 0.17079555227947568 0.98713138758051466
0.22714337278976465 0.025881065875449073 0.75910987598298096 0.10357465485551291 0.13974856134448904 0.61273266124802206 0.31016536619692076 0.38441499585955446 0.59332825726340255 0.98772627783760281
0.26772680648106667 0.10360814976455905 0.27804117078892138 0.15939973984216754 0.34652191244576397 0.8235426470654813 0.28723990815561545 0.077073878412662264 0.42212672243048627 0.6901449952860661
0.031194005730214514 0.91605028573474057 0.92634923861985563 0.6473162100737353 0.64920496853375509 0.61233596120929457 0.79412023983338453 0.81128853694400915 0.41694020848736607 0.70070993730550524
0.55917158875540129 0.58765706823629893 0.5549059322967137 0.231588118605141 0.54860071638500152 0.27696285327094577 0.33513466294194977 0.36204016404103673 0.060519764704115839 0.66580709123622839
0.47608787602587627 0.86011181935631109 0.79060268795809241 0.80205300294483817 0.76899452718148043 0.37271569375414854 0.92867934397859586 0.38218027214169709 0.62238684011116296 0.82488180645835252
0.12173021611355155 0.44090005003972471 0.26592051412668577 0.30211529780328078 0.11592215597902482 0.36305534821765534 0.94900135151439835 0.76536784909799993 0.047549923675335767 0.16741535571594651
0.36058841375343692 0.44545423497477282 0.21059402129030219 0.19444328395136184 0.031862310484974829 0.27137737442688131 0.95431605990687307 0.13549406021542459 0.079630516567525997 0.49399702299566456
0.71311946239799362 0.9594741249373232 0.71471996959591044 0.087722679358018404 0.73479636047440833 0.37221579783613795 0.41950677597193126 0.37172062526386701 0.87297824304128735 0.28889094363702333
0.96171455024211727 0.12086875380415012 0.25662985227184759 0.83285243656517205 0.41620255922649502 0.42176323578386904 0.67999705497896756 0.079371154459365087 0.11473704595557481 0.13513467924119377
0.87142292872418192 0.94497176372771585 0.76984103640806667 0.036103066427939742 0.011994476877453187 0.52428552341978074 0.408092771629676 0.6964781365745043 0.76303355636630787 0.88410121020015264
0.30934709166249391 0.25671335561817671 0.6671148405493752 0.98886537161838106 0.63665694098662595 0.69154922900733917 0.37850878143112882 0.84743235972878062 0.16940863764877306 0.17432675567002248
0.8155152159420519 0.049219440225182695 0.098051308232985288 0.59293619460539859 0.55105644108264296 0.019585974814429186 0.90683336952293114 0.63438238042168538 0.96265511047163155 0.67408903488047145
0.56181725354251155 0.90853704192130547 0.90696092081786961 0.744105952422071 0.22704024406305917 0.22314115679734486 0.51037418099011433 0.56516247784040008 0.18873036155733153 0.14758663840508851
0.65075159111046177 0.90782270562369327 0.70572283392877733 0.09230371713679579 0.15191619475199386 0.52702772194124947 0.77246361563382204 0.86596339810356548 0.067010795696805722 0.022882868983774719
0.37508101371077346 0.92421832575143514 0.23107476274189259 0.55615258144237567 0.80542835085111442 0.74174968773783323 0.36330728734311651 0.1341539282689182 0.019943332011595861 0.10575381416435396
0.87028853483877566 0.33331495076305923 0.012025579417348987 0.29773771299735291 0.35310725333139475 0.33817452351557437 0.066387377743891404 0.98578354006745494 0.27077378355033416 0.94022440523278106
0.47628989346746603 0.90006674442650125 0.054473325975196649 0.60687271142796662 0.26836859368246152 0.88690339803809526 0.36160020133429888 0.89901715576594921 0.59998576171019091 0.44377555576566269
0.76464794391300994 0.54511490629956105 0.98390834341393063 0.72604848379038123 0.1581436574854021 0.59519514611552771 0.18312461359674032 0.21458204738014625 0.55778134808527791 0.94955812217937541
0.71757841102522979 0.066492314758193879 0.6857175422072429 0.8888944719604267 0.84980165168191779 0.54764464380166344 0.21163982294644951 0.29060224018104935 0.36859709614097397 0.4222715792868727
0.98756539517993414 0.0066035153786188515 0.35652875936582767 0.46677154115425284 0.53130356271158641 0.10023266504722277 0.32274269326501676 0.22005024472760354 0.94212258580454644 0.56486446681905156
0.9311688488159533 0.34552877647130514 0.0072527716623413284 0.83263708569390149 0.13753349924149533 0.61563511825170236 0.059321697509419777 0.39243644427278906 0.87310334352944108 0.86211779860682514
0.20726334414147823 0.93851140378421483 0.79500677215856619 0.49212049533178431 0.93974361491476854 0.20245721457741001 0.72660744560181967 0.72463719201423615 0.77388393914362141 0.20951229613702432
0.91088983354873598 0.64168623885291609 0.010430427334128734 0.42070108199685635 0.75003714976612657 0.78255847196657213 0.15507506627786311 0.96289292873116383 0.38387146549651535 0.3962303586966352
0.81061657872170267 0.36375598740154796 0.65835991047508768 0.81989488490468243 0.43955108190892594 0.0060299960824357511 0.98677348517131314 0.55653933758484631 0.32114307237669709 0.84848289133059285
0.57526870206637915 0.022501707449441955 0.10563943480910547 0.21972761284775216 0.47770754725995207 0.32459176909135673 0.95463648384811639 0.11885553125686447 0.61586833561812759 0.82972023110286208
0.85092836623498302 0.82079804671112067 0.19305719379416625 0.64990491689269514 0.72969183709540197 0.334008284694502 0.36608591683197195 0.57272254994057481 0.73729458584823748 0.1892772130822003
0.554795831053155 0.28922854101284484 0.59904140434224262 0.46119220821332768 0.76612711173063275 0.31208996799388794 0.82423288363589309 0.50220598832615526 0.19482659239608152 0.11582338358500814
