0.12873782012785834 0.17425550951964236 0.8214770573566802 0.93070139835399301 0.23228858590238305 0.34957002168057877 0.16848080765722889 0.025069511896312947 0.92515059621401274 0.49085507765028275 0.86368105082608182 0.40136950009189359 0.95789595618488843 0.74722677741870269 0.81671233581953073 0.39798774063076842 0.81341844052246581 0.53213973029371653 0.80425215339930933 0.45398764192470847 0.18233470983548 0.99365631532621868 0.87310137336816118 0.97969904550952269 0.7920535675775483 0.90126321061665982 0.77448546168726862 0.98648364092559027 0.59831124865744889 0.11254241943414904
0.50200185824855836 0.9009418453636473 0.027643949806063484 0.01074283295794436 0.20293466629488716 0.96143744990504953 0.51989576958259931 0.86097937337470265 0.3706800089171633 0.10584574340848112 0.33810354195539455 0.59427407789244124 0.23256607592273698 0.93962304755128712 0.8609960743091486 0.59810616392015659 0.65329389111698544 0.25075341943855162 0.056494221668322894 0.53259631370375915 0.50587213288765198 0.34272359294442206 0.25693909339729898 0.41404566747015054 0.0832242444743964 0.85246305183463689 0.55020362865069705 0.73757090649775459 0.19333368893470376 0.63283695702971221
0.48611340910710504 0.96039815595604006 0.85839149316881302 0.69798725028970976 0.62583918253074933 0.12411181534388575 0.98652168746909141 0.92075114946857506 0.6039193681089835 0.96427490593898557 0.89917237640621284 0.71856252646197016 0.60469678666425286 0.93764231190986735 0.92701171234376867 0.12801452690190368 0.56593292596660683 0.30012458358119704 0.022522479856393707 0.66784490863421786 0.064237984570647597 0.35937604648094273 0.2117684593354468 0.42829952863036896 0.00067309581556322944 0.66866686422983201 0.065490137320805594 0.62470579306282448 0.0077044578201488799 0.40768336452957049
0.2801019097331085 0.52419666262031062 0.82897255205593856 0.31326811947999716 0.11817806532415824 0.37952535337808807 0.16222028146968409 0.23504423097942911 0.090517310780864599 0.56504177098946717 0.91681104054284035 0.77048488075842858 0.10610587156933098 0.085738595502328693 0.12294628840609283 0.99849982424612482 0.3207374204656433 0.84970401763757308 0.84488551042046711 0.66253102199291281 0.19472060576314038 0.39735802602162945 0.94634179461256385 0.99190837265143561 0.37470602134638514 0.34950808419573604 0.64543023151675483 0.84600644352679621 0.96965808769011486 0.68277062200161998
0.4128536151143431 0.80741018290136279 0.79507916769952958 0.52037142039265183 0.76289339897488384 0.2608138279519065 0.67585018332351432 0.0093833303975553901 0.22373784475504693 0.26865716218691477 0.32098652733090155 0.029478405742989034 0.53845745406847745 0.9206342320283093 0.2211835016945462 0.171424439959113 0.010550516365037056 0.65560915976649503 0.12019406346128352 0.43150121856333828 0.24470793997495283 0.68258731865714195 0.00959127387601948 0.19419932063698347 0.21101096032662564 0.99188517756217487 0.20813946859599292 0.50713869120474131 0.81896762574919324 0.95849047265676302
0.23402775828399619 0.66497390305471782 0.012168707144846237 0.90511302306201002 0.43971284670278071 0.070930970460617845 0.36678781267267985 0.57756086212517332 0.7436358558335745 0.41646849792042756 0.32125096901482503 0.1191555752860453 0.42433378291504426 0.94639809885823123 0.69414169301544804 0.14812598438004448 0.62323857009313866 0.63993002932357934 0.91398501056413772 0.77158375607798968 0.38310596161695271 0.1955742636531857 0.6956720632852661 0.14825841286563274 0.00073908246260139259 0.56943985540046271 0.23228903765549253 0.054930491591685435 0.68629273905532073 0.47119814185786596
0.40347904271673968 0.69816900798626524 0.42140754046306655 0.58271552698390139 0.61403727675806929 0.76822439858024028 0.45116190977647302 0.30936213757413061 0.28139749347309589 0.96009647286529576 0.72685293485210101 0.92594582990283891 0.90895607971592118 0.90381558464425371 0.75800604630686519 0.82344552403245974 0.44001832098742705 0.11155773373556092 0.75815274224485041 0.74873120590578912 0.48359663467429553 0.14881385630954685 0.58668881926619643 0.95014479332386603 0.35231985195543175 0.78629462757130197 0.0069062581578572145 0.37584206603488829 0.36446121052962827 0.13456918050148831
0.71152989363860075 0.95154345253229855 0.19481257233098709 0.70518490534177691 0.57137025722226409 0.78994235512269972 0.085105300645092405 0.26562563794547006 0.59045719770946092 0.27141466332469094 0.1561301259596562 0.88100072516932648 0.94051062726318679 0.90125605756924676 0.9927793205148161 0.7799303588548212 0.87644204856833441 0.99556906691970093 0.49963172824265373 0.73645088319274821 0.15995195159342773 0.99150828550471204 0.90014596067641461 0.28291794828899114 0.13408033204222375 0.28258214647515451 0.22084085768215539 0.042944325868404618 0.1064230296338055 0.90121589419959769
0.14965851570032057 0.82699829873195341 0.14242837620525212 0.30102775175749824 0.75154386250745875 0.80419597162859313 0.61458802958226333 0.70080072837246488 0.84832016069571481 0.48103177078865639 0.46616257327939797 0.88820227495611959 0.84135292359662073 0.57953777499268155 0.94411903666838914 0.71929517203280657 0.17451592465116411 0.99986634412416164 0.68030023531092199 0.67434644350720407 0.098210225369219903 0.070348770535128155 0.31350499309654595 0.40301983543377801 0.9532030680817466 0.53889282007774642 0.64025189459548104 0.50030866303391752 0.83540501343637408 0.57922136591593953
0.84387045244425074 0.83760657860995891 0.48603232226244281 0.18997135243847479 0.69842524884313228 0.2880283997780882 0.11714100649097418 0.9710962583696966 0.56867524240331313 0.85312637352632736 0.13003766949732515 0.75890345426771366 0.8255268112383578 0.86609972300526072 0.2675289560895911 0.2296133143322015 0.63514460211884727 0.76949217133425352 0.19014802104076561 0.62253851082581368 0.66600686296352196 0.67686353681072398 0.49076748856292357 0.03963047154249015 0.86987829052322219 0.52881942169721607 0.092123242017471171 0.01030459979983982 0.46012582051319967 0.60534126688272705
0.92921102946993839 0.89450577426231082 0.14661694644071915 0.65313638909176752 0.76969889988165219 0.63377377783218647 0.57886882873061973 0.17620811342118786 0.47218953747655751 0.77883462935495207 0.66214443049281491 0.30884416787912422 0.21183077187300486 0.81879773549424772 0.28842558170482407 0.08316588295489806 0.77001280032685593 0.77852364759356663 0.7521117458208636 0.44976694337925499 0.65335654261788956 0.78008116519331472 0.85764146775940897 0.71798932615830713 0.91075530821929329 0.29037073627236215 0.9435833747532093 0.17467576797729695 0.91699842203053628 0.19928006636070256
0.61344669257754392 0.94336670559531366 0.95620166225705971 0.7990321686013595 0.6933955492868159 0.15214768108600013 0.5360251708977215 0.88724190199512099 0.12128588422947877 0.52633466972619836 0.4715816119829313 0.95398816256378227 0.52197497724101827 0.0085450623179559766 0.97637618039172536 0.055675634804884064 0.90164559145107581 0.26844343319754677 0.17453898939442697 0.4967421551451407 0.87379701441302271 0.68737161549722603 0.58998125839773263 0.1431082752053216 0.047440626131194527 0.4862424149737879 0.92912127857944715 0.74703613630957488 0.0064419979759140931 0.84197492618290892
0.06241620430051302 0.46347614833170531 0.5460229238591785 0.45238347128816953 0.90162274123063568 0.019328271216397398 0.39338591920102411 0.086101868181936811 0.58898532192270558 0.89677541602658284 0.14502413005277365 0.91703943304059099 0.83575831235542741 0.50410870901626914 0.76012656340777163 0.88633326882290497 0.7541945392554279 0.64838727019904785 0.84842681613396753 0.96983810244883784 0.1980936928424411 0.41398871532819087 0.87352236239117742 0.17806716070130929 0.82283240853435857 0.79386760001266288 0.79748011372666239 0.011991814325594197 0.69148270931297739 0.82001249471878068
0.90920829374738688 0.019330567071026695 0.38043461985391119 0.092353293933694222 0.90027601603045249 0.61241073049427974 0.10611817539045691 0.067835492627189839 0.37602911887779783 0.3981036472510327 0.03983413638304982 0.085113578344136173 0.91151261769102077 0.63932249169773869 0.77884302993097854 0.64605855989630911 0.60044865539098802 0.91679147446668607 0.43885162204315581 0.33820246428793571 0.098828559370440591 0.73522180228302247 0.55277171926092317 0.082897494307487649 0.6100842305313684 0.059551829732263958 0.084602999376095653 0.81462762964113178 0.84258913489436482 0.41680423117149562
0.45943587723113294 0.69583531081780503 0.6094497560045542 0.12000799277375411 0.20021899661440218 0.9880444211859174 0.53330157905956233 0.94864163884752384 0.31897507634378236 0.093068895863318055 0.20167399603053976 0.78527993332168078 0.010777926324551036 0.86062815082988475 0.30847603302324805 0.82171722273264503 0.21965704196654573 0.11468632951465822 0.22289805467849405 0.57801594430369319 0.61513852143108971 0.78075257080022198 0.13164934731114414 0.40527047428895052 0.049306880517396554 0.81785732923979471 0.61016819116889676 0.95347418450359034 0.60383141199061474 0.92176324223720363
0.29528109823786403 0.31010033555983224 0.7553637385595291 0.71157965683057223 0.76992230565626607 0.086786775123771906 0.9461191947934019 0.506600525345689 0.61027535614297779 0.34238287983530208 0.15625074653150423 0.56247876850128053 0.88677377050497908 0.7914116451580594 0.18921838894507431 0.0089261639257026022 0.71213291893927477 0.6962878961564295 0.93150274412829659 0.46740014523718038 0.091371451798158906 0.034681814024366361 0.43253032734690494 0.35021835640596083 0.89914291257777357 0.59325532464190656 0.50865383152981092 0.70209232256425802 0.4196316260211444 0.34307667837410089
0.032696002964191881 0.22091671157329457 0.57814420247631615 0.25668489370108322 0.95729490220842584 0.53591319616291488 0.68401721907245672 0.21934214221532916 0.69454768084328433 0.27280814428874839 0.3610000946350706 0.54620010922031048 0.57026426034845368 0.79835470499206396 0.10237847361118206 0.96785090697372844 0.13542462688367057 0.53750163897935155 0.23280614793400972 0.79255129624821086 0.037220376043870892 0.3276588323687572 0.48198255001239371 0.23159901910360597 0.068556785903262904 0.26803974300159955 0.16376284421206416 0.2622355732202602 0.81018221496687881 0.03039440102112605
0.53949156051920377 0.81549043851763092 0.69557563354408014 0.68066067715326994 0.45459072357853408 0.5471820601399261 0.74190794763320322 0.79415256884135277 0.73109890452455528 0.68461997220855342 0.96998572838897257 0.066654667496657202 0.607366070815748 0.77404784696374873 0.010069804586393772 0.69389031811706325 0.20209986779367656 0.72817900734137953 0.88521427939044894 0.28220153400830389 0.67635508039800385 0.76918317423302907 0.69106742519186282 0.99866068356414595 0.1855983780939941 0.62299805757250792 0.82999596179113533 0.035404934931623375 0.58104745797552182 0.41627208567266544
0.50959997992667416 0.57255146954225189 0.62099971256143027 0.95003140902704175 0.50183420108099752 0.24209658938839512 0.80431051803783515 0.71702540904860412 0.56848877315432522 0.20714513280476859 0.25260135033246539 0.35188022205547093 0.75561456006304173 0.51896332548363278 0.53415345489927191 0.31502142165549624 0.67977826560083099 0.16435980169413772 0.7717002978907459 0.71316425633901726 0.86195331546269305 0.65895672393061511 0.15030655646807373 0.20549753166187174 0.70405904857474377 0.86652850649457924 0.40878439906248437 0.81141479819835649 0.76498264340986288 0.5900379910616651
0.50579463369516275 0.55164182574589926 0.28697598898469706 0.20756369978705197 0.97415097854267907 0.67473142973162625 0.026401754774214293 0.38996718210568121 0.056829625062214825 0.54539717934922594 0.89834963198852047 0.58834827702062731 0.97877457209739316 0.5404760307760067 0.85020957004287656 0.66786760934568679 0.49729240912833855 0.75763935409540228 0.70022728352299313 0.070669268427082918 0.26591384746145602 0.11890711013486303 0.96696448594033257 0.99046183945644706 0.059748825019937876 0.61104918709742451 0.25077895848172232 0.89405918947427321 0.43495885061557721 0.45278568645831746
0.64476236750098559 0.28738677761829717 0.44568662818264732 0.39638062047438277 0.51920699066983678 0.73111624859087265 0.53657589708305808 0.70281028845519233 0.29151491592508444 0.11309327590287914 0.92569012047343535 0.53622550667561675 0.39860492990663993 0.51109908934452075 0.30961007915602418 0.96810914716309004 0.60605704766996871 0.80267784132532016 0.2669707147962162 0.52063462332197641 0.064552838818670175 0.16397952091903606 0.26016521303870893 0.21356821087493078 0.76900248264063531 0.67483378417229267 0.60360887283313014 0.79850860102293164 0.53552819191759382 0.15906036230366666
0.47602223488445444 0.38731266375102685 0.46326329811649197 0.64646558047698677 0.99976032223644917 0.15860471572168183 0.23276420184074015 0.55056126414550532 0.5680103047458821 0.38700403641995346 0.1305872653649281 0.9423025539003792 0.88091496412959469 0.61165379217641869 0.13701372895422653 0.069474622551623441 0.91386803828005025 0.26229236335365719 0.57021266088442746 0.5895190543687242 0.98353305058957163 0.82593724666308166 0.03095461066851184 0.65143914951547199 0.34214225990144626 0.6765875760008806 0.22122670586850285 0.34696243887035078 0.71476462480794922 0.51443645501743795
0.61958553383379245 0.41951147911321079 0.83637155283886999 0.83704443344571411 0.32586978768425706 0.74329888489173468 0.83160174439667678 0.91455171675748481 0.59551787802285472 0.20527186092161315 0.18792214423357717 0.8758344039704683 0.34781695895519632 0.71818244395773401 0.54913117575312975 0.4817724546710373 0.20740094915427271 0.59605467514262733 0.05467208238217007 0.96759243219350988 0.15459700075584087 0.14721620389748508 0.52227494034912247 0.23590136354897934 0.77268210246390945 0.67656734470181823 0.58320950802785709 0.57910758300203014 0.41736784914917685 0.51626940957411505
0.35670871518321762 0.98647578786239598 0.095116235391816503 0.28744509741398033 0.91061638892717267 0.72234533278475577 0.63967377368466738 0.78477382542972041 0.72236921607296756 0.45236558559655854 0.61831624635899407 0.21870485196294759 0.75565545476520302 0.66307523540765456 0.416592230014946 0.30001096355053375 0.73845616186957752 0.33043927689809832 0.58173664279612136 0.80377831891325646 0.49102650597727021 0.57379949404770192 0.67194534246993776 0.54203383248909554 0.14001407964664986 0.59879665884809741 0.26759088512998402 0.11915092592185543 0.8080604984563462 0.4676874995502241
0.038005340381170469 0.83543318267355193 0.9160951742765745 0.24623749012210699 0.78475027463194202 0.046812357495832388 0.6070341147983368 0.18250044879671506 0.58237982982911396 0.78059244465933497 0.7410138973884508 0.53695714444489118 0.29951976354144044 0.89930455563676615 0.54794858050432371 0.20203273616702028 0.93953035460467049 0.75057403079237384 0.87090028361155647 0.86777270761644854 0.82530476551104681 0.31465611136810828 0.35361232757776245 0.59157218802508316 0.62016330329852998 0.48863689486898948 0.4149552449927924 0.83647552539624537 0.68284749970648317 0.1620528431913682
0.32969337373867108 0.98224074632286762 0.64226916990474625 0.5762787587299113 0.11961491559086083 0.20087694881766999 0.26641732759904196 0.21061637070797651 0.188766288746612 0.28092514737661517 0.040108312414407973 0.36209961892921055 0.20626842462185496 0.32399124735749435 0.49012526578861865 0.93593029071002154 0.23612428551314607 0.12300068604852203 0.18795801787170957 0.35670482215291216 0.27858503037710519 0.70049028877995045 0.31356093846269267 0.59049563155894214 0.49910950493367251 0.53748245529260852 0.15648014015632811 0.20376639992491036 0.20467130983809617 0.38595328361025744
0.32857325763608353 0.085817467870927963 0.892228755429887 0.44589326852724082 0.52418874571786445 0.43491873076552495 0.10119864707102037 0.97659435059791044 0.86557194045184627 0.038516392795975449 0.81000708755196338 0.21590052453773095 0.8341213708544073 0.10622459187251114 0.92246758669506224 0.80544666862708714 0.65338837749133361 0.658694781259482 0.92923018984431338 0.45990477176089456 0.18861089092259181 0.63666329744343308 0.32070693357606966 0.64856114933224795 0.38456100126658205 0.22369401200250255 0.9257028097885317 0.30518662773756261 0.057577674624468431 0.11581114897032811
0.62238810416373347 0.16847407992902558 0.14104342899653038 0.32297153052024791 0.88063997324825616 0.16346503773289395 0.87201039270124414 0.34489362737985035 0.27653262196311607 0.61667630531026763 0.64246659772244974 0.54708254723643945 0.41911239869667211 0.79451898517201303 0.52309697017682599 0.28218685133012072 0.50373262930423335 0.20311090617171551 0.21691559541900091 0.30753561639986576 0.52887512202494624 0.9150382019394544 0.33348142286796473 0.20488946082912135 0.099242726780411725 0.11131086914456594 0.5320938668245393 0.80108284990306811 0.5677192884151101 0.96113863021240253
0.23336077682321749 0.81966347275606766 0.87172725132958251 0.73039725530571697 0.030252151903242087 0.39114821883363299 0.73302624241904535 0.72897897947119483 0.18188724351781643 0.32058497985902851 0.1211763958403355 0.89183753769194618 0.62284138843552483 0.36188264793601405 0.65718157421870182 0.86715061243096692 0.49400634274151273 0.072780012406569214 0.034353805071529561 0.1451730098791843 0.87379703888124471 0.17711769274122208 0.90663112785739053 0.89179661093678897 0.84390801559749462 0.52217651285024502 0.19266560300795504 0.016029427292593757 0.56566570866329524 0.25533235602491017
0.15504703472393883 0.6238848318205652 0.95555122549170213 0.091514086325970842 0.0087882034670964566 0.43634651053984924 0.31179010817004177 0.45589598896973865 0.20527195498806433 0.88596022885329406 0.32649617845971485 0.85080667602793403 0.78025661066953278 0.3912508021978694 0.49157882967450989 0.4268593884703395 0.37878724588996388 0.30303043361598808 0.24226168266923748 0.11059667472627625 0.12940920807086004 0.45450335847650064 0.28431752606215416 0.87032391730363701 0.34505783673481233 0.26724805401164636 0.29556789742039496 0.77630162679444648 0.17192530233482056 0.051482249676036249
0.4720221097478236 0.53555970654502527 0.028344933962025688 0.42264536920968526 0.44343890864165297 0.24789526886753704 0.96620120435755052 0.65792927491069597 0.41130693320407002 0.38628034462409649 0.77747348403194261 0.12392799203026898 0.61726717994279112 0.57206077145535972 0.43017724204820312 0.071402208204600345 0.51948099793982627 0.38073427301906221 0.44536494095991014 0.20121008634488818 0.6577175544654742 0.66329421574934322 0.14766376103447426 0.58585667152304577 0.33909604608128602 0.75149954642803984 0.91955208452187087 0.4366290330242481 0.37206418254692403 0.48395793358752198
0.17291379326662287 0.32943642946315294 0.03062114327104597 0.078263787832131879 0.54265511126749044 0.81376065762711136 0.30672020438344344 0.37543169315677788 0.87826769992169351 0.34993418193203524 0.14896218570289016 0.10649034374112047 0.96604643665812018 0.76722133049353258 0.61092879875051409 0.98135837742332388 0.57143878263042513 0.75478817235450768 0.43192054392030327 0.36460927698381246 0.7113707766880355 0.73720522508853614 0.91683956439488523 0.73783479551589803 0.053375291201776684 0.13192020641966978 0.032115272382308088 0.20901463319715524 0.67249935926367932 0.11612441967922997
0.76749442075481344 0.75219064502217814 0.21236821529261701 0.40830363059324687 0.93837970025699702 0.16435630705464083 0.75557035488746682 0.22667548536260834 0.66096807190443652 0.18369131548954892 0.85351174585095435 0.73527387168719316 0.83306687563213344 0.79089426767575233 0.68543692553091962 0.032666479361506726 0.30835076814053625 0.39311024946114975 0.58473080154620982 0.10416666269270573 0.57790346852634589 0.023335342558768169 0.54849589345347471 0.48424837050040198 0.51350300887353084 0.16084746823913304 0.97378868290185072 0.68342764289916869 0.6344089721495686 0.44151173513879133
0.27308524252129046 0.75764026629806891 0.12942218180232329 0.95179812574276579 0.0078602327787912658 0.40577501299275348 0.88100958957732856 0.27635553793630524 0.50328110909802659 0.90577297749496277 0.62309906366283541 0.80110006980031134 0.45813457803121233 0.43037441425569639 0.84728532552378311 0.54293822690414317 0.20620907031577046 0.052882800644110037 0.66681463641325256 0.38604117643183827 0.20604772097369833 0.12470823883607222 0.26378221805259389 0.50975852884277106 0.29374352258647712 0.81218174892368944 0.50273323757829613 0.8250340207592286 0.1382349861375885 0.21885531472976788
0.82989150457516581 0.24592090017093909 0.61166944912100984 0.99680111180216768 0.99085923101849938 0.34175968382535576 0.0022428656224358521 0.2811734480915658 0.2212991614999516 0.68534029144774189 0.42153561349155672 0.13531732628303944 0.17571068483315738 0.51807149449035905 0.0069545406138483033 0.7376572712675924 0.49913389789214585 0.14713408213445905 0.68033082001259948 0.98691702220467548 0.14388292385650797 0.8946722490251291 0.66499759213695486 0.034501789370962974 0.37611897539042966 0.2175077490238449 0.21808461206356972 0.91522720134723023 0.17132195273886103 0.13054911762788862
0.29058186954224646 0.2118831484226979 0.40906857929840074 0.75338630307001264 0.29998121246987258 0.47875974252978631 0.095741902783186547 0.73172881548577529 0.11641522943564002 0.99703300478639978 0.043539984985123389 0.25829610595870572 0.42200228543492041 0.25704846322600122 0.95044333952322468 0.37078589710835991 0.9495787785154014 0.88942335117701465 0.55204217786373677 0.17434581297571833 0.99242486940558905 0.090603109143244251 0.27596758575096031 0.45566344559175681 0.89199400640495097 0.49497817093965196 0.92465986633201858 0.66271315800514097 0.1323368032310363 0.041728923980199159
0.35926897128596441 0.31893624093516687 0.91449774039857945 0.87910358764213614 0.39392856530204418 0.8623318195411005 0.36082069389510901 0.36377501722654576 0.63285921179738991 0.65670599087887993 0.80856051352901592 0.4841964790907754 0.23231707403383289 0.067316084961133657 0.67822315125126764 0.02219808544023243 0.65668435532805192 0.4624090905931702 0.36091517961259906 0.9245594860003018 0.79322559080845223 0.98708329486093749 0.94043539171761792 0.85346072755203095 0.95743579783784249 0.69444322722001217 0.98203062567411814 0.8567200194362421 0.099039138824147319 0.62627146420396251
0.83495549298189731 0.30554947981297681 0.73878571271760529 0.62849286689574557 0.58996179208269595 0.65437693412276066 0.22385750185864511 0.039275579411020264 0.13915159382014003 0.044168951335671156 0.2606637264142046 0.61980636894129737 0.47791341072214438 0.41082430729193692 0.81672553848892204 0.053642362694815857 0.12329836352172945 0.57430153606517764 0.73767072389965704 0.01166163054669871 0.40456590377052531 0.090509794719178457 0.49815734498249981 0.93158433157074128 0.43044869543069503 0.5405717145858463 0.6026265047295053 0.29050971205062787 0.15306059701740832 0.27790276116175477
0.11835316603432615 0.063537082257379016 0.60662065718313762 0.18454887371905065 0.99345484338847745 0.69941590752994398 0.23592494930455149 0.058511415536357234 0.68269409100023437 0.86913309973916242 0.72118830470918505 0.0023329734945127132 0.91752385890471289 0.0445916213099216 0.12199762892253034 0.8635338451257335 0.50447587674748751 0.28631038794055591 0.89306612320199874 0.53529099683295933 0.61379223437500863 0.51834125182267632 0.042756937422998617 0.83833277832031872 0.19037515022940293 0.71636401010438033 0.86200276057955594 0.95376141772225798 0.67609403844194749 0.45731014399106334
0.65451465501045936 0.7302511556982918 0.18305644106480362 0.62293467143385794 0.51317401329697832 0.52457617685996694 0.33308515146687351 0.015502958957896374 0.45037041763717783 0.97622729211861781 0.27073734236083152 0.64272593476511641 0.65657893599266792 0.52113938052411368 0.68258114195587427 0.061217076369401144 0.19193891677232827 0.86804882424762753 0.83177700348079364 0.84620679273005417 0.89557830854730835 0.630776336751251 0.29426173097813418 0.71425488752015764 0.54595565972422422 0.90110369225890385 0.54341337107236887 0.53732578396386377 0.64979074911520662 0.12901134690532784
0.59200977564405788 0.12478173495932514 0.75929715627779515 0.10333102007829935 0.025944943540993127 0.11785718476294275 0.11970526884819603 0.65928908910235173 0.3638074948872399 0.20563779516609221 0.55477832799491789 0.76976736053795181 0.5713896363607911 0.57476973929405328 0.37080083901259292 0.63209987319401584 0.99378117178876157 0.43747506467000258 0.91232588878017373 0.53605554612242157 0.64540642357229372 0.5013977695242019 0.8150227202302236 0.16264169203049067 0.38013164346692491 0.7580073792137435 0.78479095821565881 0.63154701967210425 0.69256259928025021 0.29072008467318683
0.15862899218509968 0.14770002430533108 0.82084606089897716 0.9169244050101224 0.60660138557809373 0.36397140719857618 0.61640474523752042 0.85374726249184574 0.98374856113556153 0.37982827145582104 0.67580190010650354 0.24817727637145121 0.62350716682548912 0.10519354687267606 0.27402978948119422 0.75167570718680643 0.87298460925637011 0.45884433600689439 0.89565879953229011 0.50981406706049115 0.63137213793719416 0.15772814667283713 0.53625763239981816 0.23300172913208445 0.97167619057393051 0.12026816440891223 0.40824635742066756 0.47025801415103224 0.22580041667464562 0.92567932464485803
0.16267055564273131 0.65529708625387584 0.25309949769892442 0.96265123626621518 0.54209340085572644 0.6337151316517049 0.10314262772939335 0.34998704807276088 0.39122619850365642 0.13154048223596809 0.0076872530135108528 0.21824449768643223 0.27059178193937589 0.59902299887384369 0.4403199908771333 0.79798492795523079 0.32999991338219775 0.81343290854233474 0.6592813346334726 0.49906228734276609 0.54084479876045455 0.44364274249377184 0.24757089238807556 0.28542628879748205 0.75817259165248041 0.41072532835182179 0.6930920651130632 0.81543476522788993 0.71940350415045018 0.5244061751021698
0.41231967134762165 0.92775129224653385 0.50279159769602277 0.083907410503172117 0.5145540931160284 0.83805124029466926 0.49223887068869893 0.84508796372372375 0.82730732270752427 0.63146369817258707 0.92087733774832448 0.41088981452192036 0.42095341293266136 0.51649078184602037 0.09286400864376558 0.34826612822507158 0.93663364535142635 0.14134404689702224 0.045332774032533593 0.069628504665358679 0.31701836915296594 0.062559242284253511 0.87533345263774887 0.29253421644604966 0.32431022674648485 0.97200072994209952 0.64928754355846796 0.9778056511283576 0.92903765763451318 0.93922670859538604
0.20307298743113505 0.17306889748312998 0.18265834171797463 0.87695659531266301 0.20780228914673654 0.69735297283109199 0.19296317322455964 0.084839404454469844 0.22178963379811228 0.10483885844748901 0.86249404689016429 0.64689242054467277 0.16112319741164288 0.041935834539901504 0.29645666176260937 0.26614746821398721 0.43231915268239679 0.72469284757020158 0.403483179246166 0.48579869860227681 0.27733997414762862 0.86715704990971709 0.18850031216867985 0.80437586926668037 0.74151424200903859 0.59744986002252432 0.60617908397707077 0.93174188209239306 0.74835986350131389 0.58079871628663093
0.42292526756940746 0.42742985898689617 0.24863174074311639 0.84665389566906302 0.32276207050018596 0.94755068422193434 0.44682436674797116 0.9622324414145218 0.55047747874546638 0.78101713337806455 0.72702896773326631 0.15687893268863035 0.015339539367165523 0.030645605939014598 0.44252315680900017 0.87059585831431052 0.84336790049894483 0.96498713997074737 0.39077782791934595 0.24731318685747866 0.44566169852162268 0.46765683100478822 0.62736283296329265 0.20521425109720098 0.74757031760500836 0.29496590669571826 0.038099095367177635 0.49887671490503011 0.85105450908115465 0.42367091608888036
0.53965551167884707 0.89809351214488942 0.89793041368167736 0.025900011868344831 0.19948016944231134 0.11072128597147939 0.36683124138028983 0.35052060708064975 0.37644795431786043 0.64733057678724237 0.26175384868532209 0.3389211565843106 0.4147448222460059 0.079048034545808374 0.98342252300459565 0.78430752352793576 0.97805393737424506 0.56421720627513505 0.8592945274222028 0.40702592505702145 0.96691505711158854 0.47495795136429736 0.39112634281552 0.79482289797909766 0.27724569031058205 0.38420755220620334 0.86133723152229913 0.017347749942912705 0.71964744295895278 0.66798803871529022
0.45732428131121911 0.91785447419438415 0.68765696390501985 0.89492374100347849 0.66552127925700788 0.26316391250568455 0.044013451929203737 0.14843499750755534 0.4381132298154175 0.18325445846579097 0.3071354502467229 0.34325074428483165 0.66373034878891501 0.62763065074833557 0.28074956819060709 0.13725875088885825 0.51720130377220341 0.28727188505296036 0.86153900493728153 0.76424568058774811 0.097283049187173828 0.41973253319330722 0.052611199734093492 0.79432823859779489 0.8568446046874697 0.6626679688256778 0.13168626547343804 0.66235097161723999 0.063586825914951059 0.47663466603099763
0.92616431021044032 0.45797192638134393 0.69687009137601008 0.95896687475994047 0.51346462622631417 0.88112099122083742 0.73677476784632179 0.97180685567207625 0.85478627095618842 0.9212460482351772 0.53722702818968215 0.44852467094742715 0.62520817511785198 0.20705679301742358 0.7887903287157908 0.36189296864548887 0.22361075034606676 0.74193128713486223 0.99522496302326446 0.85316601807765302 0.79688230984416453 0.0070071484718607245 0.020439062257621755 0.31905573388798875 0.63439214517460951 0.7335558557121048 0.024800134193440449 0.52194535216124738 0.17946628143147808 0.24016662747688206
0.021380675151154428 0.19691425001085011 0.57081631367727126 0.50891148056813784 0.070903896125116758 0.38437431060060206 0.47332541636479225 0.97946344100743488 0.84403375567941308 0.63949498511584302 0.41826575991205889 0.65868881700225945 0.42952594060625998 0.49487989736027199 0.23467466815508459 0.82191337001783638 0.74238488206134179 0.85384966236511517 0.93642182288347964 0.28815019860994778 0.79653312415429134 0.15346904578466852 0.64603033287820755 0.32180789240793578 0.97329149130203785 0.31187596636812792 0.27590585027580955 0.42344879369520322 0.74716767523917649 0.12375954477021971
