0.339254 
0.9773 
0.62007 
0.412106 
0.304229 
0.291523 
0.252068 
0.17082 
0.215279 
0.979369 
0.837367 
0.344178 
0.0155248 
0.683559 
0.0592532 
0.54007 
0.77044 
0.0223743 
0.755978 
0.156414 
0.486104 
0.692385 
0.800133 
0.0638995 
0.0292238 
0.641448 
0.500601 
1.14526 
1.05447 
1.75131 
0.916977 
0.0475591 
0.66205 
0.66828 
0.446183 
0.83245 
0.805415 
0.187778 
0.432795 
0.467765 
0.540786 
0.408374 
0.513156 
1.18801 
0.187009 
1.02364 
0.799832 
0.720137 
1.20215 
1.02751 
0.335766 
1.23465 
0.338314 
0.806182 
1.55461 
0.70972 
0.853489 
0.727945 
0.0925305 
0.352815 
0.554666 
0.110747 
1.37543 
0.930821 
0.357929 
1.40821 
0.28649 
1.61532 
0.489251 
0.830049 
2.05254 
0.892528 
1.29757 
0.965488 
1.21851 
0.981758 
0.702234 
0.965709 
0.671886 
0.96648 
1.23192 
0.912328 
0.214836 
1.80015 
0.741423 
1.76568 
0.949618 
0.513175 
1.01831 
1.87379 
1.0693 
0.727628 
0.671472 
1.4276 
0.85474 
0.852691 
2.03209 
1.48414 
0.688009 
0.332524 
0.420907 
1.49621 
1.4622 
0.797983 
0.44759 
0.949285 
0.861318 
1.0793 
0.275065 
1.02974 
1.58867 
0.478561 
0.74048 
1.18443 
0.382906 
0.806016 
1.28153 
0.926083 
0.0371454 
1.25569 
0.962628 
0.9742 
0.972251 
1.05004 
0.424958 
1.12052 
0.37255 
1.23839 
0.832293 
0.256482 
1.57948 
1.88221 
0.263174 
0.625456 
2.11953 
2.3101 
1.3397 
0.660883 
0.499666 
2.28487 
0.82291 
1.63739 
1.10883 
0.594042 
0.511297 
1.0033 
1.68667 
1.33842 
0.756375 
2.54314 
0.610918 
1.1355 
0.56195 
1.71686 
0.625465 
1.30521 
1.20457 
0.798092 
1.05878 
0.968946 
0.732238 
0.701412 
1.18669 
0.600049 
1.55279 
1.62566 
1.64465 
0.288902 
1.71413 
0.416439 
1.17245 
0.892175 
0.765639 
1.77249 
1.69111 
0.393909 
0.605286 
0.897427 
0.659129 
1.3927 
1.16145 
0.624738 
0.757306 
0.116968 
0.573035 
1.08739 
1.55226 
1.50201 
0.880208 
0.355547 
1.59786 
1.20596 
0.435052 
2.58555 
0.547821 
0.667476 
0.74939 
0.698412 
1.57224 
1.26719 
1.98707 
2.48421 
1.26382 
1.23934 
1.20367 
0.662237 
0.00418881 
1.23529 
1.41281 
1.38252 
1.57144 
2.11937 
0.474353 
1.66572 
1.52607 
0.483812 
1.01699 
0.53609 
1.478 
0.856339 
1.55403 
1.39119 
1.21174 
1.96902 
0.0955447 
0.332599 
0.761861 
1.34529 
0.977664 
0.250942 
0.619052 
3.16251 
0.271037 
0.909384 
2.26712 
1.12224 
1.30375 
1.21047 
0.0832566 
1.4748 
2.0084 
0.804019 
1.105 
1.94674 
0.820913 
1.03023 
1.04525 
1.89531 
0.535744 
0.555083 
