0.730558 0.0359183 0.913983 0.709631 0.600558 0.0782396 0.414692 0.544766 0.886154 0.310737 
0.571557 0.260516 0.837388 0.945443 0.650937 0.329112 0.295599 0.388576 0.834124 0.19377 
0.0839815 0.525079 0.527351 0.024026 0.707222 0.666431 0.725497 0.416804 0.531369 0.236385 
0.679274 0.28316 0.348411 0.147441 0.719673 0.447605 0.0967695 0.479319 0.327214 0.933903 
0.970194 0.19306 0.491356 0.878325 0.636797 0.229693 0.518115 0.852544 0.804216 0.665526 
0.241986 0.289288 0.49013 0.57021 0.699732 0.996516 0.955277 0.862574 0.794218 0.617027 
0.910633 0.42368 0.452987 0.479271 0.032663 0.655866 0.593572 0.263585 0.662978 0.505087 
0.966747 0.541582 0.693694 0.631341 0.982983 0.0860779 0.618407 0.948627 0.424805 0.611728 
0.540815 0.0756154 0.876682 0.178328 0.689622 0.837629 0.636999 0.404055 0.729772 0.661433 
0.454025 0.316832 0.29335 0.561541 0.310425 0.346833 0.348737 0.271351 0.218329 0.713046 
0.514424 0.953159 0.115901 0.17845 0.422821 0.90892 0.662971 0.733008 0.0279437 0.922359 
0.089289 0.579407 0.423877 0.941566 0.212871 0.400909 0.840446 0.670006 0.807883 0.223782 
0.476553 0.636887 0.0153278 0.475851 0.1551 0.079964 0.952843 0.323622 0.684426 0.126237 
0.909419 0.705819 0.693669 0.80571 0.165557 0.475061 0.906691 0.714546 0.717484 0.979318 
0.192429 0.858431 0.512607 0.902618 0.582115 0.114318 0.681064 0.541858 0.986573 0.320071 
0.373311 0.636333 0.572973 0.988465 0.138126 0.642181 0.804707 0.684285 0.468527 0.689497 
0.966823 0.461935 0.947307 0.221038 0.41915 0.197713 0.542404 0.916657 0.827397 0.0208051 
0.711494 0.570053 0.269959 0.695739 0.675962 0.950915 0.785635 0.722236 0.422036 0.934529 
0.950068 0.275891 0.551872 0.817751 0.457574 0.707711 0.967469 0.668643 0.468797 0.31524 
0.592628 0.616284 0.655263 0.463171 0.896529 0.362755 0.633921 0.802239 0.616096 0.559719 
0.303314 0.743639 0.363279 0.97066 0.528378 0.130646 0.64081 0.980742 0.432195 0.942578 
0.460038 0.489535 0.524323 0.26432 0.697227 0.769485 0.879297 0.127148 0.834345 0.886121 
0.427366 0.531199 0.224793 0.106177 0.898873 0.211761 0.877986 0.286201 0.170121 0.78067 
0.885171 0.345968 0.280815 0.058304 0.831124 0.561488 0.554575 0.306737 0.886588 0.373325 
0.298811 0.377279 0.273841 0.219664 0.174671 0.927845 0.398665 0.630404 0.843942 0.562868 
0.796934 0.827681 0.667878 0.595751 0.499333 0.0965299 0.48518 0.498163 0.368892 0.342781 
0.562445 0.851149 0.664395 0.876233 0.842957 0.502511 0.847744 0.530211 0.323365 0.13489 
0.735479 0.705358 0.711947 0.297652 0.319163 1.05407 0.840854 1.07536 1.22789 0.918817 
0.398551 0.889178 0.50816 0.837785 1.0122 0.859321 0.694034 0.23147 0.635141 0.495637 
0.495689 0.75345 1.75134 0.87205 0.742981 0.284926 0.864488 1.19162 0.836008 0.822468 
0.974233 0.316476 0.960095 0.391943 0.42609 0.916404 0.620942 0.472247 0.59521 1.05374 
0.0368519 0.0332359 0.964625 0.0406366 0.0472527 0.357973 0.489186 0.58885 0.401907 0.923293 
0.473021 0.804177 0.249148 0.721324 0.633254 1.12619 0.614925 0.789697 0.631446 0.716001 
0.188278 0.908735 0.71971 0.275527 0.132187 0.141962 0.994398 0.429564 0.289852 0.190095 
0.904387 0.111055 0.321902 0.43623 0.329641 0.0412665 0.492036 0.936355 0.489698 0.223594 
1.14312 0.831816 1.38439 0.592176 0.695883 0.940315 0.964536 0.727348 1.17007 1.07905 
0.284826 0.634421 0.0661675 0.780504 0.894414 0.504558 0.493865 0.0855385 0.511292 0.817908 
0.0976968 0.0723685 0.451621 0.186608 0.506795 0.0582868 0.361225 0.0709619 0.362622 0.501994 
0.861859 0.223996 0.465121 0.669565 0.448282 0.391071 0.530945 0.760523 0.853614 0.215525 
0.366079 0.0964688 0.758266 0.689454 0.510854 0.547693 0.434175 0.201354 0.616588 0.0462701 
0.814209 0.834096 0.39985 0.528754 0.580743 0.727889 0.487926 0.480081 0.0727804 0.224467 
0.0883184 0.967254 0.0807299 0.764328 0.520557 0.234418 0.245368 0.816091 0.151131 0.263369 
0.256027 0.288879 0.504123 0.897954 0.206183 0.698925 0.634211 0.343625 0.388938 0.191889 
0.182059 0.626249 0.812748 0.437963 0.402559 0.503635 0.736562 0.780017 0.329506 0.109023 
0.50854 0.785875 0.547206 0.810757 1.40223 1.59851 0.410694 0.618721 0.951614 1.63504 
0.404521 1.41609 0.706888 0.215991 1.25612 1.1026 0.508768 0.733348 1.03475 1.02027 
0.929488 0.55893 0.0815803 0.0357795 0.557445 0.0848547 0.143664 0.375637 0.501761 0.238497 
0.446695 0.164246 0.274614 0.513765 0.68414 0.768733 0.24417 0.218225 0.695979 0.999967 
0.762718 0.932263 0.623679 0.617175 0.487568 0.662564 0.590781 1.1042 0.540028 0.946384 
0.748807 1.66811 0.503152 0.378836 1.22974 0.216295 0.560489 1.39481 1.03771 0.377461 
1.06264 0.277597 0.14384 0.854395 0.685174 0.437463 1.12921 1.29381 0.646728 0.970834 
0.972625 0.605161 0.875028 1.34239 0.586984 1.08673 1.10863 0.441889 1.06344 1.54889 
0.900884 0.981837 0.285251 0.191266 0.344358 0.0344071 0.282669 0.507716 0.104729 0.0994583 
0.928438 0.967546 0.731772 0.760716 0.926126 1.08362 0.578639 0.597736 0.805361 1.31832 
1.01345 0.665102 1.10229 1.1551 1.17567 1.40491 1.14717 1.64179 1.13702 0.838031 
1.41265 0.784866 0.669889 0.563165 1.17026 0.440699 0.872834 0.217423 1.06272 0.924563 
0.259569 0.71145 0.539549 0.009783 0.390715 0.563858 0.854411 0.0757443 0.649331 0.249987 
0.906841 0.465064 0.882595 0.890825 0.148104 0.698333 1.09875 0.434058 0.933585 0.729546 
0.627855 0.141214 0.0501074 0.668714 0.903554 0.581227 0.729653 0.613552 0.259788 0.350509 
0.333628 0.556593 0.638888 0.791147 0.233816 0.398807 0.503367 0.168908 0.407156 0.67469 
0.892041 1.13043 1.07291 0.865181 1.04975 1.67724 0.933454 1.23707 1.39151 0.692175 
0.0537922 0.57252 0.819902 0.214111 0.81849 0.134127 0.240469 0.295472 0.400511 0.990526 
1.64142 1.51079 0.81641 1.40948 2.07624 1.49214 1.39057 2.09254 1.99241 2.37798 
1.64148 1.73651 1.40427 1.29206 1.52768 1.34887 1.25987 0.835187 1.35383 1.46439 
0.137233 0.942362 1.10303 0.514854 0.742391 0.806872 1.03949 0.659853 0.660951 0.265078 
1.20983 0.862639 0.783918 1.03827 1.66872 0.494791 1.35277 1.07039 0.504958 0.374867 
0.865247 0.50585 0.982434 0.893893 0.873257 0.828708 0.858467 1.03017 1.0192 0.498017 
1.50935 1.0905 2.18416 1.19921 2.12985 1.1576 2.18048 1.22575 2.12184 1.69219 
0.454305 0.687973 0.333794 0.73151 0.0755909 0.636044 0.891704 0.127715 0.768691 0.803417 
1.48336 1.94226 1.39359 1.675 1.5607 0.68672 1.8339 1.25831 0.966081 1.43902 
1.98583 1.20313 1.47001 1.68664 2.2874 1.9352 1.28406 1.34396 0.769868 2.57088 
1.20953 1.57569 2.254 1.51558 1.86076 1.68652 1.96364 1.75015 2.10046 1.34114 
1.33427 1.26027 1.1622 0.691072 1.59114 0.80876 1.41783 0.959292 0.721453 1.17642 
0.969736 0.267975 0.816187 0.240694 0.890804 0.900982 0.673004 0.762222 0.504784 0.87101 
2.2211 1.13152 1.27558 1.16221 2.04801 2.24599 2.1267 1.7017 1.30858 0.945722 
0.981255 0.922449 0.808579 1.37408 1.67024 1.01082 1.01271 1.16698 1.02356 0.755459 
1.12298 1.54959 1.10859 1.51833 1.51908 1.17537 0.858001 1.10987 1.10375 1.14548 
1.1911 0.838176 1.25194 0.477516 1.14993 1.8386 0.629896 1.22395 1.25381 1.15172 
0.0120869 0.323399 0.919834 0.012349 0.963631 0.0602886 0.147936 0.485584 0.421645 0.578112 
1.03995 1.24712 1.55299 0.982374 1.47793 0.991481 0.398618 1.26935 0.694209 1.10703 
1.00792 1.70608 1.07016 0.710794 0.831295 0.805028 1.115 0.702266 1.21651 0.596398 
0.835852 1.52416 0.871192 1.40775 1.38206 0.91575 1.3445 1.21026 1.76611 1.39322 
0.916569 1.12794 0.390394 0.269275 0.977741 0.557594 1.13124 0.855505 1.07216 0.4634 
1.58759 0.882662 0.642103 0.363655 1.26668 0.933296 0.852789 0.656342 0.933775 0.6955 
0.491633 0.468444 0.999582 1.22874 1.26832 0.87861 1.54544 0.949387 1.08137 1.50592 
1.20242 1.89028 1.40275 1.60465 1.27019 1.54055 1.61376 2.29211 1.97066 2.15654 
0.996327 0.283803 0.747707 0.813413 0.717355 1.39712 0.250195 0.787414 0.587679 0.855993 
0.494251 0.928457 1.0552 0.565547 1.38112 0.896486 1.00134 1.09218 1.1181 1.01082 
0.896717 1.05244 0.863615 0.835088 0.448163 0.548746 1.08656 1.08938 0.853833 1.02825 
0.795154 0.699084 1.62851 1.36053 1.76167 2.01991 0.658477 1.55092 1.44877 0.790528 
1.53551 0.891434 0.719364 1.47861 1.4447 0.66083 1.15226 1.0653 1.39755 0.797147 
0.970658 0.848667 0.940344 0.614148 0.753358 0.74683 0.587712 0.438159 0.902959 0.3248 
1.83646 0.594361 1.48929 1.23801 0.812894 0.743976 1.69619 1.76103 0.943008 0.934728 
0.925343 0.388993 0.404881 0.821897 1.2653 0.914731 1.21812 1.14776 0.413939 1.08399 
1.06311 0.825426 0.890776 0.628784 1.08934 1.55981 1.24707 1.13724 0.211783 1.12946 
0.980086 0.00599283 0.457382 0.130534 0.881307 0.731022 0.643303 0.198062 0.834888 0.739852 
1.39352 1.35964 1.22423 0.885438 1.72725 1.07471 0.642195 0.325498 1.3075 0.991759 
0.764245 1.29152 0.701848 0.715304 0.917148 0.596613 1.29652 1.11568 0.702665 0.637166 
0.777633 0.856408 0.731104 0.501653 1.13367 0.763455 1.11222 0.366545 0.939444 0.578521 
0.229898 1.1303 0.880256 1.10085 0.344553 0.451234 0.767906 0.452541 0.298575 0.310645 
0.545257 1.10142 1.10049 1.06882 0.401176 1.42519 0.867544 1.53364 1.19968 1.03605 
1.73839 1.54441 0.704925 0.903486 1.30573 1.42322 1.15746 0.383057 0.732475 0.578374 
0.7372 0.961026 0.548135 1.11995 0.840867 0.300735 1.21776 0.940575 0.978039 0.678604 
0.920503 0.761019 0.760502 1.03099 1.04486 0.397821 1.02298 1.09578 0.678229 0.717262 
0.772261 1.40154 1.03324 0.570613 0.668141 0.818365 0.826546 0.363759 1.05838 1.46844 
0.989317 1.1135 1.85283 1.87018 1.96282 1.55061 0.883427 1.8106 1.68043 2.51336 
0.330314 0.366212 0.541832 0.500901 0.173325 0.0304816 0.648633 0.752074 0.631202 0.0078209 
0.701025 0.975148 1.23997 1.5446 0.800168 1.08324 1.28503 1.61159 1.02378 0.904379 
0.884178 0.370301 0.422502 0.0552432 0.694859 0.104146 0.859146 0.768414 0.173904 0.446543 
0.679798 0.418657 1.75971 1.77146 1.11769 0.680073 1.43457 0.937786 1.44663 1.3926 
0.62027 1.9129 1.54759 0.519141 1.80089 1.14586 2.20306 1.49986 1.43698 0.844616 
1.32432 1.11269 1.11314 0.954094 0.555739 0.493095 1.07344 1.08866 0.541874 0.689199 
0.252366 0.64932 1.06396 1.00892 0.528455 0.718109 0.519021 1.21767 0.490625 1.12296 
0.979872 0.748648 1.12417 0.733104 1.1071 1.01642 0.814066 0.308243 0.579373 1.04044 
0.231632 0.0450774 0.307312 0.5232 0.243777 0.661726 0.981966 0.535639 0.890242 0.502347 
1.25069 0.883667 0.921807 0.812696 0.975345 1.48472 1.57789 0.409729 1.08457 1.28796 
1.03446 2.23111 0.681556 1.01695 1.67451 2.37519 1.29592 2.052 1.44921 1.50246 
0.919169 0.977304 0.956297 0.859795 1.0004 0.760468 0.0382009 0.842583 0.386337 0.443444 
0.952631 0.0627014 0.799347 0.464388 0.670833 0.917539 0.411634 0.661783 0.0273439 0.640177 
0.922001 1.28303 0.381261 0.778467 0.838776 1.18949 0.903084 0.827069 1.33295 0.980844 
1.73256 2.38111 1.56206 1.05481 0.95637 0.684594 2.07555 2.05024 1.58275 1.46174 
1.34674 1.4525 0.819277 1.59029 1.03881 1.22189 0.861575 1.03669 0.960641 1.01644 
0.420763 0.341907 0.39924 0.363975 0.607096 0.866324 0.655741 0.343353 0.788735 1.1835 
0.696645 0.450708 0.432196 1.05445 0.822185 1.08519 0.269852 0.594139 0.707302 0.86263 
0.160629 0.235496 0.32548 0.399766 0.444101 0.0623979 0.0229453 0.304118 0.126998 0.276896 
1.51561 1.02289 1.07895 0.40288 0.231228 0.231335 1.26343 0.983225 1.17568 0.165896 
0.538578 0.261256 0.38873 0.534047 1.48329 0.674193 0.508223 0.655667 1.07787 0.911988 
1.5376 1.15519 0.804563 0.661073 0.591776 0.51815 0.775919 1.60053 1.00435 1.31668 
0.669219 0.382121 0.590567 1.41628 1.41868 0.977216 1.20386 1.06427 1.45365 0.778832 
0.0528559 0.950345 0.064703 0.0640212 0.795306 0.109966 0.0244947 0.902416 0.584313 0.310577 
1.02884 1.59327 0.837735 0.740419 0.775059 0.814751 0.664414 0.545896 0.495484 0.349338 
2.1763 1.77398 1.99583 1.42595 1.80514 1.36165 0.90945 1.47181 1.24195 0.460737 
1.07365 0.90533 0.445407 0.251795 0.663145 0.329083 0.766641 0.524991 0.276999 0.30952 
1.38634 1.35751 1.38762 1.05218 0.496822 1.45237 0.436949 1.24429 0.47315 1.21123 
2.08361 2.54642 1.39508 1.67102 1.46411 2.47442 2.42293 2.03135 1.92851 2.41736 
2.37164 1.73146 2.66269 2.06557 3.30731 2.4261 2.31152 2.02942 3.19455 1.68922 
1.0675 1.20435 1.22126 0.764564 0.963789 0.785891 1.40497 0.896545 1.02305 1.22046 
1.17359 1.9056 1.56033 1.99006 1.79643 1.06128 1.58609 2.08922 1.0131 2.29889 
0.63854 0.67105 0.817955 1.13973 0.886593 1.08181 0.790593 0.633137 1.24523 0.936173 
2.69212 1.76292 1.38829 1.22709 2.13649 2.24255 1.80797 1.50462 0.98985 2.54926 
1.25846 0.613002 0.541187 1.08627 0.486728 1.14437 0.672142 0.288433 0.886405 1.11883 
0.882015 0.830772 1.31204 1.23996 0.693376 1.93022 1.82481 1.34248 1.29203 2.13518 
0.499869 0.551544 0.387171 0.481256 1.23122 0.70334 0.879194 1.3416 0.506559 1.37503 
0.885556 1.12976 1.45985 1.17324 0.561776 0.643807 0.754663 1.1061 0.265709 0.68603 
0.373417 0.344564 0.809609 1.03995 0.252684 0.37586 0.796573 0.542733 0.586227 0.741049 
0.931961 0.530638 1.38538 1.29308 1.49336 0.827447 0.693462 0.882498 0.746091 0.817989 
1.31849 1.36107 1.68329 2.03623 2.00231 1.61861 0.516931 2.17661 2.15089 0.771692 
0.896049 1.11376 1.11658 0.824951 0.90395 1.33684 0.999929 0.526303 0.655 0.561763 
0.916453 1.24401 0.546139 1.22685 1.24528 1.43061 0.0533013 0.696655 0.43023 0.326563 
2.31109 3.38442 1.71101 2.15402 2.3355 2.49424 1.60077 2.003 2.12834 2.28738 
0.167524 0.96583 0.338432 0.65999 0.179347 0.203474 0.947989 0.973741 0.876403 0.21786 
0.493123 0.760169 1.95515 1.4952 1.15968 1.31058 1.17399 1.04404 1.58474 0.991007 
0.448941 1.08227 1.24164 0.596958 1.63461 1.02403 1.57005 1.02158 1.27958 0.191498 
2.12592 1.53414 1.59187 0.398645 1.88336 1.67293 1.86351 0.592224 1.21495 1.90993 
1.29189 0.995806 1.03192 1.00464 0.812144 0.749918 0.498778 0.852012 1.11622 1.08041 
1.19926 1.11272 0.0939624 0.402729 0.752975 1.0777 0.119635 0.317242 1.05086 0.209983 
2.45026 2.19403 1.80948 2.17006 1.53866 1.61451 2.0835 2.16015 1.70266 1.78559 
1.22264 0.786109 0.914917 0.693096 1.14262 0.978483 0.890073 0.41664 1.11627 0.791786 
1.02955 0.5745 0.850001 0.825592 1.39522 1.19521 1.27634 1.01718 0.997246 0.684996 
1.62637 1.67286 1.03265 1.71022 1.52554 1.11008 1.86941 2.45506 0.677827 1.10466 
0.9734 1.06108 1.51975 0.332626 0.614294 1.01909 0.876997 1.29739 1.09658 1.09195 
1.33106 0.504758 0.452468 1.20829 1.61348 1.50226 0.389961 0.778201 1.62939 1.78903 
0.318632 0.932762 0.187094 0.936977 0.741365 0.788067 0.508669 0.27047 0.651742 0.652522 
0.123683 1.01376 0.407726 0.498031 0.884299 0.599235 0.284226 0.968946 0.440536 0.684356 
1.77823 0.288698 1.28223 1.3181 1.46197 1.28978 1.39003 0.750885 2.07812 1.32248 
1.59226 2.30874 1.78238 2.44442 1.83805 0.985464 1.6753 2.22342 1.99947 1.23848 
0.710597 1.46059 0.993702 0.425852 1.36435 1.91275 0.9438 1.31381 1.47865 0.913235 
1.11119 0.905157 0.873377 0.227474 1.0436 1.13875 0.397203 1.24416 1.11339 1.26009 
0.970376 0.852972 1.21627 2.03502 0.841963 0.977536 0.939357 1.09482 1.64204 1.44206 
0.905357 0.491958 0.259324 0.72093 0.299842 0.424086 0.235055 0.522202 0.284544 1.31058 
0.27156 1.25506 2.36616 1.76292 2.14484 1.63799 1.23429 1.83943 1.06506 1.66728 
1.31912 2.0503 0.883714 0.714469 2.2297 1.62506 0.500742 1.50975 2.12715 0.698844 
0.622081 0.454445 0.680725 0.560217 0.714737 0.764994 0.6202 0.631787 0.893267 1.19335 
0.481333 2.03116 1.28346 1.21637 2.11272 1.06076 1.47216 1.69835 2.15449 2.27951 
0.96203 1.34712 1.06855 1.72347 1.0245 1.12368 1.63131 1.27924 1.58068 1.37066 
0.262049 1.14892 0.971948 0.888917 0.726862 0.606606 0.959286 0.990269 0.680615 1.11569 
0.925259 1.33289 1.16913 1.01022 1.00193 0.678365 1.42999 1.54829 0.625265 1.05986 
1.08349 1.02821 0.791736 0.223046 0.453278 0.956669 0.675601 0.83511 0.562117 1.05576 
1.07686 0.812783 1.72052 1.85918 1.01939 0.499867 1.43025 0.839559 1.04102 1.59609 
2.25891 1.2851 1.68462 2.08554 1.65483 1.32545 2.22735 1.82286 1.19705 1.55774 
0.374378 0.898946 0.577863 0.355382 0.746439 0.318192 1.16117 1.04547 0.644238 1.34248 
1.42836 0.421956 1.39682 0.627643 1.03472 1.23671 0.897151 1.28437 1.43573 1.69433 
0.8024 1.15209 0.723788 0.813185 0.863264 0.426981 1.5024 1.22768 1.08551 1.50954 
0.688854 0.76498 0.261745 0.0145372 0.313547 0.566807 0.64056 0.690936 0.308617 0.249873 
1.28506 1.45051 1.09411 0.489826 0.828012 0.848991 0.901123 1.15126 1.2048 0.839957 
0.644241 1.6071 2.0787 1.90834 1.21006 1.02627 1.7894 2.74883 1.51318 2.17755 
1.32199 1.90996 1.69346 0.860555 0.927754 1.63122 2.20353 2.598 2.56152 1.50433 
0.734885 0.765065 0.855696 0.823522 1.11931 1.0138 0.828633 0.50664 1.61302 0.407385 
0.718292 1.13111 1.12035 0.757561 1.02095 1.29026 0.675667 1.33539 0.710636 1.01225 
0.237524 1.0034 1.11682 0.926842 0.974199 0.954231 0.876721 1.60822 0.757569 1.29862 
0.531741 0.590416 0.944564 1.43139 1.08279 1.62424 1.21683 1.19826 0.827785 1.07977 
1.0177 1.51305 0.55366 0.832138 1.0762 0.952911 1.30505 1.55277 1.80075 1.65278 
0.418294 1.91414 0.903072 0.371013 0.654917 1.07144 0.899635 1.40796 0.934993 1.22808 
2.587 2.66007 2.0164 1.93072 2.91884 2.13401 1.362 1.53338 2.6024 3.26484 
0.503934 1.28049 0.537348 1.61482 0.4904 1.35451 0.782074 1.34261 0.908813 1.47221 
0.686915 1.84286 2.17816 0.517586 1.79655 0.804631 1.58202 1.7285 1.87632 1.97333 
0.71079 0.258834 1.0192 0.439528 0.702577 0.23675 1.06375 0.455076 0.299306 0.91659 
1.14798 1.53279 0.239833 1.48726 0.656548 0.94312 0.684917 0.972507 1.14127 0.387112 
1.09564 1.11417 0.592421 0.520831 1.54077 0.712842 0.552614 0.64187 0.835276 1.13219 
0.99815 1.4846 0.941938 1.39233 0.569365 1.19747 1.20903 0.355033 0.985783 0.748556 
1.84794 3.58045 1.88718 2.71418 2.0796 2.43684 1.93741 2.75653 1.7186 2.57464 
1.70274 2.43714 2.26071 1.87302 1.85122 1.53422 2.55866 2.30461 2.02629 2.57561 
1.07917 0.972496 1.7436 1.24105 1.27376 0.195501 1.48149 0.945364 1.8298 1.27243 
0.89367 0.826126 0.879643 0.872431 1.21319 1.16636 0.56972 1.05162 1.03669 1.2383 
0.856077 0.205956 1.70005 1.68898 0.567535 1.12932 0.449334 1.68087 0.445111 1.26119 
0.847379 0.582417 0.712937 0.590115 0.62171 0.150002 0.30635 0.496738 0.953445 1.02457 
0.185008 0.973179 0.0500693 0.299253 0.590103 0.905102 0.243125 0.557618 0.101611 0.943934 
1.33645 1.0781 1.24126 1.6319 0.63595 1.37394 1.4596 1.46672 0.918217 1.2503 
0.534036 0.856847 0.900789 0.738706 0.314465 0.606093 0.794882 0.684629 0.750552 0.63368 
1.01023 0.82925 0.545542 0.426692 1.101 0.350427 0.495002 0.477964 0.891049 0.602231 
0.8645 1.17014 1.08224 1.67795 1.28114 1.49253 1.57912 2.26507 1.28323 1.7133 
1.34882 1.48358 1.77861 2.03126 1.21453 1.67582 0.840915 1.53504 2.67304 1.71792 
1.23838 1.17508 0.280974 0.553098 0.883841 0.875314 1.06887 0.191306 0.47594 1.02508 
1.33336 1.19295 1.45574 2.23952 1.77738 2.70548 1.00693 1.15449 1.55336 2.57591 
2.25747 1.80947 0.649383 1.77387 1.77413 0.741215 1.11226 1.17909 1.57152 0.816209 
1.48354 0.172796 1.36117 0.868584 0.663111 0.46127 0.830348 0.803314 0.818969 1.01078 
0.270969 0.884173 1.16194 0.823188 0.750092 0.391564 0.53325 1.0637 0.842627 0.358481 
0.583138 1.02164 0.979872 0.373377 0.163946 1.17391 1.01655 0.885506 0.829981 1.2063 
1.99854 1.08108 1.74091 1.72118 1.69252 0.412002 1.95466 1.76313 1.59339 2.85466 
0.0790245 0.229659 0.909222 0.396825 0.844179 0.658979 0.319408 0.0756403 0.59632 0.933786 
1.66031 1.10443 1.60485 0.734353 1.00341 0.636426 1.23807 0.958377 1.72343 1.05854 
0.891335 1.12028 0.536333 0.689031 0.875401 0.680349 0.663541 0.493783 1.1433 0.45349 
1.90869 1.25521 1.70441 1.50007 0.932313 1.0457 0.858345 1.42498 0.845858 1.43074 
1.4117 1.48251 2.37409 1.10158 1.23598 1.8327 1.97792 1.9968 2.41466 1.87335 
0.99015 1.11857 1.08381 1.05048 0.446214 0.797224 0.781283 0.913133 1.03616 1.04896 
1.00287 1.04754 1.19099 0.464751 0.395856 0.814228 0.589549 0.781755 0.331031 0.522663 
1.75559 1.69233 1.43393 0.77469 0.516398 1.00881 1.63962 0.966653 1.46958 0.997435 
0.962083 0.887699 1.06323 0.85844 0.9926 1.82584 1.80911 2.15929 1.03991 0.689992 
0.272266 1.5194 0.553341 0.799833 1.14719 0.495017 0.900736 0.700115 0.685533 0.642668 
0.253025 0.628678 0.926809 1.13654 0.66249 1.16433 1.59173 1.21175 1.3307 1.10797 
0.197665 0.426691 0.596795 0.0339801 0.388882 0.686301 0.682138 0.568548 0.600491 0.769369 
0.766656 1.7323 2.1596 3.82734 1.7241 2.39383 1.43872 2.37864 2.81591 3.22743 
0.617826 0.667476 0.413368 0.456183 0.93063 0.77895 0.799289 0.146068 0.480314 0.224899 
1.35986 1.34773 0.725254 0.69713 0.59744 0.262384 0.589969 0.946063 0.95253 0.399974 
2.1013 2.05267 2.22283 1.34138 2.03266 3.09907 1.52179 2.4073 2.10416 2.51961 
1.42098 0.674766 1.13671 2.03913 0.875494 1.21737 1.33753 0.971515 1.3731 1.54244 
0.754729 1.74999 2.02759 0.447592 1.54441 1.50042 1.74109 1.19758 1.82003 0.639024 
1.33158 1.09392 0.860919 1.37501 0.92292 0.458184 1.07438 0.996906 0.52708 1.52828 
0.54316 0.193926 0.345823 0.29765 0.714688 0.490775 0.889132 0.957095 0.0250738 0.386773 
1.44891 0.76244 1.60961 2.12148 2.1562 2.90154 1.92841 2.49327 2.51954 2.39086 
1.92279 1.7579 2.3672 2.11095 2.38179 2.7165 1.23342 2.13594 1.3321 2.29284 
1.10586 1.09616 1.07759 0.958491 0.915816 0.818717 1.69858 1.93598 1.22592 1.70975 
1.26124 1.45661 0.252154 0.670722 1.2952 0.780002 0.936911 0.944287 1.29085 1.68473 
0.567425 1.0058 1.32883 2.01834 1.8189 1.8808 0.482801 1.39426 0.859183 1.304 
1.01284 1.05262 0.868248 1.48028 0.439785 1.1602 0.542388 1.79523 1.70699 0.841355 
0.422751 1.16481 0.877685 1.20776 0.263996 0.858458 1.21258 1.26293 1.25995 0.974165 
0.521317 1.3947 0.508489 0.477239 0.71392 0.958054 0.6763 1.32572 0.789104 1.36803 
0.891368 1.32733 0.912 1.56882 1.56992 0.328237 0.511459 1.54239 0.554511 1.49495 
0.796653 1.02099 1.02651 0.914312 1.23958 0.165216 1.01174 1.04898 1.48751 0.515497 
0.699083 0.755253 0.742962 0.15572 0.561177 0.632214 0.344628 0.866303 0.573286 0.21949 
