0.261515 0.27093 0.414095 0.555403 0.180063 0.555271 0.244089 0.542983 0.377882 0.85389 0.417643 0.703677 0.931677 0.270103 0.649482 0.336258 0.889369 0.284147 0.724517 0.379834 0.769032 0.340383 0.197458 0.983497 0.08007 0.298649 0.748509 0.936796 0.617439 0.0207896 
0.686239 0.62881 0.862364 0.901751 0.0224302 0.140504 0.643298 0.164199 0.406307 0.135522 0.179186 0.546715 0.927929 0.479567 0.194691 0.327619 0.870651 0.734936 0.764385 0.488239 0.425207 0.209291 0.449145 0.386947 0.704054 0.505231 0.0667397 0.829046 0.701148 0.862087 
0.996097 0.0203821 0.244089 0.422857 0.935569 0.796765 0.180435 0.34483 0.0605874 0.452362 0.0737451 0.236757 0.435535 0.63122 0.0225978 0.915718 0.870811 0.275882 0.694148 0.368756 0.944074 0.260025 0.768349 0.504719 0.460153 0.0586831 0.136671 0.386676 0.164524 0.801714 
0.958565 0.0969235 0.456076 0.150032 0.810709 0.825265 0.665746 0.630457 0.67058 0.158897 0.244438 0.825303 0.794549 0.415794 0.464267 0.467301 0.76418 0.327814 0.0501588 0.328717 0.894275 0.532714 0.238869 0.512871 0.270107 0.222078 0.8518 0.0833479 0.2103 0.760335 
0.966485 0.119964 0.176138 0.95246 0.953636 0.789812 0.17637 0.224046 0.431728 0.586309 0.56231 0.529094 0.123195 0.827867 0.431325 0.424239 0.192379 0.738203 0.624336 0.369482 0.481083 0.0714781 0.598675 0.254902 0.477301 0.314942 0.444952 0.136281 0.669723 0.716885 
0.0652796 0.846954 0.26014 0.539158 0.720993 0.000882888 0.703153 0.423838 0.961344 0.369041 0.762673 0.0270658 0.0387998 0.819024 0.396493 0.378926 0.036956 0.870297 0.809146 0.389557 0.755587 0.143423 0.455233 0.482833 0.639303 0.696883 0.61972 0.747284 0.542405 0.392886 
0.356012 0.39829 0.159032 0.931434 0.57917 0.879108 0.673068 0.226721 0.654981 0.991172 0.191023 0.086707 0.466855 0.857965 0.0842833 0.478195 0.748884 0.450663 0.445395 0.734513 0.30643 0.77298 0.55899 0.525557 0.583577 0.179504 0.337658 0.201154 0.52594 0.230823 
0.588619 0.487089 0.967033 0.948503 0.0557839 0.558425 0.783336 0.742986 0.159452 0.593038 0.451601 0.300075 0.79237 0.347142 0.255359 0.245794 0.182604 0.8534 0.875558 0.680523 0.907723 0.314269 0.343944 0.592324 0.248604 0.473964 0.543267 0.729144 0.0554272 0.411726 
0.672991 0.83339 0.223694 0.042518 0.41383 0.113351 0.0736241 0.978198 0.308941 0.805963 0.0900848 0.368693 0.138332 0.422179 0.472457 0.26155 0.878841 0.137689 0.691192 0.821867 0.369078 0.549987 0.420482 0.591305 0.569282 0.696724 0.191987 0.150714 0.0143629 0.363212 
0.262416 0.111099 0.0949573 0.537553 0.344337 0.183305 0.719756 0.706079 0.313518 0.164142 0.105371 0.419338 0.200508 0.878183 0.97098 0.0409501 0.390674 0.424926 0.0285162 0.57795 0.983783 0.961611 0.801156 0.768137 0.514325 0.982255 0.0139048 0.411238 0.732618 0.937641 
0.696229 0.443672 0.850482 0.83059 0.614355 0.0161006 0.313238 0.914037 0.930847 0.696936 0.119402 0.278231 0.460113 0.741524 0.633328 0.325201 0.208624 0.685241 0.564451 0.337493 0.0553167 0.505846 0.205905 0.6977 0.0660619 0.604202 0.276543 0.82023 0.579 0.145584 
0.937104 0.711589 0.138881 0.611325 0.591689 0.0251204 0.365854 0.685519 0.78961 0.233669 0.486188 0.64565 0.768694 0.45607 0.674831 0.335869 0.150286 0.247092 0.173487 0.0837279 0.890533 0.47556 0.536707 0.844939 0.655743 0.251394 0.0264158 0.0274551 0.252346 0.187095 
0.852504 0.542791 0.872446 0.556564 0.832364 0.328701 0.0134787 0.185399 0.236075 0.850414 0.925262 0.289324 0.613822 0.303207 0.395339 0.714107 0.777142 0.589859 0.414825 0.146878 0.388189 0.127868 0.547864 0.244443 0.335561 0.344347 0.814116 0.93115 0.576521 0.0866225 
0.403169 0.496274 0.105124 0.784093 0.453835 0.591496 0.0701554 0.503346 0.42937 0.00286713 0.724528 0.0242709 0.860864 0.847693 0.270704 0.271138 0.260927 0.663457 0.362224 0.127892 0.968359 0.25022 0.856316 0.0724915 0.333457 0.751443 0.976067 0.684886 0.566251 0.539905 
0.231888 0.927905 0.472098 0.643208 0.72327 0.0398326 0.814734 0.899101 0.536913 0.895979 0.784568 0.917539 0.822714 0.750471 0.577028 0.0385777 0.681204 0.424958 0.1952 0.233219 0.965239 0.281433 0.420825 0.29148 0.64072 0.313998 0.375551 0.165438 0.678552 0.462983 
0.119257 0.597821 0.826629 0.843202 0.718664 0.945241 0.111431 0.175556 0.201872 0.956291 0.230059 0.248993 0.254184 0.1691 0.793639 0.0421145 0.781666 0.91593 0.404257 0.0833419 0.426605 0.86437 0.68239 0.157962 0.0508175 0.140792 0.154572 0.472958 0.788955 0.164767 
0.267322 0.834754 0.519012 0.304899 0.403848 0.705785 0.711827 0.890037 0.0218234 0.559496 0.827312 0.00350257 0.475024 0.917515 0.416774 0.923216 0.821501 0.715951 0.929366 0.397729 0.157238 0.678696 0.666774 0.495998 0.293971 0.844316 0.112741 0.533776 0.32057 0.0253672 
0.281179 0.90451 0.985885 0.126847 0.852592 0.585103 0.723425 0.219138 0.033545 0.871213 0.274367 0.855379 0.556996 0.619113 0.107132 0.526889 0.278473 0.829903 0.762655 0.571909 0.754456 0.0704424 0.503999 0.105753 0.493479 0.408108 0.175674 0.262377 0.962569 0.178899 
0.760878 0.341116 0.963332 0.427464 0.865682 0.3908 0.636147 0.916371 0.540104 0.178719 0.766507 0.163004 0.204854 0.154967 0.655222 0.252003 0.606493 0.299557 0.179522 0.803455 0.375333 0.408441 0.139344 0.402551 0.130246 0.239603 0.732895 0.627541 0.0799491 0.179046 
0.80687 0.0312058 0.678939 0.311622 0.222391 0.630619 0.921005 0.47173 0.1606 0.020431 0.665525 0.349211 0.858092 0.13062 0.0425669 0.106719 0.973618 0.702204 0.834985 0.359431 0.379504 0.930984 0.104353 0.537049 0.497492 0.214778 0.151257 0.013665 0.474984 0.58656 
0.647413 0.757701 0.396961 0.568903 0.0374161 0.386808 0.99057 0.421924 0.963404 0.441706 0.763669 0.531622 0.149695 0.658762 0.636812 0.0309605 0.134876 0.311159 0.392489 0.827337 0.637333 0.45335 0.957881 0.746375 0.772756 0.768248 0.52262 0.000860277 0.390676 0.586895 
0.72499 0.604719 0.908902 0.323981 0.90425 0.967563 0.340117 0.589634 0.839672 0.489868 0.0918 0.930432 0.276697 0.983032 0.430836 0.0905467 0.255215 0.197867 0.923932 0.453976 0.348792 0.589954 0.13934 0.929356 0.741787 0.310143 0.257309 0.635419 0.33926 0.028506 
0.0942622 0.537246 0.785979 0.762741 0.439117 0.690154 0.282356 0.108849 0.690096 0.296429 0.624545 0.10084 0.107804 0.503359 0.201137 0.479934 0.105283 0.37705 0.0110407 0.650328 0.901159 0.246973 0.760636 0.251648 0.633482 0.851922 0.880675 0.514257 0.399907 0.25689 
0.687382 0.82139 0.359717 0.348579 0.203093 0.00665239 0.971215 0.206009 0.419937 0.970323 0.180337 0.959758 0.993644 0.922032 0.188232 0.217736 0.44029 0.243572 0.846241 0.995868 0.813205 0.611908 0.528708 0.817642 0.302135 0.319582 0.304192 0.934519 0.462942 0.956934 
0.239866 0.437402 0.302742 0.346867 0.989655 0.72259 0.985239 0.672817 0.194623 0.260849 0.491817 0.843284 0.129765 0.943346 0.606752 0.697157 0.53695 0.0850928 0.111893 0.423313 0.857129 0.443133 0.500315 0.465357 0.0280036 0.574015 0.406365 0.113991 0.732346 0.586509 
0.218613 0.712584 0.191587 0.345444 0.720709 0.917634 0.872456 0.207911 0.171356 0.219703 0.364822 0.882482 0.2388 0.28368 0.748632 0.723153 0.132531 0.223843 0.688313 0.0714785 0.341118 0.919043 0.497641 0.0474793 0.653434 0.644551 0.239664 0.0611869 0.780485 0.26194 
0.427055 0.632739 0.0162422 0.0134356 0.487529 0.0756169 0.0252172 0.617846 0.674371 0.259798 0.80878 0.688651 0.740052 0.372413 0.965613 0.690114 0.286663 0.656965 0.260618 0.169438 0.115164 0.22708 0.538184 0.863368 0.675913 0.298294 0.272842 0.578195 0.822596 0.341983 
0.888728 1.12108 1.62219 0.935852 0.462021 0.831155 0.761104 1.01742 0.663448 1.17647 0.925539 0.599823 1.26526 0.671327 1.04636 1.38042 0.710541 0.666373 1.11153 0.556254 1.06051 0.688992 0.468878 1.03376 1.49647 1.28128 1.21459 0.953518 1.42297 1.17973 
0.250975 0.359187 1.14718 0.367629 0.921093 1.15114 0.466747 0.413971 0.731173 0.788958 0.365861 0.551031 0.709007 0.779723 0.844905 0.928874 0.0593124 0.74852 0.528288 0.323875 0.474244 0.425629 0.207378 0.359492 0.764493 0.726831 0.451691 0.637705 0.958457 0.309193 
1.29478 0.109984 0.451561 0.877879 0.558988 1.27215 1.81364 0.11745 0.790299 0.324557 0.797388 0.971868 0.319019 1.31303 0.629497 1.33355 0.499978 1.0955 1.29393 1.74837 0.383714 1.17664 0.520523 0.965543 0.850157 1.16513 0.782906 0.245285 0.795898 0.884003 
0.479077 0.901512 0.112838 0.332125 0.917579 0.362892 0.175687 0.699832 0.675872 0.504039 1.06758 0.486634 0.14972 0.879525 1.15597 0.483357 0.88923 0.291242 0.337863 0.0783982 0.272917 0.205794 0.145821 0.531613 0.756893 0.229841 0.79952 0.856612 0.768577 0.494635 
0.523742 0.934582 0.690371 0.589824 0.622052 0.820101 0.504842 0.880319 0.921436 0.592568 0.526868 0.129713 0.0500045 0.37449 0.244658 0.139231 0.665841 0.406049 0.68945 0.365792 0.561975 0.151319 0.350188 0.336392 0.444203 0.907928 0.787872 0.843729 0.174955 0.0141717 
1.01614 0.8308 0.78343 0.39959 0.768307 0.764305 1.10719 0.27955 1.02456 0.951509 0.672974 1.05611 0.163919 0.86879 1.08657 1.42115 0.334973 0.590332 0.742837 0.812911 1.14834 1.2244 1.57135 0.434979 0.479036 0.325482 0.283021 1.05299 0.89123 1.51936 
0.432483 0.570467 0.10071 0.677095 1.02534 0.871967 0.051253 0.351165 0.558192 0.334467 0.654485 0.626674 0.173951 0.993479 0.141194 0.274706 0.971539 0.209773 0.442289 0.859178 0.746184 0.0672174 0.133682 0.429797 0.464915 0.281737 0.874233 0.928429 0.161517 0.446498 
0.381304 0.846575 0.224132 0.479666 0.250665 0.461144 0.436139 0.0434677 0.257448 0.0383954 0.710746 0.579594 0.652854 0.00672786 0.821083 0.637906 0.579424 0.146188 0.656235 0.278597 0.623652 0.868599 0.018544 0.364524 0.588288 0.852603 0.397696 0.786824 0.363398 0.310521 
1.18268 1.32444 0.716358 0.421099 0.185275 0.590812 0.365473 0.492207 1.02638 0.913643 1.3139 0.943253 1.01236 0.401048 0.568248 1.0692 0.676155 0.95361 1.06089 0.391854 0.546996 0.956234 0.932098 0.667063 1.20909 0.940244 0.278416 1.01982 0.31934 1.04404 
0.097837 0.584589 0.491873 0.144032 0.152856 0.456621 0.335282 0.610669 0.751942 0.0954311 0.717914 0.637142 0.588357 0.700927 0.754188 0.30609 0.298428 0.934039 0.701857 0.826764 0.716214 0.264491 0.539779 0.902948 0.67527 0.63608 0.718169 0.46215 0.378262 0.147144 
0.37867 0.929031 0.985022 0.982817 0.339457 0.252923 0.435295 0.0380044 0.146136 0.59437 0.669976 0.0187065 0.794502 0.761085 0.789943 0.009468 0.734292 0.928295 0.133089 0.767941 0.387721 0.220015 0.777008 0.291553 0.784133 0.245752 0.890262 0.694138 0.0659503 0.135271 
0.552742 0.342669 0.965772 0.738008 0.489835 0.756272 0.970077 0.893677 0.535822 1.02627 0.791418 0.413904 0.756093 1.08518 0.281927 0.351395 0.952122 0.303962 1.20915 0.415524 0.594588 0.728819 0.566433 1.01348 0.551674 0.0597035 0.405336 0.515298 1.13229 0.786417 
0.729585 0.267862 0.0774933 0.190779 0.741381 0.646187 0.604447 0.101279 0.35053 0.354856 0.822814 0.798696 0.646691 0.683122 0.905728 0.509971 0.0898286 0.27205 0.419048 0.75042 0.81789 0.0679346 0.0949245 0.0604242 0.171866 0.783126 0.395959 0.178809 0.796913 0.354651 
0.525631 0.344612 0.28847 0.557646 0.618227 0.182925 0.176177 0.932349 0.184893 0.10076 0.848424 0.952461 0.560555 0.402136 0.29971 0.718927 0.815053 0.970724 0.748418 0.770744 0.522479 0.0071778 0.659571 0.520983 0.924929 0.159966 0.966707 0.251944 0.212937 0.117436 
0.752023 0.413892 0.934234 0.428388 0.0860852 0.506872 0.21131 0.975015 0.0348742 0.827127 0.447998 0.35003 0.482914 0.76874 0.607786 0.236188 0.565527 0.64344 0.681221 0.819004 0.340705 0.0534039 0.935301 0.48919 0.525975 0.0912778 0.547811 0.0565397 0.099337 0.211331 
0.534922 0.93062 0.562439 0.843661 0.627993 0.192434 0.516566 0.923665 0.598498 0.454573 0.339167 0.671728 0.209071 0.268724 0.188233 0.265537 0.288851 0.546873 0.0197688 0.984936 0.639801 0.596103 0.31934 0.274228 0.2049 0.0805739 0.478981 0.69202 0.499194 0.759505 
1.08818 0.297819 0.245908 0.217773 1.02369 0.9251 0.580198 1.04671 1.16447 0.0894746 0.858085 0.461221 0.448358 0.621937 0.655937 0.737489 0.452422 0.646497 0.529097 1.25072 0.430065 0.343247 0.904848 0.105319 0.534955 0.711317 0.654818 0.533611 0.369914 0.126379 
0.303313 0.943962 0.392745 1.06043 0.723977 1.25378 1.0926 1.24854 1.21295 0.630438 0.96109 0.906101 0.41252 0.814247 0.712289 0.785196 0.245361 1.37912 0.571524 0.390938 0.810679 0.210741 0.609255 0.964936 0.607534 0.778184 1.5467 0.77762 0.23368 0.749218 
0.331991 0.636116 1.27865 1.12255 0.309803 1.44006 1.48822 0.696325 0.55568 0.804982 1.22673 1.1813 0.781406 0.583073 0.464835 0.76876 0.747871 1.05483 1.37277 0.902704 0.538772 0.826294 0.332888 1.33554 0.107572 0.927133 1.36435 0.621274 1.30091 0.532242 
0.238035 0.0439842 0.960705 0.745047 0.984114 0.570887 0.826191 0.610833 0.567405 0.817115 0.504451 0.896304 0.166981 0.17483 0.994464 0.88702 0.0266299 0.621758 0.285348 0.885969 0.641084 0.490568 0.430998 0.459425 0.876128 0.788492 0.123831 0.993851 0.851603 0.987001 
0.920617 0.232528 0.52343 0.436121 0.252959 0.700142 0.976358 0.678417 0.15385 0.791411 0.173905 0.746041 0.00993377 0.0976135 0.589443 0.016192 0.731808 0.413901 0.826852 0.240603 1.01823 0.336859 0.7562 0.369449 0.619191 0.07062 0.40698 0.358369 0.773587 0.754517 
0.732543 0.43638 1.17922 0.578064 0.388375 0.272968 1.34888 0.372956 0.516625 0.30806 0.47412 0.821271 0.696184 0.690945 0.608049 0.495282 0.955092 1.05034 0.946494 0.906332 0.370992 0.620785 0.210621 0.491865 0.958418 0.478632 0.364991 1.05562 0.306034 0.517999 
0.310065 0.488666 0.977957 0.535242 0.87302 1.08648 1.1706 1.17326 0.717646 1.33405 0.863852 1.25292 0.232591 0.359739 1.17453 0.832207 1.03462 0.765676 1.37759 0.433515 0.556982 1.16425 1.52243 1.13001 0.488166 1.10915 0.336337 0.739074 1.3383 0.973067 
0.804821 0.918684 0.734297 1.04619 0.935074 0.685903 1.46681 1.42792 0.34389 1.04186 1.17813 0.386114 0.78497 1.31773 0.651425 0.772408 1.33424 0.931182 0.895147 1.1371 0.732363 1.11551 0.836267 1.07583 0.929979 0.658137 0.48723 0.991501 1.05264 0.819367 
1.09266 1.37613 0.850544 0.749953 0.9106 1.08602 0.615679 1.63228 0.427923 0.692956 0.978916 0.893635 0.853473 0.777886 0.334925 1.1293 1.54126 0.802244 1.00095 1.16866 1.27484 0.55436 1.32608 0.617049 0.55948 1.17787 1.36453 0.783745 0.826562 0.782545 
0.387592 0.848127 0.922008 0.290553 0.382964 0.661083 0.279054 0.128106 0.661258 0.750567 0.524751 0.546043 0.376632 0.293786 0.209011 0.790582 0.405258 0.524956 0.886452 0.193674 0.671537 0.376314 0.428137 0.512731 0.42807 0.519989 0.635134 0.278566 0.356609 0.430186 
1.15981 0.276963 1.41001 0.612725 0.482388 1.06548 0.388881 0.771267 1.15699 0.669002 0.31585 0.228625 0.69168 1.27426 0.787299 0.642142 1.02021 1.06708 0.635561 0.450744 0.393428 1.05286 1.25382 0.419241 0.783653 0.409825 0.985723 0.662367 0.574784 1.01632 
1.24969 0.927889 0.812988 0.315903 0.910421 0.65049 0.990446 0.526029 1.46537 0.442107 0.484146 1.21915 1.31285 1.42037 1.06195 1.26337 1.57275 1.32568 0.358288 1.62525 0.904187 0.904518 1.43819 0.688377 1.23235 1.42789 0.819742 1.20579 1.14763 1.23939 
0.980845 0.749905 1.10431 0.784919 0.777671 1.03977 0.688454 0.873058 0.35476 1.18868 0.78158 1.07482 0.520828 0.684173 0.55806 0.606583 1.075 0.476644 0.816323 1.29902 1.02841 0.627827 1.08731 0.422769 1.05035 1.04624 1.17724 1.20133 0.168474 0.772778 
0.198802 0.80719 0.267308 0.52581 0.906403 0.104477 0.569949 0.590945 0.846122 0.412676 0.893413 0.443886 0.671428 0.27019 0.762277 0.997596 0.826388 0.310312 0.846395 0.339674 0.722396 0.857544 0.160092 0.970892 0.533337 0.760581 0.48608 0.591326 0.2762 0.251831 
0.336297 0.251067 0.855717 1.18469 0.461461 0.590423 0.697297 0.477572 0.694473 0.55444 0.116989 1.08738 0.715771 0.617174 0.803146 0.484014 0.439236 0.387205 0.624265 0.449992 0.107938 0.317671 1.02299 1.10328 0.0578941 0.776087 0.537073 0.778376 1.1771 0.724687 
0.348761 0.584193 0.858198 0.399699 0.182956 0.837281 0.0182851 0.0880536 0.864927 0.880842 0.887358 0.872266 0.246431 0.102065 0.108197 0.815608 0.859891 0.222408 0.0199812 0.274942 0.572844 0.715716 0.544152 0.86474 0.0137083 0.958468 0.253612 0.329717 0.531065 0.0958434 
0.079261 0.418849 0.671992 0.35831 0.729417 0.924756 0.514749 0.271351 0.193027 0.702751 0.88708 0.655233 0.781402 0.615125 0.27284 0.125278 0.506402 0.80889 0.151756 0.0863981 0.260252 0.0368027 0.251587 0.702239 0.158655 0.604332 0.0138174 0.977707 0.525713 0.327074 
0.636793 0.331087 0.966708 0.978678 0.872476 1.39956 1.37726 0.581221 1.03757 0.842798 1.01312 0.758877 1.19088 0.555904 1.57035 0.0967209 0.423034 0.995884 0.677538 1.25886 0.658713 1.17797 1.1482 0.818578 0.312938 0.850918 0.581193 1.87511 0.292029 0.857564 
0.614885 0.640941 0.824928 0.481127 0.0969829 0.333004 0.250885 0.0932363 0.670908 0.0541105 0.896973 0.354639 0.366976 0.737159 0.974345 0.555168 0.480601 0.603268 0.377638 0.822993 0.81129 0.801788 0.41224 0.0720729 0.845596 0.981168 0.782873 0.399233 0.266966 0.783173 
1.41778 1.85244 0.904233 1.9298 2.24073 1.72598 1.8881 1.08561 1.93122 1.74356 1.46353 2.01956 1.73203 1.70299 1.8088 1.09343 2.26339 1.10362 1.83901 2.69954 1.73727 2.0258 1.28709 1.18427 1.21961 0.928968 2.28864 1.53214 1.92347 1.23677 
1.85308 1.82703 1.15028 1.21329 1.25056 1.33245 1.13138 1.35641 1.11552 1.40616 1.47656 1.07019 1.38517 1.03179 0.732096 1.08855 1.45505 0.922167 1.78223 1.98292 1.29057 1.5328 0.820446 1.70819 0.833084 0.86462 1.37466 1.88625 1.49914 0.975678 
0.678317 1.1447 0.0389041 0.840509 0.317733 0.919495 0.142841 0.0360948 0.218296 0.757307 1.11677 0.394785 0.525569 0.950107 0.560654 0.137259 0.919071 0.221578 1.164 0.900268 0.435098 0.359126 1.04304 0.433882 0.56521 0.491972 0.930966 1.04534 0.752638 0.4933 
0.71447 0.737068 0.995498 0.517222 0.685714 0.309133 0.657248 1.49761 1.36434 1.0338 1.29352 1.26905 1.20797 0.879536 1.21245 1.18077 0.51211 1.11461 0.929187 0.761846 0.254765 0.715334 0.939062 1.58108 1.35475 0.471534 1.03158 0.976402 1.49252 0.582626 
0.474748 1.06839 1.19693 0.343779 0.491526 0.692334 0.565551 0.638475 0.304454 1.08293 0.8757 0.604364 0.782219 0.233008 1.14187 0.548152 0.951149 0.327979 0.878927 0.483179 0.434551 0.641547 0.240603 0.524883 0.972946 0.194784 0.380287 0.95686 0.236819 0.959635 
1.28234 2.07837 1.92797 2.37647 1.23786 1.86001 0.866782 1.45782 1.51468 1.76222 1.31851 2.29861 2.06685 1.44531 1.39931 0.940817 1.74754 1.82719 1.15177 1.60133 2.0091 0.98295 1.92907 2.21764 1.76812 1.32043 2.1885 2.20436 1.69609 1.50184 
0.781299 0.822872 0.258693 0.797992 0.65648 0.513435 0.0107014 0.449638 0.57154 0.784259 0.943134 0.0681138 0.498923 0.372842 0.66939 0.665061 0.307193 0.774292 0.435351 0.0608612 0.35675 0.471413 0.642286 0.195427 0.401455 0.674402 0.858525 0.794169 0.343393 0.908263 
1.31185 0.699505 1.86928 1.27748 2.02125 1.35776 1.36278 0.909377 1.36857 1.44892 0.500925 1.08671 0.980002 1.60494 1.28135 1.45181 0.146426 0.523952 1.41708 1.59648 1.55122 1.95026 1.77393 0.62345 1.09652 1.00795 0.749432 1.08682 1.09787 1.99561 
1.71114 0.614773 1.71532 0.891886 1.33228 1.81078 1.66418 1.25482 1.4623 0.616482 0.930199 0.866701 0.608169 2.27851 1.51001 1.94586 1.95841 1.54338 1.71484 1.41532 1.87686 1.40134 1.08235 2.16691 2.20452 1.22762 0.961213 0.706032 1.4844 1.08161 
1.58919 2.23525 2.30636 1.57146 2.04292 1.60897 1.72204 1.35148 1.04361 1.99523 2.25461 1.77909 1.12951 1.36484 2.1458 1.78982 1.81846 0.952967 1.68786 2.04964 1.79764 1.10941 0.689463 1.46097 1.34328 1.17445 1.62026 1.93157 1.16038 2.05222 
0.92379 1.01728 1.80013 1.6382 1.29436 1.09463 1.51795 1.11567 1.52784 1.39008 1.31952 1.40631 1.46729 0.995206 0.771218 1.36169 0.4908 1.3675 0.946343 1.40981 1.12973 1.49969 1.6194 1.36433 1.00609 1.18015 2.16709 1.0587 1.18617 0.607179 
0.680539 0.563741 0.772897 0.509881 0.649912 0.799334 1.05701 0.161025 0.925371 1.039 1.09521 1.01751 0.234141 0.475459 0.640965 0.683727 0.994061 0.821493 0.581935 0.0586002 0.737017 0.297133 0.242551 0.408039 0.839872 0.805433 0.72807 0.472073 0.396278 0.254861 
1.53453 1.84103 1.49605 1.73036 1.71822 0.833981 1.57931 1.95413 1.80961 1.05493 2.16035 1.52707 1.73473 1.3866 1.85849 1.59273 1.54875 1.55463 1.34114 2.40977 1.41205 1.30346 1.21252 1.54144 1.88915 0.778221 1.72695 1.07657 0.790532 1.58299 
0.296198 1.17903 1.53097 0.459722 0.30595 0.687374 0.530969 0.79722 1.42363 0.416713 1.76227 1.23358 0.836068 1.58463 1.19224 1.00115 0.63185 0.41755 0.265704 1.46253 0.636302 0.179926 1.21705 0.552233 1.44847 0.759602 1.44526 1.0168 1.08938 1.42286 
1.12543 0.67034 1.48137 1.60886 1.23207 1.64616 1.61416 1.29512 1.65357 0.873959 1.2995 2.08189 1.08826 0.62165 1.3417 0.290097 1.76023 1.32784 1.89712 1.67205 1.85712 1.65083 0.919215 0.576209 1.11284 1.45305 1.22642 1.2025 0.699011 1.21701 
1.22224 1.03815 0.946145 0.505476 1.70948 0.878078 0.789088 0.931144 1.44547 0.853621 1.14268 0.42049 0.735322 1.55719 0.848666 1.60605 1.0548 0.675239 1.58089 0.631294 1.46559 1.14705 1.30219 1.39997 1.47024 0.578694 1.1197 0.696785 1.66338 0.779475 
0.216435 0.855552 0.617305 0.372993 0.095809 0.943471 0.0871849 0.281257 0.140132 0.645309 0.506125 0.329027 0.727891 0.973859 0.005214 0.0976484 0.712076 0.487609 0.369585 0.86837 0.943606 0.370894 0.661528 0.822963 0.559995 0.544846 0.652865 0.377123 0.115602 0.511845 
1.54044 0.782883 1.17848 0.849259 0.829845 1.32578 1.193 0.735684 0.854004 0.775248 1.58212 1.05013 1.36476 0.885839 1.10753 1.31912 1.35178 1.6791 0.81801 1.45463 1.55761 1.26852 1.35394 0.386617 0.891613 1.14948 1.13898 1.34569 0.981347 1.64691 
0.91823 1.26069 0.571065 0.722731 0.280133 0.382255 0.2342 0.517551 0.608369 1.38242 1.09447 0.269021 0.372586 0.855485 0.164853 0.902539 0.641096 0.992945 1.16616 1.11816 0.947663 0.974928 0.343747 1.32746 0.727643 1.5996 0.348475 1.06883 1.38751 0.994304 
1.1498 1.17025 1.73282 1.57372 1.17396 1.0762 2.05297 1.4719 1.9884 1.37941 0.506069 0.358675 1.03868 1.8936 1.17682 1.04286 1.69119 0.837605 1.14374 1.03707 0.990688 1.46175 1.80346 0.792318 1.67538 0.813936 1.1097 1.31953 0.418266 0.977245 
0.793583 1.08901 1.20121 1.13296 1.56661 1.16668 0.936659 0.948264 1.04369 0.910224 0.742409 0.401232 1.28637 1.04091 1.11244 1.03539 1.32499 0.616336 1.1976 0.949773 1.06043 0.964566 1.18691 1.13944 0.981942 0.205482 0.903099 0.390326 0.182258 0.0961007 
1.45172 0.995516 1.35828 0.963259 1.74775 0.898212 1.13822 1.43921 1.46463 1.10442 0.833108 1.19558 1.28331 0.624254 0.994417 1.24597 1.20427 1.15932 1.87568 1.10495 1.10129 0.820612 0.774191 1.03926 1.44496 0.529735 1.27198 0.98322 0.452674 1.14572 
1.50114 0.58501 0.590219 1.49872 0.836872 0.885883 0.752615 1.05632 0.986782 0.483519 1.09058 1.38671 0.405332 0.902639 1.0617 0.379551 0.313283 1.29251 1.23175 1.11074 0.610402 0.892308 0.867711 0.564029 1.35375 1.07092 1.23876 0.244987 0.714056 0.815231 
1.93748 1.17777 1.01933 1.2222 1.86615 2.03106 1.74291 1.52153 1.07542 1.62652 1.30532 2.29722 0.864724 2.1679 1.21982 1.11914 1.07202 1.37786 0.945439 1.67226 1.76239 1.67985 1.99614 1.73442 1.07161 1.93108 1.17063 0.999044 1.84341 1.57154 
1.22145 0.355015 0.491385 1.00272 1.29914 0.863119 0.811077 0.791818 0.699338 0.796344 0.362413 0.770741 1.08084 0.730793 0.939961 1.06818 0.562711 1.2562 0.865973 0.259885 1.0188 0.558611 1.46648 0.88726 0.8566 0.258567 1.14049 1.35835 1.09997 0.779225 
0.619618 0.687157 1.22978 1.06715 0.592031 0.921947 0.5801 0.90677 0.278739 1.06978 0.385969 1.34751 0.437359 1.36845 0.845263 0.588738 1.25181 1.09006 1.23146 1.03363 0.432216 0.593155 1.2786 0.819558 0.760152 1.20908 0.280559 0.45997 0.535388 1.37118 
0.716032 0.599409 0.541497 1.212 0.608544 0.806216 1.01964 1.23398 0.483406 0.0684046 0.303461 1.24883 0.421113 1.07305 0.241528 0.61364 0.823241 0.74871 0.776171 1.09411 0.446186 0.313528 0.883931 0.477973 0.93322 0.853648 0.986405 0.901239 0.920506 0.604793 
1.87744 1.73887 0.720762 1.30881 1.26048 1.3137 1.27282 1.54367 1.21746 0.586117 0.960825 1.21315 1.16059 0.72045 1.49284 1.35041 1.64212 1.05874 1.29507 0.578774 1.49903 1.6782 0.835688 1.59629 0.78361 1.5071 1.82224 1.05044 1.10328 1.34824 
1.46918 1.25923 1.02137 1.33372 0.86242 0.835779 1.29777 1.45434 0.444298 1.2873 0.966354 1.24393 0.917332 0.923843 0.674127 0.479175 0.594623 1.24444 1.50469 1.48437 1.22304 0.888378 0.527352 0.984471 0.408506 1.17402 1.10572 1.08757 0.306725 1.30738 
1.03058 0.666952 0.989703 0.169156 0.101326 0.195681 0.148538 0.245051 0.987711 0.706599 0.385137 0.568846 0.778016 0.474147 0.864539 0.259526 0.491089 0.90423 0.547471 0.527141 0.766807 0.529851 0.442636 0.0400397 1.00951 1.00555 0.596845 0.382463 0.382477 0.351407 
1.26269 1.10237 1.14786 1.41624 1.48599 1.4592 0.89743 1.41401 1.0154 1.7465 1.42072 1.29929 1.47565 1.66124 0.545361 1.51468 1.23735 0.661592 0.717345 0.915648 0.760604 0.462806 0.585829 1.00086 0.573592 1.09465 1.4129 0.853183 0.903435 1.20723 
0.36376 0.905383 0.630909 0.667133 0.645668 0.888636 1.24046 0.350226 1.05706 0.944795 0.200234 0.603167 0.560726 0.821828 0.457847 0.678234 0.94995 0.925445 0.69845 0.497255 0.651428 0.536896 0.0729553 0.791074 0.572013 1.32899 0.625546 1.14939 0.937733 0.704195 
1.39408 0.255308 0.626424 1.12114 0.988497 1.54408 0.939648 1.18035 1.2005 0.569324 0.490708 0.775632 0.787235 0.752912 1.33789 1.73069 1.32012 1.47957 0.634295 0.424494 0.797514 0.210591 1.14552 1.00923 1.25688 0.852877 1.24882 1.55087 0.795735 0.442281 
0.607539 0.0462958 0.677139 0.67487 0.946816 0.811202 0.957053 0.272869 0.323266 0.54094 0.326688 0.752957 0.912367 0.00374701 0.539577 0.512853 0.89403 0.331391 0.931658 0.751058 0.709637 0.486682 0.561968 0.354183 0.72958 0.316155 0.941073 0.987281 0.0771774 0.416037 
1.48131 1.6597 1.41049 0.745147 0.899451 1.7232 0.855266 1.92142 1.56363 0.933178 1.5039 0.830411 1.62724 1.29113 1.61719 1.89028 0.361991 1.32946 0.706691 1.12427 1.12106 1.02885 1.32273 1.23917 1.47492 0.691555 1.213 1.68215 1.25308 2.14161 
0.920688 0.792133 0.683671 0.654747 0.186298 0.231973 0.706669 0.19093 0.924384 0.81037 1.12826 0.245908 0.294085 0.51379 0.699239 0.629061 0.529135 0.652557 0.52148 0.96168 0.993289 1.08946 0.910778 0.987282 0.885092 0.865141 0.463479 0.848725 0.794502 0.671307 
0.620061 1.17165 0.383805 0.685474 0.771435 0.747789 0.872508 0.974808 1.12303 0.593052 1.08025 0.603905 1.28191 0.839152 1.09207 1.18424 0.707514 0.682984 0.480467 0.409233 0.896935 1.1661 0.676506 0.757793 0.586108 0.882814 0.628975 0.98849 1.09581 1.21351 
0.298351 0.0275376 0.91311 0.814658 0.177178 1.09763 0.957447 0.923228 0.9028 0.298667 0.76798 1.09302 0.776053 0.18952 0.0674815 0.0642351 0.863571 0.826924 1.08353 0.921344 0.776143 0.65498 0.157453 0.249115 0.291551 0.983807 0.150067 0.777054 0.35519 0.704683 
1.37472 0.211591 0.967225 0.265761 0.264784 1.28417 0.926597 0.726907 1.36028 0.826462 0.803764 0.749851 0.955319 0.643653 1.53737 0.264045 0.321087 1.09978 0.367808 1.36796 0.668801 0.941069 1.34347 1.008 0.88442 0.747654 0.971236 1.50907 0.743907 0.928401 
0.677009 1.01309 1.49862 1.83014 0.673912 1.67432 0.916827 0.981736 1.35549 1.60044 0.994629 0.53277 1.50833 1.4811 1.44859 0.602987 0.815986 1.17371 0.325475 1.92061 1.59157 1.27678 1.17751 0.76755 1.37042 1.21351 0.929236 0.371597 0.93755 0.82556 
0.99092 0.68157 1.62495 1.01001 1.12861 0.874462 0.718144 1.57963 0.764326 0.927016 0.994831 1.18224 0.534009 0.860716 0.462868 0.476617 0.959265 0.43268 1.19766 1.01612 0.652642 0.59877 0.813491 1.15267 0.791971 0.256016 0.770586 1.03965 0.733004 0.260001 
0.683851 0.335335 1.01508 0.27555 0.903416 0.440348 0.531328 1.19531 0.599743 0.114622 1.0188 0.910541 0.0188638 0.527843 0.19322 0.608224 1.10564 0.787161 0.443102 0.459102 0.426438 0.540309 0.315903 0.646299 0.642378 0.718465 0.482802 0.195483 0.170645 0.826075 
0.620495 0.767447 1.17487 1.08407 0.512661 1.00178 0.813196 0.610533 0.848965 1.35675 0.919149 1.1465 0.532864 0.937195 0.434568 0.784346 1.51201 1.02171 0.747902 1.01267 0.385176 0.407845 0.551062 1.22673 1.11228 0.789599 0.647309 0.733429 0.74737 0.873016 
1.50347 2.27302 1.94953 1.92816 2.11046 1.63267 1.91475 1.30358 2.19592 1.39069 0.921485 1.18987 1.05719 2.33077 1.50963 1.78794 2.18699 0.789512 1.21715 1.67401 1.47076 2.00575 1.85897 1.88375 2.31546 1.10783 0.920573 1.72294 1.19597 1.61048 
0.623531 0.499526 0.928363 0.675278 0.308823 0.487128 0.838828 0.66355 0.982936 0.694277 0.609912 0.881092 0.925261 0.926821 0.539356 0.468206 0.700948 0.277372 0.643843 0.226036 0.862897 0.573543 0.118995 0.60443 0.85818 0.488648 0.461797 0.638024 0.709992 0.0362195 
1.74653 0.764457 1.89314 1.54907 0.603981 1.16103 0.713015 1.93514 0.940684 1.9697 1.71366 1.79513 0.781339 1.16849 1.22387 1.41473 1.81012 0.779166 1.65946 2.13096 0.939988 0.968571 1.57635 1.28404 0.983265 1.03754 1.00783 0.102103 1.44468 0.544621 
0.59939 0.827952 0.860037 0.377855 0.355599 0.514658 0.558635 0.454381 0.550753 0.707775 0.739879 0.554421 0.41841 0.291949 0.499051 0.753527 0.114948 0.728323 0.397915 0.830176 0.492278 0.320337 0.707135 0.257828 0.455233 0.990466 0.96551 0.329941 0.313468 0.575055 
1.41523 1.28008 0.871811 0.807201 0.512449 1.95016 1.3289 1.11348 0.827645 1.44623 0.898342 1.20282 1.39966 1.16898 0.650151 0.696175 1.53954 1.3072 0.975498 0.884471 1.31495 1.42153 0.553729 1.22741 1.24109 0.719198 1.223 1.27604 0.90243 1.62893 
0.856874 1.49494 1.79894 1.59875 1.62886 2.27754 0.767426 1.33974 1.59622 0.860319 1.7748 1.23294 0.868898 1.5363 1.92669 1.4045 0.954377 1.4875 0.944367 1.29413 1.22129 1.05135 1.41544 1.71705 1.86815 1.05856 2.15361 1.34352 1.94436 1.87529 
0.613357 1.35385 1.47513 0.346128 0.550276 0.6574 0.622497 1.20585 0.269407 1.44434 0.408681 1.13211 0.467371 0.237578 1.39264 0.458709 1.42541 1.09635 0.885369 0.968991 0.56258 0.740418 0.150986 0.443706 1.45789 0.444236 0.996743 0.438654 0.542662 1.09405 
1.11869 1.32445 1.08182 0.544179 1.31387 0.611367 0.536005 0.423897 0.693353 0.837117 0.701509 1.17399 0.160477 0.776503 0.389463 1.29868 1.02205 0.693204 1.26306 1.09246 1.13022 0.266693 0.307532 0.924211 0.443806 1.11903 0.753568 0.394025 0.821057 0.516935 
0.745314 0.604057 1.17657 0.754789 0.688922 0.889725 0.652943 0.83341 0.566128 0.562771 0.859007 1.40736 0.544744 0.889225 0.895005 0.602158 1.07314 0.759866 1.48604 0.86346 0.336326 0.540756 0.877211 1.29022 1.03186 0.926105 1.46936 0.576831 1.02255 0.961729 
0.553913 0.635733 0.41125 0.783861 0.25396 0.313246 0.954451 0.602894 0.176345 0.0166849 0.998366 0.628971 0.759954 0.651431 0.534681 0.923892 0.812543 0.139709 0.925074 0.301402 0.888436 0.157487 0.808037 0.0709462 0.892659 0.402649 0.982675 0.171261 0.437353 0.855379 
1.01294 0.59876 1.58366 1.76946 0.260492 0.441296 0.676934 0.486452 0.526123 1.17337 0.913811 1.00362 1.08889 0.747072 0.70698 0.957121 1.17854 0.186075 0.826035 0.595644 0.994294 0.724182 1.00982 0.966045 0.0776535 0.727245 0.978535 1.25153 1.04686 0.57652 
1.52121 1.17393 1.71642 1.61669 1.1791 1.40465 0.791173 1.34094 1.1743 2.21382 0.795319 1.28762 1.49461 2.04312 1.04368 0.701529 1.09652 1.59601 1.84739 1.21421 1.0609 1.13399 0.963596 1.018 0.981613 1.61211 0.496826 1.15973 1.59195 1.16524 
0.45976 0.935569 1.05342 0.660641 0.288284 0.319098 0.220843 0.353542 0.196048 1.12796 0.801066 0.614494 0.729244 0.406672 0.673567 0.435756 0.897515 0.425087 0.200404 0.340951 0.931976 0.345608 0.104382 0.532131 0.418843 0.936591 1.11795 1.05646 0.346949 0.490142 
0.893255 0.375207 0.635109 0.555617 0.311773 0.154783 0.977417 0.281453 0.120182 0.233187 0.116582 0.849825 0.236847 0.422995 0.186975 0.599265 0.0664105 0.946187 0.932871 0.333384 0.38281 0.490332 0.389807 0.943515 0.847299 0.796499 0.47639 0.331251 0.5889 0.593846 
0.960087 0.962528 0.724743 0.326766 0.794259 0.883964 0.883988 1.07728 0.856644 0.326599 0.697005 0.348376 0.872399 1.03028 0.706932 0.645802 1.28186 0.757903 1.23227 0.786635 1.16231 1.11423 0.530432 1.07689 0.941712 0.509815 1.17999 1.0092 0.999426 1.08718 
1.62532 1.09025 1.17564 1.48391 1.81221 0.677011 1.93688 1.37769 1.62246 2.01623 0.682972 1.38327 1.62765 1.98583 1.86953 1.5594 1.35102 0.733262 2.11595 1.49306 2.10637 1.40919 1.64266 2.09 1.28474 1.93487 1.13854 1.02693 1.4684 1.44558 
1.03809 1.14955 0.611131 1.37529 1.02339 1.57248 0.887004 0.586827 1.83171 1.34704 1.20243 0.926953 1.5121 0.683734 1.77852 0.790029 1.09398 1.18673 0.273022 1.08269 1.64015 0.718318 0.89917 0.707976 0.463461 1.12833 0.809579 0.416123 1.6977 0.851574 
0.607006 0.0175253 0.598266 0.874778 0.795355 0.826264 0.998514 0.502505 0.472655 0.545213 1.12533 0.807374 0.706335 0.881552 0.340945 0.185545 0.629069 1.00595 0.644646 0.214202 1.01246 0.691843 0.478887 0.49637 0.64072 0.765122 0.729202 0.629607 0.605313 0.977451 
0.889521 0.402991 0.366426 1.24793 1.10169 0.985602 1.25837 1.11974 0.706761 0.907015 0.214249 0.863695 1.24315 0.688179 0.920389 0.881673 0.405091 0.836229 0.850413 0.511907 1.02619 0.46176 1.22335 1.17878 0.539139 0.24407 0.664601 1.50283 0.773323 1.08073 
0.326598 0.166553 0.301149 0.117072 0.425006 0.235469 0.455429 0.202402 0.0489419 0.345453 0.2676 0.345734 0.307605 0.173813 0.195193 0.28695 0.343058 0.257815 0.0384037 0.163835 0.433721 0.248697 0.242135 0.419081 0.430867 0.293391 0.370328 0.157586 0.450364 0.325042 
1.14395 1.20579 1.23844 0.458483 0.599359 0.601383 0.40852 0.546204 0.533164 1.0411 0.667948 0.701634 0.86484 0.914587 0.421103 1.32904 0.854077 0.544136 0.620213 1.1218 0.796361 0.643273 0.240496 1.38148 1.0802 0.69013 0.592339 0.637079 1.13074 0.660003 
0.919946 0.867359 1.08957 1.1322 0.867698 1.3891 0.788474 1.4366 1.08369 0.183871 0.461585 0.462873 0.924812 0.360776 0.152704 0.408185 0.535687 0.57652 0.588408 0.555732 0.887828 0.420911 0.856425 0.980776 1.07281 0.0172632 0.767514 0.49919 0.197842 0.257557 
1.32439 1.01176 1.6379 0.383755 1.55572 0.728845 1.06113 0.916385 1.47778 1.05407 0.34852 1.76284 1.60007 1.64988 1.41256 0.160639 1.33015 0.365854 0.909017 1.44571 1.01362 1.14537 1.51849 0.92278 0.455456 0.737121 0.596116 1.20132 0.945403 1.07165 
0.827833 1.1932 1.3482 1.15453 1.65846 0.862964 0.738658 0.679489 1.55975 0.955559 0.781508 0.349469 0.320092 1.07309 0.905667 1.15671 0.231605 0.848739 0.770324 1.19392 1.12429 0.793094 1.145 0.942216 0.998864 1.11997 1.36029 1.25309 1.21569 0.993256 
0.238833 0.593589 0.905846 0.146382 0.713973 0.761675 0.31397 0.846702 0.20205 0.514793 0.536014 0.5891 0.0514277 0.0338392 0.264233 0.35991 0.87428 0.260209 0.531235 0.272059 0.117989 0.629106 0.667836 0.914214 0.175057 0.236981 0.0134017 0.537236 0.564494 0.638426 
1.24486 0.696204 0.848826 0.748132 1.79841 1.05789 0.804145 1.23752 0.974801 1.1052 1.39679 0.563812 1.09412 0.540075 1.57264 1.09811 0.497266 0.989757 0.757227 1.40895 1.45008 1.19915 1.42639 0.322561 1.1625 1.11003 0.900261 0.918229 0.561318 0.840247 
1.69781 1.74965 1.48948 0.570424 0.970792 1.33598 1.91741 1.85721 0.109929 1.70143 1.32388 1.1168 1.32348 1.44767 0.699052 2.05248 2.22249 1.95185 1.20544 1.63069 1.30978 1.34814 1.34465 1.18994 0.651837 1.66484 0.457591 1.77181 1.13099 1.09976 
0.969313 0.607746 1.21495 0.446209 0.251105 0.370747 0.916963 0.914323 0.332901 0.843018 0.819819 0.512995 0.547039 0.433416 0.37758 0.313661 0.626243 0.632663 0.862403 0.891268 0.835281 1.02253 1.08553 0.323586 0.327485 0.944491 0.280256 1.00013 0.832484 0.502938 
0.591254 1.72542 0.258781 1.59761 1.04971 0.484314 1.18186 0.974725 1.26313 0.47258 0.462697 0.95942 0.562274 1.22079 1.06705 1.78737 1.14218 1.01807 0.813794 1.46652 0.379767 0.438364 1.26104 1.4202 0.952583 1.51495 0.254361 0.944449 0.867566 1.00203 
3.08368 1.95382 1.79389 2.42573 2.20462 2.82465 1.03891 1.95962 2.70899 2.0107 1.81112 1.6503 3.25971 2.26498 1.56617 2.66748 1.81838 3.07788 2.59279 2.38068 2.71566 2.08478 2.92719 1.74942 2.72569 2.4 2.76028 2.66299 2.30512 2.4409 
2.49158 2.70168 1.74699 1.77203 1.49406 2.33555 2.8849 1.81484 2.85086 2.90208 2.06788 2.95836 3.35316 3.08513 2.1328 1.33543 2.62536 2.76882 1.98831 2.91048 3.25925 2.54238 1.98155 1.83655 2.52801 2.37299 2.4608 3.12908 2.161 2.67898 
0.786193 1.67977 0.720204 0.92108 0.681418 1.45036 0.853462 1.53503 0.921592 1.55193 0.662481 1.05207 1.08691 1.39673 0.560478 1.00684 0.931754 1.22266 1.72615 0.809497 1.02458 1.49653 1.21249 1.07973 1.19926 1.73946 0.886769 1.09137 1.01785 1.80066 
1.53569 1.15516 1.26984 1.09548 2.69332 2.30126 2.01957 1.72575 1.61751 1.95027 1.40311 1.80908 0.817119 1.50456 1.6838 0.872229 2.53872 0.68429 1.89428 1.52782 1.65665 1.76908 2.30246 2.30864 2.42132 1.412 0.76206 2.03739 1.20281 2.14381 
0.881487 0.75005 0.420612 0.985595 0.911818 0.461126 0.24046 0.657114 0.615951 0.328735 0.424293 0.961749 0.565369 1.1648 0.711307 1.05104 0.684374 0.900084 1.07733 0.456173 0.689897 0.76152 0.436276 0.358258 0.914629 0.906762 1.30193 1.13599 1.16263 0.620191 
1.55175 1.76547 3.02491 1.96169 1.43995 2.07295 1.50982 1.76566 2.44007 1.62818 1.07069 1.1076 1.40872 3.20724 2.17501 1.95685 1.81826 1.40088 1.61085 2.90215 1.88903 1.30737 2.16103 2.35229 2.36013 2.13315 1.23905 1.69553 1.81053 2.01952 
1.18952 1.18165 0.637833 1.05063 0.360553 0.269599 0.976463 1.32406 0.774429 0.662098 0.676644 0.741131 0.596427 0.946518 0.660894 0.427323 0.790881 0.422148 1.10131 0.865359 0.529009 0.637145 1.18638 1.33089 0.577524 0.570994 0.829117 0.685407 0.484091 0.610522 
2.65236 1.51959 1.33526 1.6486 1.17401 1.43217 1.34835 1.38715 1.57772 1.27134 1.6914 2.04582 1.18307 1.49027 1.53621 1.72902 2.21567 0.730162 1.15847 1.75631 1.7779 1.46272 1.13981 1.96318 1.11824 1.22401 1.38323 0.861426 1.57373 1.00576 
1.03865 0.37098 0.432168 0.858648 0.957379 1.38724 0.1878 0.829847 1.02768 0.837923 0.917625 0.619646 1.0813 1.32447 0.700772 0.595847 0.658962 1.23946 0.794274 0.587768 0.23644 0.448158 1.0788 1.05421 1.34951 1.13434 1.16835 0.478512 1.37362 0.449845 
0.274117 0.774256 0.40501 0.85014 0.884159 1.04904 1.43414 1.207 1.07589 1.03567 1.38823 0.351832 1.12906 1.24319 0.767353 1.08812 0.921433 0.737386 1.31448 0.847216 0.789026 1.07584 0.47393 0.905325 0.814642 1.02837 0.241286 0.605652 0.202284 1.01704 
0.555353 0.508735 0.775711 0.146858 0.322584 0.988981 0.852304 0.129433 0.575477 1.11751 0.647521 0.60953 0.778074 0.84583 0.600942 0.532362 0.467626 0.565264 0.895588 0.50395 0.442398 0.615058 0.559476 0.623319 0.693758 0.415826 0.528161 0.709251 0.999072 1.12577 
1.2517 0.570644 0.996215 0.171187 0.617474 0.450958 0.82544 0.259124 1.19949 0.804872 1.02668 0.630834 0.708469 1.19512 0.672618 0.668935 0.632648 0.917397 0.95808 1.56094 0.97455 0.37568 0.878243 0.712264 1.17895 1.29027 0.782243 0.832025 0.974448 0.567056 
1.87294 1.43121 1.22275 1.50841 1.79519 2.12136 2.35223 2.50443 1.43334 1.73768 2.06791 1.45228 1.80731 2.86091 1.74222 1.23697 0.959304 2.13856 1.88638 1.13449 0.896457 1.35426 1.69739 2.54717 2.18707 2.28292 1.56986 1.89762 1.40735 1.60706 
0.871223 1.3975 1.54502 0.63414 0.853319 1.54565 0.559177 1.27899 1.39519 0.542461 1.18758 0.463424 1.06268 0.959898 1.16501 1.3231 1.00563 1.81119 0.927434 0.924736 1.58997 1.15055 1.19866 1.18048 1.15481 0.860112 1.10949 1.78779 1.63176 0.744298 
1.02548 0.638742 0.429639 0.336306 1.31155 0.623557 1.13217 0.388907 0.202664 0.951815 1.10945 1.28946 1.22436 0.837357 0.522276 0.559042 0.934842 0.609975 0.58232 0.807993 0.95866 1.01481 0.915836 0.417744 0.892437 1.00343 0.607145 1.0307 1.28427 1.21659 
2.57798 2.48486 2.60525 1.82323 2.87203 3.63387 2.4952 2.56078 3.63633 1.50899 3.02743 2.76685 2.18098 2.29137 2.46675 2.10161 1.54913 3.47913 2.06612 2.79263 1.51704 2.75961 3.97593 2.11148 1.76968 2.90116 2.7451 2.97256 1.89924 3.13121 
0.448428 0.464384 0.325464 0.210506 0.18888 0.410192 0.983925 0.984806 0.934194 0.642505 0.381412 0.212817 0.384692 0.818529 0.66408 0.0555994 0.718937 0.355007 0.776053 0.724585 0.40333 0.44566 0.685925 0.531686 0.333708 0.422489 0.835849 0.522536 0.254882 0.374339 
1.80089 1.98477 1.14948 1.04001 1.4597 1.64299 1.02554 1.69738 2.21889 1.53828 0.965814 0.642455 1.52699 1.15896 1.23208 0.893817 1.16058 0.672602 1.59884 0.485619 1.25633 1.33138 1.08554 1.00636 1.27967 1.09625 1.53472 0.795175 0.596057 0.43982 
0.492903 1.05886 0.402932 0.719894 1.17192 0.614455 0.436672 0.625003 1.18792 0.83049 0.626798 0.865266 1.10314 0.748356 0.991115 1.40384 1.53228 1.05979 0.731046 0.786668 0.950021 1.22853 0.332868 0.728601 1.59816 0.750161 1.50851 1.0294 0.492508 1.10779 
1.36505 0.75358 1.93047 2.15506 1.14844 1.84591 1.68661 0.645184 0.892931 1.49268 0.950637 1.4414 1.92828 0.895701 1.03862 0.790947 2.04939 1.27909 1.41033 1.56063 1.2135 1.70572 1.03526 1.33768 1.6664 1.75366 1.50004 1.61398 0.90379 1.5539 
1.27223 1.1643 0.929153 0.851486 0.768564 1.18252 1.15176 1.01585 0.924842 0.887598 1.04054 0.613275 0.325851 0.831162 0.900698 0.919555 1.3745 1.36391 1.22945 0.923106 0.983244 0.627388 1.17734 1.39438 0.996652 0.341065 1.25577 1.30951 1.15542 1.40578 
0.232232 0.223962 0.281986 0.440677 0.726052 0.741713 0.968326 0.431707 0.856086 1.17347 0.58086 0.55231 0.412417 0.330388 0.619073 0.23138 0.776747 0.700978 0.758519 0.304592 0.800958 0.882038 0.595827 0.41047 0.812118 0.344162 0.292175 0.421497 1.08907 0.409272 
1.70231 2.91368 2.7363 0.899764 1.83008 1.52046 2.02742 1.58328 1.05561 2.06681 2.22936 2.22585 1.52294 0.881325 1.79923 1.17237 2.74519 2.77634 1.67153 1.51554 1.34688 2.33728 1.31387 1.53942 2.37925 1.74852 1.69141 2.14937 1.39844 2.19009 
0.455441 0.927097 0.583032 1.05825 1.45223 0.757998 0.958568 1.24224 1.53865 1.58818 0.17471 0.93969 1.2323 1.17494 0.266276 1.08429 0.701078 1.21881 1.32256 1.02825 0.135225 1.01158 0.939886 0.955622 0.532652 0.829402 1.15088 1.50304 0.388764 1.13798 
0.608993 0.52766 1.0512 0.633102 0.728756 0.774717 1.46453 1.14577 1.29589 1.00816 1.27864 1.38292 0.162812 1.13291 1.45867 1.24903 0.946417 0.781945 1.30762 0.400807 0.773338 0.85461 1.32398 1.4844 0.772292 0.945488 1.07625 0.723298 0.779765 1.37483 
1.86728 1.09119 1.78096 1.46843 1.87355 0.518121 1.42467 1.81875 1.88426 2.11511 0.933893 1.13435 1.93137 1.38872 1.31079 2.03326 1.57772 1.16986 1.0677 1.41071 1.03819 1.06084 0.975643 1.13547 1.8501 1.11107 1.7173 1.58944 1.05965 2.06744 
1.0913 0.208395 1.21899 0.983984 0.541553 0.170999 0.894153 0.750164 0.633416 1.74253 1.02537 1.10038 0.725383 0.734026 1.58824 0.979528 0.366781 1.58207 0.813974 1.05429 1.08685 0.25216 1.10596 1.30967 0.847166 1.10279 0.510044 0.39885 1.15433 0.558532 
0.54776 1.43913 1.8983 1.3777 0.779344 0.311716 1.40186 0.86915 1.60341 0.789315 1.22727 1.08487 1.61835 1.32128 1.22984 1.68085 1.18208 0.770833 0.352365 1.16058 1.03669 0.808005 1.70439 0.553061 1.83013 0.564568 0.985142 1.00962 0.721831 1.32407 
0.597785 0.928586 0.976841 0.310729 0.975074 0.917107 0.949464 0.551756 1.10589 0.450241 0.556442 1.06212 0.719425 0.510742 0.54094 0.654352 0.402942 0.815844 0.531247 0.483462 0.682138 0.772283 0.928691 0.817852 0.939114 0.710263 0.754846 0.966934 0.721562 0.942239 
0.234374 0.708016 0.783617 0.658982 0.69479 1.05644 1.24163 0.817697 0.830355 0.379914 0.840108 0.920924 1.315 0.939109 0.415078 0.718575 0.799688 0.588647 0.888162 0.518538 0.679284 0.737147 0.585819 1.12726 0.122497 0.978398 1.41273 0.788539 0.660905 0.795102 
1.81 0.796613 1.76055 1.18363 0.562709 0.646716 1.50829 1.37015 1.14623 0.993218 1.91091 2.12124 1.02034 1.41771 1.61186 1.8331 2.04816 1.34861 1.7332 1.46447 1.27094 1.01275 1.68696 0.905182 1.66865 1.01761 2.24702 0.447138 1.27496 2.33217 
1.35819 1.36704 1.77185 2.69876 1.23755 2.40404 2.3895 1.99309 1.49546 2.10203 2.01439 1.00656 2.82622 1.85125 1.20336 1.43857 1.53087 2.18111 2.74678 1.60928 2.22134 1.32431 1.11762 1.74139 1.68474 1.35024 1.55558 2.82442 0.367275 1.45357 
1.84145 1.34011 1.95945 1.73619 1.56698 1.27324 0.515882 1.21182 1.60651 0.717242 1.0833 1.13283 1.12575 0.880643 1.82493 1.45178 1.44262 1.17082 1.20307 1.13241 1.48068 1.76104 0.765754 1.49362 1.21103 1.14842 1.17893 0.879915 1.90323 0.804179 
0.889115 0.947816 1.11364 0.136869 1.08147 0.729043 0.544488 1.06637 0.532066 0.896355 1.10446 0.512342 0.855231 0.333499 1.21383 0.9682 0.647591 0.798443 0.981355 1.04436 0.216784 1.18036 1.22751 0.299863 0.80702 0.954235 1.17999 0.390396 1.07445 1.23994 
0.706507 1.28233 1.56302 0.847781 0.794741 1.69498 1.57799 1.92237 1.53894 1.00359 0.577593 1.8765 1.50729 1.3244 1.64514 1.17787 0.807038 1.28196 1.47697 0.947219 0.923021 1.26316 1.66967 1.41129 1.35927 1.37678 1.73836 1.78504 1.60667 1.76852 
0.0380347 0.308752 0.551437 0.70014 0.987366 0.44056 0.607747 0.956473 1.14203 0.455126 1.2203 1.21385 0.964566 0.378878 1.01537 1.15394 0.141427 1.06576 0.141197 0.82548 0.578917 0.827253 1.07842 0.524361 0.613677 0.746277 0.792511 0.588419 0.617082 0.324012 
0.574999 2.10592 1.58267 1.21308 1.54034 2.05241 1.4312 1.42712 0.4633 0.334929 0.922352 1.18661 1.7644 1.17377 1.5208 1.82695 1.52357 0.523891 1.40467 1.69914 1.38322 1.47585 1.20896 0.666003 1.71097 0.247971 1.3318 0.884847 1.4498 2.24296 
1.51568 0.75297 1.3612 2.30933 1.40644 1.63132 0.936611 1.68161 1.69201 1.41199 2.23849 1.72671 0.644941 2.41651 1.78492 0.963106 2.1491 1.72401 1.58744 1.98265 1.45357 2.01738 1.22483 1.30247 1.40673 1.36087 1.40064 1.58696 1.61246 2.02613 
1.05619 0.595048 0.476249 0.495569 0.693144 0.72002 0.921354 0.958953 0.166996 0.797614 0.508928 0.709102 0.529563 0.454104 0.552615 0.391892 0.532153 0.504271 0.665961 0.519235 1.06895 0.264708 0.549727 0.565305 0.462481 0.268682 0.748144 0.518397 0.627128 0.640576 
1.75251 0.59322 1.13579 0.860161 1.35623 2.35229 2.38422 1.75795 1.04828 1.71214 1.27896 0.95325 1.69377 1.91215 1.69698 1.4218 2.0066 1.31823 2.68311 1.64738 1.00993 1.49099 0.9581 1.52996 0.776869 1.36778 1.97405 1.87787 1.65877 1.69646 
1.09615 1.08258 1.31047 0.894482 0.404869 1.396 1.2251 1.51521 0.965521 1.5857 0.847242 1.15089 1.35568 1.33716 1.63692 1.1768 1.44448 1.10818 1.68154 1.06487 1.31627 1.02812 1.54191 1.51851 0.743182 1.27331 1.73153 0.736148 1.65253 1.07778 
0.741948 0.560642 1.19484 1.11194 0.1488 0.710685 1.06773 0.876294 0.172733 1.13714 0.824741 0.712268 0.617507 1.04862 0.904119 1.21597 1.04638 0.733161 1.29517 0.676248 1.06583 1.10377 0.351732 1.03292 0.437306 0.883467 1.23204 0.186904 0.997447 0.378148 
1.16121 1.54567 1.23515 1.85726 1.6318 1.18969 0.808581 0.82993 1.36984 1.55904 1.04065 1.11689 1.13966 1.30929 1.17056 0.515535 1.10094 0.761264 0.990681 1.11466 1.16287 0.775561 1.04483 1.48043 0.937367 1.78504 1.23687 1.32911 0.388492 1.06064 
1.03543 0.851671 1.01028 0.35491 1.10053 0.606295 0.67585 1.12337 0.72649 1.15587 0.526736 1.11606 0.846718 0.888343 0.644569 0.183483 0.960332 0.177926 1.33063 0.915274 0.400579 0.944624 0.954233 0.578179 0.494042 0.249799 0.247985 0.574703 0.249483 0.163876 
1.33552 1.05053 0.355471 1.22911 1.21442 1.53471 1.15823 1.28952 1.08446 1.1057 1.42571 1.32722 0.949611 0.689633 0.35512 0.632047 1.65088 0.839641 0.557196 0.925287 1.63696 1.67777 0.798702 1.26094 1.73306 0.648117 0.962383 1.45389 0.668003 1.67156 
1.21965 1.54129 2.36455 0.366432 1.34538 1.01028 1.30129 1.24392 1.37123 1.31018 1.93637 1.93939 1.05465 1.52718 0.265294 1.35676 1.20217 2.19262 1.70938 1.47277 0.997801 0.60376 1.60035 0.663494 0.94435 0.889267 0.652768 0.81806 1.31203 0.79996 
0.785957 0.319652 0.58842 0.642356 0.912493 0.820009 0.322527 0.673597 1.10054 0.367474 0.23447 0.574454 0.279252 0.370864 0.796933 1.149 0.293119 1.03508 1.23631 0.555499 0.975484 0.789895 0.955737 0.717501 0.880618 0.91502 1.00973 0.357358 0.498526 0.530722 
0.909357 1.10487 0.92593 1.46306 2.01398 1.46664 1.78712 1.85748 1.46847 1.93902 0.710345 0.936295 0.678337 1.26136 0.985255 1.61828 1.2131 0.802633 1.21359 0.930001 1.4883 1.58528 0.761742 1.59273 1.43334 1.58736 1.42117 1.18108 1.42892 1.34144 
0.39763 1.33837 1.09262 1.10937 1.09679 1.54476 1.20172 0.54849 0.841123 1.30648 1.0245 0.621085 0.522239 1.41501 0.956015 0.938748 1.18739 0.895153 0.947091 1.35566 1.15408 1.07282 1.523 0.712014 0.556898 0.467563 0.642826 1.32659 1.49972 1.33906 
0.988459 0.220612 0.198247 0.974625 0.299006 0.448781 0.196058 0.437121 0.975946 0.70941 0.146958 0.943675 0.721991 0.716114 0.722808 0.49519 0.229969 0.513467 0.879746 0.951266 0.813049 0.881279 0.968078 0.254663 0.708441 0.901728 0.913422 0.833881 0.356849 0.7605 
0.750209 0.767772 0.727831 0.525891 0.777366 0.296457 0.935606 0.968224 0.717929 1.58376 0.736584 0.270581 1.15341 0.268526 0.906139 1.31854 0.748789 0.528434 1.21994 0.932108 1.40139 0.507128 0.442996 1.16917 1.15253 0.895141 1.04406 0.757243 0.762736 1.03403 
1.83658 1.31833 2.21692 1.94395 1.12875 1.84146 1.59618 2.21746 0.96203 1.6649 1.52211 1.12062 1.38856 1.72331 2.35708 2.79988 1.54744 1.77684 2.61523 1.33478 1.38084 1.66374 1.63181 1.13859 1.10305 1.71493 2.54261 1.16452 1.21882 1.24086 
1.97094 1.02777 1.44693 1.2737 1.61113 1.87132 1.61464 1.77095 1.88283 1.62129 1.9926 2.09346 1.45397 1.9992 1.71903 1.63098 1.52206 2.12662 0.907835 2.26199 2.33038 1.64436 2.35025 1.4784 1.76597 1.4151 1.76091 1.912 2.13996 2.07422 
1.1059 1.05326 1.17037 0.971275 1.47041 0.88203 0.614009 1.48407 1.19834 0.788661 1.65003 0.521995 0.623558 1.1914 0.414042 0.851436 0.916262 1.15956 1.27104 1.32049 1.35001 0.670775 1.24052 0.974477 0.993411 1.03882 1.10895 0.764843 0.979225 0.435936 
1.111 1.11942 1.71891 1.11566 0.126479 0.829442 1.63409 1.25892 0.520089 1.18365 0.898985 0.827577 0.629954 0.696183 0.878301 0.638938 0.341329 1.4647 1.69699 1.16034 1.00566 1.0545 0.613427 1.18694 0.970524 1.33905 1.09285 0.774673 0.880472 0.545348 
0.88879 1.56556 1.06706 0.345422 1.35025 0.664304 1.13772 0.998095 0.610955 0.886316 1.04997 1.28886 0.792673 0.952738 0.577643 1.44613 1.49195 0.392471 1.49036 1.76653 1.73227 0.98638 0.865429 0.849236 0.0823147 0.908861 0.845455 0.983656 1.0859 1.16199 
1.219 1.15124 1.78456 1.01902 0.294033 1.50397 1.6517 1.42198 1.1621 1.33099 1.53329 1.20787 1.45767 1.29462 0.902365 1.18194 1.53237 1.76812 1.12956 1.19656 1.77343 1.19447 1.60725 1.33873 1.27275 1.67379 1.41716 1.72622 1.79079 1.43414 
0.870006 1.81263 1.10192 1.36454 0.560857 1.23305 1.33679 0.622118 0.757822 1.46146 0.837386 0.49192 1.12107 0.878391 0.934774 1.63584 0.874985 0.850378 0.925174 0.98842 1.03856 1.19181 1.04331 0.842719 1.18704 1.23751 1.13742 1.53141 1.09874 1.34314 
0.486045 0.640085 0.344044 0.903118 1.2993 0.389646 1.23397 1.14254 0.903911 1.13104 1.26103 1.22073 0.240268 1.75035 1.11276 0.900676 0.299226 0.780322 0.457981 1.05275 1.48645 0.90543 1.58133 1.62938 0.537967 1.61412 0.980539 0.955479 0.505119 1.23448 
2.19817 2.17561 2.5297 1.93637 1.63997 1.2509 2.53291 1.71896 1.73942 1.15045 2.62039 2.40292 1.569 2.63637 2.22777 1.56966 2.502 2.68344 2.5003 3.05104 1.95093 2.42757 2.25462 2.53556 2.75464 1.86175 1.67561 2.57873 2.25417 1.97494 
0.807487 0.875856 0.24303 1.06191 1.59722 1.34116 0.595735 0.893156 1.08521 0.397679 1.05123 1.43871 1.09276 0.740004 1.04559 0.868017 1.11481 1.20383 0.80987 0.779837 0.626123 0.884786 0.845867 0.638892 0.397703 1.45347 0.356384 0.436337 0.92302 1.11407 
1.93945 1.1179 2.09538 1.44426 0.612994 1.17286 1.23515 1.05961 1.44518 1.43158 2.14304 1.09072 0.891805 1.36472 2.46861 1.26071 1.15261 2.33565 1.30598 2.35766 1.94279 1.28603 1.90798 1.54503 2.75314 1.5746 1.73896 1.46048 1.49394 1.86009 
0.68409 1.03662 1.22113 0.485679 0.11766 1.08938 0.378838 1.1234 0.623741 0.428682 1.08597 0.561513 0.907085 1.16522 0.952064 0.767949 0.821332 0.94122 0.872196 0.554016 1.19013 0.864667 0.764635 0.308373 0.849915 0.575139 0.358439 0.667959 0.919424 0.962185 
0.259084 1.06842 0.670968 1.12371 0.774222 0.98654 1.21864 0.736324 1.63309 0.94637 1.22267 0.307681 0.880427 1.61444 1.72501 1.21106 1.49589 0.717154 0.812051 1.40726 1.34877 0.797281 0.953401 0.294274 0.660994 1.20295 1.32994 0.985155 1.36533 0.549487 
0.843601 1.25984 1.23559 0.788628 1.31813 1.42266 0.938513 0.613548 1.37472 0.430597 1.4091 0.898383 0.841311 1.18465 0.612209 1.33742 1.37232 0.352536 1.6761 0.644424 0.82872 0.799431 0.506638 1.44976 1.11786 0.226008 0.655384 0.967274 0.705171 0.611681 
1.12283 1.20303 0.164164 0.494712 0.365206 0.433545 0.701156 0.371008 0.797603 0.490326 0.708448 0.351255 0.883815 0.743758 0.136362 0.396421 1.14343 1.23157 0.79996 0.606073 1.32327 1.09694 0.555163 0.58268 0.59942 0.866737 0.921693 0.623411 0.806704 1.28523 
2.16732 1.48052 2.81196 1.24145 2.37817 1.7098 1.28527 1.69507 2.19892 2.3753 1.48143 2.25635 1.56921 2.9067 2.2771 1.96917 1.65998 2.01464 2.01448 2.22649 1.89457 2.77505 2.66718 1.10219 1.19785 2.17555 1.99152 1.58709 2.09091 2.97688 
2.63162 2.34718 1.91266 2.08199 3.78673 2.14872 2.04313 3.17085 3.42591 2.70425 2.03821 2.57288 1.41845 2.13746 1.45227 2.30413 1.87326 2.09708 2.55622 3.11905 2.11172 1.44391 1.99315 2.34299 1.70933 2.97647 2.04744 2.21693 1.7894 2.33229 
1.4902 0.883348 1.00665 0.418909 0.747308 0.79883 1.83918 0.336198 0.409032 1.48827 0.58115 0.899498 0.49649 1.02982 1.3158 1.029 1.32918 0.619051 1.2631 1.2863 0.480435 1.03827 1.0075 0.71571 0.922527 0.979963 0.695474 1.35624 1.40562 1.06572 
1.37054 1.53926 1.61449 1.13638 0.965958 0.563062 0.753157 1.53404 1.39465 0.598061 1.1922 0.834289 0.55635 0.928864 0.935067 0.777901 1.00767 1.56232 1.2442 1.55553 1.57549 1.14444 1.5405 1.17691 1.71564 1.33741 0.927751 0.452733 1.17372 0.635207 
1.37393 1.77942 1.03998 0.783331 0.683782 1.04215 0.557774 0.409753 1.03712 0.450926 0.600041 1.12727 1.03474 1.01952 1.36258 1.87316 0.900782 0.433963 1.3051 1.11667 0.415877 0.50309 0.640968 1.1705 1.25517 0.814004 1.56058 0.996514 0.195565 1.23041 
0.908932 0.710708 0.0787831 0.36947 0.137248 0.161142 0.399809 0.483681 0.495343 0.467121 0.73474 0.19098 0.771662 0.907962 0.0973965 0.356227 1.02777 0.623821 0.690154 0.882088 0.721435 0.347869 0.532567 0.749824 0.82564 0.339141 0.763417 0.724701 0.816386 0.532763 
0.0147178 0.448302 0.0318801 0.725661 0.877768 0.334624 0.719113 0.350172 0.820723 0.762728 0.98808 0.714464 0.10775 0.805247 0.826052 0.852917 0.140413 0.614642 0.289332 0.139496 0.748888 0.0731204 0.78177 0.963139 0.536606 0.97624 0.982507 0.848087 0.0153069 0.499132 
1.60989 1.23068 1.0948 1.00814 1.59876 1.39842 0.655874 1.23771 1.50341 0.734986 1.51054 1.14444 1.1174 0.384104 1.57352 0.672662 1.39809 1.37169 0.553759 0.866814 1.36351 0.937808 0.631851 1.29616 0.399055 1.26329 1.04967 0.837028 1.26215 1.02589 
0.767455 0.250654 0.590247 1.33453 0.951621 0.711145 1.09697 0.591592 1.03272 0.561218 0.127083 0.791427 0.366632 1.14036 0.84706 0.877677 0.471312 1.28474 0.899768 1.01803 0.150254 1.23546 0.484136 1.31591 0.115841 0.939436 0.622056 0.501009 1.06694 0.35072 
0.225557 0.34561 0.625955 0.458827 1.35671 1.05479 1.24745 0.772944 1.42994 0.823854 1.32133 0.935354 1.10639 1.53481 1.22677 0.961537 0.298684 1.00655 0.653581 0.69321 1.25698 0.920611 1.09795 0.872433 1.13478 0.672075 0.931236 1.15745 1.19065 1.56016 
0.644069 1.64567 0.441587 1.46976 1.90724 0.857163 1.82105 1.13034 2.21008 1.36387 1.12162 1.97203 1.07144 1.30634 1.14463 1.68763 0.587801 0.996808 1.2638 1.34286 1.02972 0.475784 1.07159 1.51414 1.50255 1.58606 1.51967 1.41983 1.24541 1.22382 
1.8746 1.21641 1.68914 1.30271 0.877657 1.35577 1.12685 1.34745 1.39323 1.55256 1.77915 1.7704 1.72405 1.84223 1.78008 1.55677 1.48476 2.40276 1.67342 1.88941 0.940605 1.73216 1.6058 2.3559 1.5585 2.39753 1.14882 1.64092 1.78221 1.30967 
1.07737 1.26194 0.83926 0.77313 0.804116 1.24526 0.205878 0.487212 1.03034 0.709482 0.686584 0.588163 1.19488 0.702584 0.577977 1.13839 0.696154 1.16253 0.866324 0.929292 1.16232 0.823322 0.743093 0.439671 0.854424 1.23436 0.73159 0.929113 0.124878 0.617249 
1.87711 1.11351 1.75027 1.63237 1.82519 2.29452 2.33605 1.16855 1.33658 1.38089 0.995085 2.1201 1.66916 2.36331 2.12843 2.41357 2.16476 2.7416 1.52753 1.80158 1.81507 2.1007 2.18791 2.20334 1.5557 2.53334 1.85736 1.11401 0.977206 1.46802 
1.97234 1.06929 2.21492 1.83506 1.41622 2.25471 0.435189 1.3438 1.74405 2.57463 1.47203 1.27599 0.739306 1.8298 1.09921 1.64557 1.75936 1.348 1.09966 2.52334 1.33637 1.70057 2.27227 1.73718 1.68963 1.99086 2.51592 2.1637 0.969054 1.89242 
1.19707 0.741962 0.760486 0.925981 0.717467 0.598677 0.848799 0.994737 1.00762 1.08097 1.10324 0.928978 1.04512 0.706919 0.591693 0.414036 1.74962 0.430707 1.56569 1.3108 1.27385 0.581098 0.795353 1.73352 0.822719 0.279471 1.4083 1.67406 1.2932 0.926845 
0.448299 0.769102 0.623078 0.397739 0.703411 0.989371 0.55047 0.80987 0.584003 0.257936 0.393206 0.678819 0.189208 0.463904 0.444552 1.01269 0.929461 0.455535 0.952886 0.465607 0.416808 0.558977 0.464915 0.688615 1.12163 0.368134 0.499862 0.108018 0.914842 1.13502 
1.08732 0.988742 0.15923 1.00241 0.680442 0.619388 0.560776 0.461312 0.523633 0.538862 1.25245 1.25958 0.570163 0.174851 0.251187 0.98096 0.668114 0.554573 0.966828 0.936351 0.820568 0.475258 1.18277 0.468746 1.01788 1.23528 1.05271 0.673937 0.743495 0.564887 
1.36943 1.36685 0.85019 1.02059 0.845572 1.43849 1.27459 2.10287 2.15009 1.59911 1.93752 1.48804 1.50585 2.07537 1.1791 1.54601 1.81623 1.16639 2.00244 1.51685 2.31492 1.8525 1.36855 1.67113 2.40579 0.750517 1.39017 1.53786 1.79102 1.9279 
0.0703964 0.359517 0.910403 0.486105 0.407866 0.52978 0.433552 0.660602 0.721366 0.162232 0.604661 0.683317 0.908845 0.15205 0.609639 0.646359 0.608199 0.547661 0.510256 0.381599 0.0462977 0.0408667 0.172651 0.694106 0.144012 0.371188 0.920451 0.628325 0.751553 0.0838491 
0.810817 1.14353 2.0124 0.578302 1.21902 0.514171 1.70566 0.418636 0.880502 1.15407 0.920766 1.13349 0.770574 1.17263 1.16529 0.772752 1.56498 0.851387 0.750503 1.48776 0.804528 1.20072 0.721192 1.37974 1.20339 1.97233 0.792429 1.83865 0.912467 0.524597 
0.27747 0.562777 0.815483 0.731387 1.13869 0.258858 0.721465 1.03575 1.32047 0.346431 0.962801 0.83896 0.731062 1.03648 1.04013 0.933671 0.662796 0.222611 1.11708 0.385295 0.679969 1.4076 0.271561 1.43546 0.743167 0.734587 0.442948 0.645552 1.12333 1.19539 
0.926386 0.938306 1.34721 1.59756 1.40476 1.44834 1.09334 0.896584 1.40177 1.1132 0.534272 0.843062 0.490606 1.58598 0.784338 0.992783 0.629205 0.957233 1.72715 1.93112 0.890344 1.14699 1.32509 1.05263 0.774623 1.31613 0.695336 1.59855 1.70885 1.26323 
2.17137 1.34817 2.22697 2.07826 1.29533 1.41921 1.0773 1.22514 1.79685 2.01605 1.70203 1.80111 1.2225 0.966649 2.26645 1.59071 2.27597 1.06245 1.35168 1.66477 2.09449 2.09737 1.47981 2.08681 1.24402 1.00655 1.41683 1.29263 2.03268 1.01499 
1.023 0.238122 0.801461 0.728402 1.00505 0.0900544 0.91045 1.01314 0.820923 0.592155 0.46065 0.303373 0.477928 0.359964 0.408002 1.10269 1.04925 0.459926 0.820852 1.03645 1.09072 0.748407 0.694913 0.350322 0.529649 1.0624 0.773046 0.212072 0.205543 0.67499 
0.459987 1.09044 0.148673 0.930316 0.778931 0.492099 0.939796 0.247368 0.918313 0.369023 0.11553 0.955251 0.290669 0.795384 0.535506 1.1199 0.293172 0.663151 0.734493 0.923735 0.233758 0.414187 0.516876 0.528286 0.706671 0.853486 0.343482 1.04236 0.686968 0.377776 
1.07979 0.565314 1.53446 1.48859 1.22109 0.957099 1.49253 1.56631 0.480229 1.53661 1.7751 0.502174 0.775764 1.79405 0.30737 1.22542 1.33072 1.40029 1.83795 1.60327 0.945402 0.764144 0.4437 1.78359 0.660251 1.31434 0.485235 1.09807 1.74211 0.968492 
0.934662 1.19271 1.70065 1.83431 1.68678 1.33212 1.05437 1.21708 2.01381 2.07251 0.83579 1.67177 1.60957 1.22383 2.36835 1.55787 1.17874 1.15034 1.69648 0.865759 1.22721 1.77008 1.4053 1.77696 1.03551 1.39111 0.74206 1.51788 1.39163 1.67258 
0.537345 1.32617 0.53873 0.46227 0.421132 0.609034 0.267888 0.566477 0.68527 1.13982 0.706413 0.502629 0.220846 0.434842 0.279262 0.653551 0.925299 0.708026 0.952135 0.630435 1.0632 1.08989 0.704498 1.12288 0.784975 1.11971 0.29117 0.86406 1.02599 1.07413 
0.594597 0.737652 0.993866 1.43114 0.705928 1.27174 0.823779 0.844065 0.286806 1.37982 1.66036 1.07181 0.505301 0.806386 0.977838 0.121997 0.745717 0.19068 0.832637 1.42494 0.662508 0.189807 1.34782 0.53524 0.632564 1.11335 1.62315 1.06101 1.01399 0.405157 
0.379943 0.654843 0.994005 0.763047 0.33928 0.590073 0.365691 0.441263 0.297596 0.886004 0.635076 0.629678 0.711718 0.810145 0.344599 0.682257 0.739804 0.225679 0.968465 0.623527 0.479278 0.249738 0.0765122 0.755285 0.989363 1.01686 0.816208 0.461605 0.768006 0.483335 
2.91294 1.7913 1.55412 2.02186 1.7438 2.51311 2.8738 2.70713 2.25739 1.98122 2.54185 3.14611 2.58411 2.63224 2.85544 2.28803 2.77771 2.81096 2.57452 2.08823 2.72522 2.24335 2.73347 3.36265 2.61233 2.34149 1.36072 1.71869 2.36265 2.14579 
0.741738 0.933995 0.176434 0.432795 0.37432 0.561631 0.222666 0.0641401 0.287548 0.492114 0.489184 0.526292 0.742991 0.526663 0.950721 0.658079 0.870574 0.951157 0.183025 0.219352 0.443077 0.638917 0.0845593 0.181766 0.54036 0.609928 0.860497 0.534032 0.162051 0.436883 
0.261022 1.05121 0.735301 0.682766 1.46526 1.62864 0.872367 0.88291 1.03631 0.306047 1.15177 1.47925 0.355283 0.79605 0.984383 1.47585 0.623992 0.900812 0.82481 0.65777 0.935643 1.28816 1.25964 0.165732 0.839491 0.79349 0.915857 0.818529 1.52953 0.894559 
2.11682 1.35949 2.46207 2.27673 2.59507 2.36733 1.57854 2.16587 2.03159 2.35095 1.73397 2.49552 1.74849 1.73058 1.82931 2.00491 0.959074 2.76593 2.45216 1.87334 1.95548 1.46289 2.81973 1.87848 1.72977 1.41271 2.29155 2.26262 1.33787 1.67225 
1.00188 1.55393 2.20755 0.82482 0.969909 1.35422 1.3177 1.04181 0.539004 1.74443 1.33911 1.60426 0.922703 1.13642 1.51811 1.41198 0.876219 0.435062 0.983487 1.27977 1.21553 0.903931 1.2362 1.56142 0.923702 2.38269 1.75087 1.26106 1.43915 1.09538 
0.850536 1.23975 1.54187 1.39608 1.42766 1.55108 0.954825 0.298154 0.944805 1.11256 1.60702 0.574338 1.31742 1.85267 1.41283 0.770768 1.74967 0.524837 1.08058 1.51504 0.976887 0.916541 1.47141 0.92133 1.10222 1.36463 1.55945 2.15767 1.25039 1.19606 
0.850838 1.0215 0.882544 1.68559 1.45815 0.983963 0.81165 1.11096 1.33412 0.831991 0.693377 1.24405 0.689365 1.0227 1.36277 1.09662 0.749937 1.11872 1.79682 0.520643 1.27041 1.04856 1.70299 1.59843 0.944796 1.59639 1.08706 0.537942 0.623876 1.21896 
0.601515 0.540172 0.562649 0.860888 0.956211 0.167049 0.257734 0.955251 0.956036 0.970554 0.104399 0.851646 0.69728 0.15601 0.823031 0.766234 0.671874 0.342872 0.589567 0.666312 0.483313 0.706513 0.164503 0.38139 0.907691 0.917781 0.623817 0.573596 0.119943 0.936362 
2.22944 2.79316 1.28889 1.2858 1.75634 1.34995 2.13381 2.75063 1.85831 2.19927 1.80182 1.69248 1.66935 2.72311 1.84252 2.3033 2.28545 1.96396 2.19531 2.3631 1.99101 1.30655 2.24627 2.50452 2.71317 2.58693 1.5628 2.01838 1.36107 1.71798 
1.49875 2.51946 2.76639 1.91311 1.24009 1.7028 1.08036 1.12772 1.78821 1.88373 0.865358 1.25829 1.40687 2.14806 2.44708 2.42131 1.75805 1.82817 1.62807 2.03675 1.58508 1.2229 1.82426 1.0155 2.21367 2.69819 2.01179 2.46838 1.25806 1.81737 
1.28101 1.63735 0.488779 0.907304 1.65392 0.796619 1.49487 2.02318 0.530814 1.05068 1.44688 0.467123 1.36967 1.58179 0.832142 1.18634 0.957749 1.15916 0.692288 1.53054 1.18839 0.822068 0.78992 1.25172 0.687594 1.10856 1.38377 1.2903 0.63711 0.666299 
0.500211 1.86379 1.15053 1.14979 1.64947 1.60987 0.448595 0.509613 0.713369 0.717628 1.30617 0.671971 0.140084 1.35777 0.515093 0.545135 0.967854 0.850538 1.15911 1.85549 1.5183 1.27145 1.77512 0.850692 0.309768 0.476744 0.0819102 1.48438 0.9355 0.527461 
1.14073 1.49595 1.26132 1.53442 1.59895 1.21095 1.0907 1.18941 1.58668 1.13592 1.89693 2.19466 1.27699 2.20807 1.05454 1.53272 1.84165 1.87417 1.41048 0.947091 0.668651 1.2127 1.72651 2.47133 1.92155 1.42907 0.974215 1.15482 1.60904 1.44769 
0.997758 1.05067 1.02503 1.32801 0.519719 0.942833 0.998293 1.08849 1.06804 1.81458 0.291354 0.44584 1.04733 1.04198 1.12009 0.829394 0.988659 1.28339 1.0334 0.590926 1.03232 1.30489 1.55911 1.64684 0.947092 1.10612 0.383738 1.7407 0.778704 0.381551 
0.647424 0.700828 0.399793 1.25489 1.51838 1.73625 0.580623 0.504953 0.500416 0.395989 1.51476 0.684909 1.0551 1.05903 0.454676 0.721005 0.833923 0.353239 1.2428 1.32578 0.966968 0.659187 0.753369 0.693655 1.08597 0.822378 0.72638 1.05686 0.313901 1.33812 
0.379203 1.26297 1.30284 0.56977 0.600205 0.84167 1.20636 0.507823 0.820399 0.452293 0.644029 0.93474 0.912275 0.52948 1.2828 0.655736 1.15738 1.52967 1.39966 0.769209 0.382667 1.1392 0.847398 0.610343 1.51642 0.826966 0.868001 0.745867 0.712286 1.1089 
1.19077 0.871981 0.928377 1.12533 1.15761 1.39027 1.0138 0.566602 0.643932 0.839185 1.19875 1.14696 1.15895 1.35092 0.633067 1.16756 0.872708 1.14609 0.861877 1.09487 1.607 1.09451 1.23637 1.50737 0.833286 1.40456 1.32778 0.517066 0.79491 0.993881 
0.76629 0.596254 0.814675 0.904628 1.55648 1.27702 1.35802 1.14333 0.998691 0.610815 0.499606 0.465361 1.44672 0.479316 0.321532 0.553387 0.672662 1.03471 0.444288 1.19524 0.788601 0.845111 1.54792 1.42128 1.31825 0.71262 1.0588 0.631235 0.72003 0.931298 
0.133239 0.663357 1.42172 0.093714 0.402345 0.854792 0.93977 0.477552 0.514694 1.14227 0.922264 0.355503 0.655113 0.690178 0.6487 0.987037 0.828126 1.02058 0.659854 0.982268 0.646848 0.659068 1.14537 0.898288 0.61935 0.538117 0.868385 0.978059 0.306362 0.420234 
