0.101509469710887 
0.683419173973037 
0.403236296534958 
0.204712555176143 
0.71223751300498 
0.928121099888315 
0.157908961595303 
0.0854363948848544 
0.57812098465565 
0.843114462715125 
0.638056268160874 
0.241952967982828 
0.831626827510068 
0.806416936098782 
0.583131508180823 
0.784115177563536 
0.00128131252013113 
0.738374753186426 
0.408873550358441 
0.527696087147501 
0.58628384977846 
0.826314386942703 
0.675228186010661 
0.808398791708861 
0.485832153522316 
0.453932088615463 
0.243182590353375 
0.120591907835376 
0.314731336783912 
0.488251766508227 
0.196320686520384 
0.722787430359395 
0.341069842921053 
0.257544970271756 
0.320375384186159 
0.176737092736817 
0.665686857010638 
0.755261345811227 
0.582768675465352 
0.914219742629877 
0.0453326363867434 
0.439674359412074 
0.553469614285849 
0.0584170830216918 
0.0712450456584516 
0.0939141134899652 
0.451581665149335 
0.709206501230182 
0.211835864694796 
0.47569775965049 
0.464008537408186 
0.587135577955405 
0.825061876529629 
0.354870847650956 
0.956330610152489 
0.539004824095763 
0.262640148216533 
0.646451199399622 
0.0345694730534069 
0.140886432621776 
0.481489037827511 
0.468276365225899 
0.485687800440106 
0.824166444806421 
0.223027692988507 
0.754008824959212 
0.330393088740638 
0.511367673670354 
0.921571151382273 
0.100549727466512 
0.943702092072329 
0.683479700441764 
0.7659955270052 
0.633681355045733 
0.440229430151574 
0.468814670906986 
0.0551655888713293 
0.263656336591764 
0.642762426687128 
0.780366562534696 
0.0467622842266029 
0.984755473255848 
0.9327023850692 
0.889524385939245 
0.468647804692152 
0.052854735762637 
0.93296099647247 
0.921838954491531 
0.363172458500602 
0.307946355603618 
0.677439984017642 
0.135764203295936 
0.987754810609051 
0.151834429451264 
0.962492267275404 
0.290858395701606 
0.0869003813491297 
0.416643642645963 
0.152164044818963 
0.596833258625691 
0.416867443056051 
0.779236414410815 
0.288242591225209 
0.0731983996142277 
0.854678660608711 
0.911945742854123 
0.716597391249089 
0.633526023015187 
0.35536848648034 
0.597706737368794 
0.00370799500004952 
0.444962810313346 
0.0149179858714878 
0.392203775192456 
0.462589942783464 
0.564198609175405 
0.0050521819363945 
0.160699248536598 
0.508403485714488 
0.856530572826414 
0.11183095915332 
0.780691102811319 
0.909015227911761 
0.496696848617118 
0.768990537618655 
0.0974830659601906 
0.130509103621263 
0.00508178069368108 
0.531300058859237 
0.138286077346652 
0.037674787427833 
0.552522431245524 
0.364219852297988 
0.677487770320531 
0.843562131941993 
0.904169987294482 
0.336610411590905 
0.728494447237158 
0.744518542364562 
0.563236867533826 
0.993951849120636 
0.242044829443892 
0.425316260332032 
0.369165913392895 
0.417703324058326 
0.659365475589528 
0.728407276943686 
0.46966217310223 
0.545141620071227 
0.533954513404843 
0.467995729718658 
0.685598960784746 
0.939228662318748 
0.412054648531338 
0.566708704450683 
0.373075783993692 
0.286760409235925 
0.738335794197165 
0.838471420824115 
0.170050402461905 
0.865875169782065 
0.213871230122891 
0.338191541306931 
0.777032535562294 
0.309352794053947 
0.134691717247181 
0.842501397909266 
0.352247964567209 
0.948759080837084 
0.232073904210507 
0.486884542362743 
0.543095774243119 
0.728087060616907 
0.302837191054118 
0.599362138958072 
0.181206440466312 
0.589184520765484 
0.652722390541002 
0.105920567209887 
0.35224427957175 
0.164142527235306 
0.875294116624536 
0.686731076207246 
0.74920969390476 
0.524465667735436 
0.0235756577511264 
0.755827007220059 
0.198383895948559 
0.24536144647231 
0.944500059944648 
0.493923576500215 
0.314266587436294 
0.154998507900377 
0.850684608600891 
0.846181634818856 
0.323800313088305 
0.00356144119358996 
0.461343490411346 
0.200274552352806 
0.9516007884992 
0.486855770192313 
0.403368694072841 
0.467513474452364 
0.721380651925825 
0.513019462511358 
0.170070028928712 
0.131482390837458 
0.043791908756926 
0.879508411036769 
0.526430448405847 
0.403821845378172 
0.103362153083858 
0.692326236439876 
0.674531278860777 
0.503902009790565 
0.738891189529672 
0.809509438936893 
0.178995235597096 
0.672955195262243 
0.544461760850538 
0.513919130878348 
0.925016774599264 
0.662381567499267 
0.984865178461426 
0.763030493430903 
0.693486602568333 
0.470150849789105 
0.31939791913142 
0.74341546526076 
0.813063005382809 
0.349608855323996 
0.786712161684765 
0.00828304890975788 
0.67863158247329 
0.86024061758222 
0.347057075210646 
0.596992398747313 
0.706933215829404 
0.882237950362582 
0.86969204851142 
0.0124804161576007 
0.136969087323931 
0.480768955612047 
0.866896061457153 
0.699361685453848 
0.0441605984586256 
0.830178387054052 
0.147156644328448 
0.204207284913926 
0.584608413747376 
