0.730558 0.0359183 0.913983 0.709631 0.600558 0.0782396 0.414692 0.544766 0.886154 0.310737 
0.571557 0.260516 0.837388 0.945443 0.650937 0.329112 0.295599 0.388576 0.834124 0.19377 
0.0839815 0.525079 0.527351 0.024026 0.707222 0.666431 0.725497 0.416804 0.531369 0.236385 
0.679274 0.28316 0.348411 0.147441 0.719673 0.447605 0.0967695 0.479319 0.327214 0.933903 
0.970194 0.19306 0.491356 0.878325 0.636797 0.229693 0.518115 0.852544 0.804216 0.665526 
0.241986 0.289288 0.49013 0.57021 0.699732 0.996516 0.955277 0.862574 0.794218 0.617027 
0.910633 0.42368 0.452987 0.479271 0.032663 0.655866 0.593572 0.263585 0.662978 0.505087 
0.966747 0.541582 0.693694 0.631341 0.982983 0.0860779 0.618407 0.948627 0.424805 0.611728 
0.540815 0.0756154 0.876682 0.178328 0.689622 0.837629 0.636999 0.404055 0.729772 0.661433 
0.454025 0.316832 0.29335 0.561541 0.310425 0.346833 0.348737 0.271351 0.218329 0.713046 
0.514424 0.953159 0.115901 0.17845 0.422821 0.90892 0.662971 0.733008 0.0279437 0.922359 
0.089289 0.579407 0.423877 0.941566 0.212871 0.400909 0.840446 0.670006 0.807883 0.223782 
0.476553 0.636887 0.0153278 0.475851 0.1551 0.079964 0.952843 0.323622 0.684426 0.126237 
0.909419 0.705819 0.693669 0.80571 0.165557 0.475061 0.906691 0.714546 0.717484 0.979318 
0.192429 0.858431 0.512607 0.902618 0.582115 0.114318 0.681064 0.541858 0.986573 0.320071 
0.373311 0.636333 0.572973 0.988465 0.138126 0.642181 0.804707 0.684285 0.468527 0.689497 
0.966823 0.461935 0.947307 0.221038 0.41915 0.197713 0.542404 0.916657 0.827397 0.0208051 
0.711494 0.570053 0.269959 0.695739 0.675962 0.950915 0.785635 0.722236 0.422036 0.934529 
0.950068 0.275891 0.551872 0.817751 0.457574 0.707711 0.967469 0.668643 0.468797 0.31524 
0.592628 0.616284 0.655263 0.463171 0.896529 0.362755 0.633921 0.802239 0.616096 0.559719 
0.303314 0.743639 0.363279 0.97066 0.528378 0.130646 0.64081 0.980742 0.432195 0.942578 
0.460038 0.489535 0.524323 0.26432 0.697227 0.769485 0.879297 0.127148 0.834345 0.886121 
0.427366 0.531199 0.224793 0.106177 0.898873 0.211761 0.877986 0.286201 0.170121 0.78067 
0.885171 0.345968 0.280815 0.058304 0.831124 0.561488 0.554575 0.306737 0.886588 0.373325 
0.298811 0.377279 0.273841 0.219664 0.174671 0.927845 0.398665 0.630404 0.843942 0.562868 
0.796934 0.827681 0.667878 0.595751 0.499333 0.0965299 0.48518 0.498163 0.368892 0.342781 
0.562445 0.851149 0.664395 0.876233 0.842957 0.502511 0.847744 0.530211 0.323365 0.13489 
0.235882 0.0950327 0.255442 0.00768594 0.0646051 0.666273 0.518193 0.961635 0.985115 0.60345 
0.397093 0.730695 0.281341 0.776463 0.884505 0.628931 0.450866 0.1743 0.437827 0.477729 
0.270678 0.456021 0.997622 0.295461 0.670162 0.191351 0.478448 0.939755 0.173839 0.710733 
0.874352 0.197975 0.837258 0.225062 0.379203 0.792981 0.496271 0.318713 0.500124 0.896381 
0.0368519 0.0332359 0.964625 0.0406366 0.0472527 0.357973 0.489186 0.58885 0.401907 0.923293 
0.265512 0.18998 0.0480845 0.0641061 0.225161 0.923949 0.0257354 0.380929 0.53262 0.322486 
0.148859 0.867795 0.686675 0.24606 0.107489 0.137187 0.970399 0.404923 0.271606 0.17314 
0.904387 0.111055 0.321902 0.43623 0.329641 0.0412665 0.492036 0.936355 0.489698 0.223594 
0.60233 0.643554 0.953056 0.082015 0.252503 0.608167 0.624116 0.12846 0.691768 0.781638 
0.284826 0.634421 0.0661675 0.780504 0.894414 0.504558 0.493865 0.0855385 0.511292 0.817908 
0.0976968 0.0723685 0.451621 0.186608 0.506795 0.0582868 0.361225 0.0709619 0.362622 0.501994 
0.772623 0.163421 0.222025 0.641115 0.304216 0.125407 0.503728 0.61312 0.6638 0.177501 
0.366079 0.0964688 0.758266 0.689454 0.510854 0.547693 0.434175 0.201354 0.616588 0.0462701 
0.814209 0.834096 0.39985 0.528754 0.580743 0.727889 0.487926 0.480081 0.0727804 0.224467 
0.0883184 0.967254 0.0807299 0.764328 0.520557 0.234418 0.245368 0.816091 0.151131 0.263369 
0.256027 0.288879 0.504123 0.897954 0.206183 0.698925 0.634211 0.343625 0.388938 0.191889 
0.0522631 0.513258 0.49488 0.146033 0.0892432 0.164408 0.412672 0.493652 0.191732 0.0271249 
0.366501 0.0387245 0.508766 0.581008 0.949185 0.903628 0.224037 0.190615 0.873604 0.910339 
0.382795 0.984176 0.660939 0.0479882 0.783857 0.944274 0.45874 0.125272 0.817101 0.788943 
0.929488 0.55893 0.0815803 0.0357795 0.557445 0.0848547 0.143664 0.375637 0.501761 0.238497 
0.44401 0.135515 0.210276 0.479945 0.624641 0.724846 0.227051 0.177592 0.664191 0.93565 
0.431333 0.663957 0.448498 0.316255 0.320373 0.562697 0.263822 0.770909 0.360219 0.799237 
0.707147 0.919071 0.452155 0.328377 0.602897 0.129623 0.541183 0.68355 0.577167 0.132673 
0.582088 0.175953 0.0057457 0.455636 0.495959 0.359463 0.815908 0.912463 0.23386 0.860432 
0.524397 0.452754 0.134092 0.904486 0.0201832 0.349343 0.628071 0.0332744 0.286239 0.858848 
0.900884 0.981837 0.285251 0.191266 0.344358 0.0344071 0.282669 0.507716 0.104729 0.0994583 
0.864873 0.857883 0.674661 0.528271 0.585798 0.833148 0.52691 0.533925 0.455998 0.944277 
0.361098 0.314345 0.884328 0.812166 0.871663 0.943748 0.90108 0.796682 0.383295 0.227846 
0.918485 0.736473 0.445202 0.492098 0.727796 0.0470268 0.532938 0.0875158 0.661356 0.526018 
0.259569 0.71145 0.539549 0.009783 0.390715 0.563858 0.854411 0.0757443 0.649331 0.249987 
0.795586 0.373674 0.648924 0.702315 0.110202 0.669255 0.962275 0.313425 0.717675 0.685876 
0.627855 0.141214 0.0501074 0.668714 0.903554 0.581227 0.729653 0.613552 0.259788 0.350509 
0.333628 0.556593 0.638888 0.791147 0.233816 0.398807 0.503367 0.168908 0.407156 0.67469 
0.481995 0.412378 0.373043 0.104982 0.861491 0.822915 0.83891 0.448814 0.894043 0.0527986 
0.0537922 0.57252 0.819902 0.214111 0.81849 0.134127 0.240469 0.295472 0.400511 0.990526 
0.0494541 0.43424 0.545612 0.762715 0.623041 0.64527 0.475793 0.947137 0.528424 0.659044 
0.507805 0.409499 0.115616 0.362938 0.102302 0.574652 0.229729 0.202873 0.629803 0.740591 
0.066403 0.652711 0.952198 0.29207 0.536228 0.680328 0.780933 0.601247 0.55533 0.127833 
0.707995 0.103213 0.191121 0.256459 0.916602 0.0464326 0.596385 0.59732 0.216441 0.254514 
0.863359 0.300555 0.688617 0.814458 0.707843 0.530265 0.543471 0.956108 0.763602 0.474818 
0.707997 0.204037 0.667011 0.419485 0.936429 0.259292 0.846772 0.228887 0.689357 0.442229 
0.454305 0.687973 0.333794 0.73151 0.0755909 0.636044 0.891704 0.127715 0.768691 0.803417 
0.975112 0.783405 0.854797 0.45255 0.879522 0.149754 0.759601 0.291823 0.374575 0.556432 
0.931594 0.573381 0.293416 0.352778 0.687896 0.572303 0.453798 0.513576 0.232009 0.977617 
0.00564834 0.614012 0.878772 0.23758 0.494732 0.892607 0.942115 0.221497 0.764461 0.0693843 
0.220542 0.982969 0.768307 0.396259 0.379197 0.709037 0.434977 0.00809852 0.410965 0.706064 
0.959772 0.0888241 0.80399 0.228625 0.74088 0.880252 0.668387 0.592107 0.394635 0.812463 
0.850551 0.0322515 0.444232 0.0277555 0.897986 0.639767 0.688876 0.36325 0.264706 0.123897 
0.171865 0.773377 0.717452 0.790828 0.710047 0.060562 0.83783 0.740994 0.272928 0.0108985 
0.929215 0.18666 0.136218 0.375237 0.946772 0.42855 0.138781 0.51507 0.601208 0.724575 
0.331496 0.225024 0.903051 0.105687 0.535178 0.986892 0.101108 0.547573 0.705123 0.141254 
0.0120869 0.323399 0.919834 0.012349 0.963631 0.0602886 0.147936 0.485584 0.421645 0.578112 
0.876538 0.633454 0.729999 0.606823 0.746614 0.73372 0.0516131 0.842558 0.250387 0.102103 
0.78827 0.807843 0.602397 0.0199182 0.191959 0.4126 0.31318 0.520521 0.888964 0.170787 
0.0879103 0.164118 0.120753 0.521735 0.705956 0.561066 0.0318327 0.0716359 0.729676 0.776427 
0.615248 0.929066 0.274726 0.0676942 0.230262 0.40937 0.811625 0.383854 0.592635 0.143149 
0.575149 0.84396 0.215417 0.175493 0.264232 0.336502 0.144956 0.302391 0.198458 0.0232659 
0.168701 0.146853 0.477894 0.579771 0.430132 0.397541 0.987544 0.724715 0.402577 0.591754 
0.221609 0.687864 0.0295508 0.471884 0.233453 0.801674 0.462272 0.313579 0.479792 0.886186 
0.842751 0.0385809 0.38869 0.482196 0.288858 0.885559 0.147575 0.510816 0.093988 0.634008 
0.268604 0.391584 0.768009 0.338621 0.847667 0.227576 0.968798 0.526465 0.64172 0.851631 
0.687599 0.866309 0.499551 0.258943 0.189824 0.1494 0.923091 0.804228 0.270306 0.524505 
0.40328 0.00647272 0.910439 0.753389 0.893967 0.942572 0.30959 0.54296 0.635267 0.100813 
0.574426 0.353025 0.0297336 0.850969 0.467472 0.575256 0.537477 0.122228 0.975238 0.189002 
0.936503 0.78878 0.922683 0.580821 0.723468 0.693091 0.57289 0.425284 0.888779 0.275832 
0.990952 0.0356564 0.640559 0.632654 0.286735 0.317423 0.873311 0.755571 0.0397293 0.0948171 
0.898238 0.150991 0.105838 0.403863 0.923814 0.561067 0.957342 0.628646 0.124316 0.722774 
0.128164 0.772108 0.412253 0.0761266 0.770173 0.735975 0.920059 0.523937 0.113092 0.57834 
0.980086 0.00599283 0.457382 0.130534 0.881307 0.731022 0.643303 0.198062 0.834888 0.739852 
0.381564 0.496682 0.671015 0.229042 0.96271 0.0790812 0.17894 0.0250853 0.704282 0.1532 
0.594332 0.59668 0.340009 0.180873 0.422586 0.293048 0.676267 0.975095 0.449291 0.307932 
0.359934 0.626085 0.38473 0.158133 0.883014 0.536928 0.909834 0.192638 0.803023 0.229038 
0.0425472 0.935473 0.673104 0.954425 0.0611278 0.336554 0.567501 0.198925 0.103804 0.133698 
0.450932 0.789647 0.769646 0.835999 0.207035 0.939512 0.103972 0.866851 0.547065 0.703129 
0.889631 0.678231 0.42722 0.036791 0.505973 0.732967 0.826908 0.0707946 0.206817 0.328486 
0.1728 0.878747 0.395777 0.915509 0.11017 0.26372 0.742336 0.464404 0.805497 0.475711 
0.911925 0.669212 0.554911 0.922921 0.854736 0.257581 0.968282 0.965937 0.576654 0.511739 
0.673384 0.905999 0.423605 0.53123 0.201522 0.371033 0.283818 0.272224 0.940897 0.869248 
0.0371376 0.397455 0.890054 0.467867 0.823106 0.607132 0.236822 0.562114 0.439745 0.88976 
0.330314 0.366212 0.541832 0.500901 0.173325 0.0304816 0.648633 0.752074 0.631202 0.0078209 
0.553143 0.0635443 0.529011 0.811034 0.189737 0.372976 0.40085 0.259151 0.307468 0.344324 
0.884178 0.370301 0.422502 0.0552432 0.694859 0.104146 0.859146 0.768414 0.173904 0.446543 
0.289858 0.135471 0.8704 0.779258 0.775558 0.27396 0.550946 0.307458 0.8611 0.549881 
0.146876 0.891256 0.484108 0.207432 0.553276 0.129234 0.849581 0.622254 0.709733 0.0646355 
0.866034 0.952859 0.734348 0.521679 0.179759 0.206866 0.778354 0.573372 0.131303 0.424357 
0.0432439 0.597132 0.595733 0.547334 0.114959 0.198939 0.354145 0.882276 0.405278 0.645654 
0.893371 0.315135 0.590844 0.698651 0.698888 0.625085 0.339271 0.228166 0.476594 0.516248 
0.231632 0.0450774 0.307312 0.5232 0.243777 0.661726 0.981966 0.535639 0.890242 0.502347 
0.567913 0.56298 0.3649 0.209969 0.88077 0.910367 0.752069 0.140748 0.468656 0.699344 
0.165313 0.97514 0.41274 0.274338 0.894814 0.967187 0.0161467 0.888432 0.847592 0.104939 
0.856643 0.868027 0.808014 0.67719 0.796176 0.741101 0.0330162 0.698298 0.332835 0.317536 
0.952631 0.0627014 0.799347 0.464388 0.670833 0.917539 0.411634 0.661783 0.0273439 0.640177 
0.522138 0.594014 0.0692658 0.135016 0.605418 0.705482 0.512554 0.488958 0.94743 0.690012 
0.66647 0.855396 0.500309 0.266594 0.0652184 0.000879222 0.781338 0.795223 0.555887 0.26114 
0.847186 0.859823 0.204906 0.755634 0.8043 0.604588 0.238032 0.268791 0.485069 0.22939 
0.198441 0.11071 0.153421 0.190218 0.270766 0.730237 0.417928 0.0423957 0.557609 0.973527 
0.112265 0.414381 0.163453 0.71288 0.614378 0.464611 0.168048 0.240416 0.639455 0.423365 
0.294496 0.514689 0.698405 0.86006 0.961884 0.0912157 0.0244194 0.679574 0.251991 0.593021 
0.988707 0.707806 0.68565 0.131401 0.0397661 0.0768453 0.946653 0.803529 0.757498 0.0250402 
0.326585 0.238857 0.0944481 0.197979 0.93426 0.151514 0.378634 0.545411 0.572558 0.385427 
0.785234 0.387107 0.292566 0.468894 0.290538 0.00781335 0.351544 0.989788 0.73937 0.679373 
0.46277 0.112927 0.0344745 0.812408 0.686005 0.0215315 0.305622 0.267848 0.761339 0.137294 
0.0528559 0.950345 0.064703 0.0640212 0.795306 0.109966 0.0244947 0.902416 0.584313 0.310577 
0.643362 0.975189 0.205958 0.48183 0.399819 0.653216 0.120727 0.11773 0.235079 0.131138 
0.712582 0.943856 0.641496 0.812037 0.918108 0.696635 0.366005 0.0875394 0.304376 0.369584 
0.849292 0.830147 0.363725 0.0662788 0.579883 0.271856 0.626869 0.338031 0.0736054 0.233755 
0.657096 0.669771 0.681285 0.597327 0.454993 0.891613 0.19278 0.757696 0.259592 0.695035 
0.0228625 0.139881 0.214863 0.566541 0.615801 0.761823 0.582485 0.941565 0.728434 0.920336 
0.315948 0.234118 0.567286 0.548673 0.685192 0.91121 0.599837 0.498381 0.531917 0.00728206 
0.779943 0.297846 0.785545 0.0773065 0.311911 0.0258744 0.554532 0.283692 0.404256 0.51757 
0.538128 0.540844 0.256777 0.879754 0.518581 0.302937 0.850158 0.640906 0.208538 0.726829 
0.315458 0.280775 0.549195 0.869122 0.389708 0.602419 0.24659 0.430148 0.880259 0.759911 
0.494743 0.330679 0.434193 0.321539 0.846317 0.850687 0.293522 0.322788 0.0492255 0.841145 
0.868814 0.48433 0.470595 0.826924 0.157312 0.807752 0.613361 0.174195 0.536107 0.952392 
0.0500281 0.199709 0.0802684 0.4559 0.279709 0.508419 0.464841 0.350039 0.0997481 0.855844 
0.484061 0.454825 0.238605 0.0895262 0.805427 0.176584 0.47644 0.690559 0.00289016 0.738672 
0.172038 0.916374 0.966394 0.816473 0.0981747 0.245914 0.160624 0.750823 0.116942 0.275666 
0.271013 0.120614 0.780287 0.816354 0.0456837 0.119118 0.790714 0.491799 0.513556 0.672461 
0.676971 0.308663 0.760906 0.719569 0.877837 0.161019 0.0571637 0.319921 0.475427 0.657096 
0.475987 0.359095 0.35949 0.601842 0.467512 0.714803 0.0454407 0.852879 0.192786 0.211349 
0.607177 0.83957 0.536372 0.342143 0.241562 0.48062 0.400938 0.0798084 0.175643 0.470095 
0.397271 0.868806 0.113753 0.867426 0.803049 0.996021 0.0227303 0.197599 0.281924 0.266086 
0.491108 0.861116 0.253943 0.479203 0.429798 0.772725 0.213133 0.185138 0.203899 0.704115 
0.167524 0.96583 0.338432 0.65999 0.179347 0.203474 0.947989 0.973741 0.876403 0.21786 
0.392384 0.277107 0.822476 0.721283 0.953159 0.698722 0.107831 0.0292835 0.616516 0.049893 
0.107824 0.386846 0.841238 0.300918 0.972617 0.618913 0.83442 0.678757 0.748635 0.0623413 
0.73526 0.98804 0.859293 0.172149 0.798172 0.525928 0.837679 0.149763 0.302676 0.879482 
0.584961 0.324475 0.600698 0.418767 0.405777 0.332282 0.0669641 0.387448 0.166646 0.206551 
0.978555 0.778188 0.0233088 0.237437 0.615817 0.853614 0.07822 0.276855 0.970211 0.164997 
0.3253 0.278143 0.29971 0.190304 0.654643 0.265209 0.100574 0.723922 0.0446234 0.700698 
0.853308 0.603276 0.29093 0.382523 0.383278 0.906517 0.312749 0.367168 0.368224 0.108431 
0.200991 0.201199 0.356598 0.231661 0.708092 0.548223 0.899546 0.735261 0.422983 0.129431 
0.898835 0.727741 0.475154 0.816202 0.453491 0.270875 0.88683 0.904009 0.487707 0.399114 
0.589895 0.633937 0.713215 0.303982 0.0826141 0.810183 0.716569 0.845425 0.631403 0.287631 
0.761418 0.0975361 0.0656909 0.582531 0.947624 0.94935 0.137685 0.398261 0.773297 0.68761 
0.229492 0.805127 0.042929 0.747882 0.639397 0.734705 0.338832 0.0690211 0.43918 0.608608 
0.0279061 0.58688 0.0740673 0.325945 0.719622 0.291316 0.0953258 0.965429 0.262063 0.377728 
0.946524 0.0282678 0.593515 0.35995 0.755034 0.25833 0.269906 0.109811 0.944696 0.510353 
0.609958 0.659981 0.228475 0.751406 0.441297 0.250776 0.581712 0.703361 0.908605 0.129324 
0.173417 0.831641 0.0223546 0.0972187 0.898389 0.998413 0.0618099 0.649419 0.8602 0.158696 
0.979788 0.468144 0.777082 0.108855 0.773652 0.862586 0.165619 0.868473 0.848931 0.844239 
0.752903 0.383779 0.831669 0.969173 0.256006 0.310908 0.683217 0.223681 0.699401 0.461473 
0.81982 0.123504 0.230403 0.607714 0.0744659 0.089843 0.126023 0.290685 0.233608 0.961924 
0.00153643 0.150306 0.917839 0.782169 0.904307 0.706 0.558116 0.4068 0.102707 0.767347 
0.569525 0.365633 0.421018 0.314878 0.986633 0.235721 0.350644 0.0467543 0.509948 0.481787 
0.250061 0.515329 0.513467 0.715059 0.687461 0.132834 0.844259 0.128315 0.56805 0.850887 
0.210956 0.678276 0.246074 0.125359 0.406372 0.678158 0.510802 0.194711 0.925509 0.952095 
0.104322 0.518035 0.0346453 0.478779 0.10795 0.36573 0.810435 0.451621 0.87941 0.337244 
0.0587835 0.774666 0.707065 0.867769 0.39761 0.267109 0.731321 0.886402 0.38031 0.804009 
0.171179 0.46061 0.486933 0.439485 0.753294 0.244942 0.645935 0.676448 0.036126 0.610031 
0.850259 0.925355 0.560493 0.105569 0.269019 0.639395 0.477338 0.697489 0.258895 0.745699 
0.719833 0.493369 0.678108 0.857623 0.0353373 0.194266 0.623397 0.433873 0.0407 0.871312 
0.875692 0.224826 0.996656 0.708599 0.349789 0.227416 0.730199 0.387336 0.348671 0.276684 
0.255725 0.439736 0.469564 0.0863102 0.478259 0.0958109 0.836133 0.697007 0.455322 0.992357 
0.879963 0.00436252 0.617469 0.186633 0.187336 0.575835 0.0835168 0.834797 0.172925 0.673297 
0.542189 0.817823 0.0929486 0.0926464 0.682338 0.110594 0.815956 0.70107 0.653477 0.744973 
0.688854 0.76498 0.261745 0.0145372 0.313547 0.566807 0.64056 0.690936 0.308617 0.249873 
0.762398 0.92735 0.816758 0.053585 0.457478 0.410759 0.701228 0.842592 0.89421 0.653658 
0.234896 0.439539 0.690173 0.275518 0.222306 0.140066 0.678026 0.897753 0.946995 0.748722 
0.121133 0.400384 0.424873 0.298992 0.249316 0.623707 0.980582 0.856294 0.838086 0.427534 
0.144048 0.326561 0.776023 0.0999175 0.741024 0.468568 0.654114 0.0817395 0.959157 0.144785 
0.0360777 0.319092 0.415121 0.424837 0.106904 0.721245 0.119838 0.805766 0.0485012 0.275266 
0.197495 0.450673 0.565385 0.42021 0.867789 0.770086 0.548912 0.791549 0.382429 0.70098 
0.158987 0.044817 0.452863 0.845636 0.0669784 0.722563 0.649877 0.257252 0.168788 0.810171 
0.540984 0.939303 0.343985 0.748256 0.621406 0.493863 0.490071 0.584725 0.828446 0.836363 
0.242024 0.986927 0.855368 0.0858951 0.0926868 0.20909 0.667994 0.876684 0.838182 0.328735 
0.789051 0.604709 0.523855 0.212744 0.91245 0.679267 0.249443 0.170274 0.698771 0.698106 
0.106944 0.809503 0.0491187 0.951535 0.304042 0.863954 0.286556 0.732373 0.530885 0.846761 
0.466056 0.519088 0.980144 0.0348101 0.646127 0.253873 0.19496 0.549249 0.565314 0.977453 
0.58823 0.151891 0.825923 0.247568 0.611044 0.204008 0.887192 0.246809 0.0851163 0.899711 
0.398519 0.664521 0.0140769 0.988736 0.0700285 0.418761 0.248677 0.668073 0.627232 0.192463 
0.195733 0.560291 0.308986 0.180054 0.876276 0.160008 0.114254 0.145766 0.61116 0.187826 
0.871502 0.96669 0.672236 0.993979 0.200735 0.971203 0.746718 0.250243 0.796927 0.503157 
0.29199 0.864247 0.28292 0.924783 0.574235 0.28457 0.829059 0.575184 0.139059 0.553722 
0.390408 0.193264 0.659586 0.328292 0.802664 0.0760714 0.61026 0.0522941 0.790723 0.722341 
0.179427 0.761136 0.932246 0.69851 0.982908 0.0413645 0.809357 0.70792 0.947131 0.946652 
0.762801 0.252108 0.136638 0.50785 0.646028 0.660497 0.113784 0.223707 0.6856 0.325968 
0.662683 0.175408 0.8897 0.978001 0.181731 0.424017 0.230569 0.917402 0.285419 0.610448 
0.817235 0.536949 0.70777 0.584964 0.583774 0.143853 0.260985 0.45776 0.917114 0.983157 
0.185008 0.973179 0.0500693 0.299253 0.590103 0.905102 0.243125 0.557618 0.101611 0.943934 
0.584796 0.693807 0.719198 0.97707 0.274519 0.72263 0.729936 0.898921 0.556717 0.921337 
0.249798 0.330193 0.836749 0.640106 0.080841 0.103883 0.428567 0.279616 0.735112 0.124043 
0.514574 0.36487 0.32082 0.0310043 0.702883 0.0881696 0.245033 0.287259 0.384257 0.384907 
0.450115 0.6433 0.104151 0.473769 0.385091 0.321059 0.616886 0.78755 0.358986 0.685534 
0.03123 0.0546264 0.16134 0.945185 0.0532402 0.471144 0.174993 0.314891 0.788217 0.783357 
0.866541 0.773358 0.0321868 0.278542 0.323737 0.406499 0.587818 0.103394 0.186861 0.889722 
0.506523 0.146939 0.696761 0.788712 0.997592 0.996498 0.322516 0.286978 0.113112 0.913471 
0.73628 0.77213 0.120555 0.524049 0.333118 0.492453 0.115061 0.612559 0.119877 0.116594 
0.865725 0.142421 0.588236 0.268463 0.15523 0.395104 0.479651 0.342615 0.0695657 0.747997 
0.0884278 0.736794 0.992307 0.631387 0.449115 0.217182 0.167951 0.739795 0.653251 0.251886 
0.280059 0.698371 0.501297 0.331394 0.0350951 0.866904 0.703125 0.820257 0.483359 0.812436 
0.512709 0.230764 0.21606 0.479471 0.911876 0.033286 0.728136 0.955789 0.911968 0.945807 
0.0790245 0.229659 0.909222 0.396825 0.844179 0.658979 0.319408 0.0756403 0.59632 0.933786 
0.928212 0.218047 0.837028 0.5597 0.300058 0.159013 0.6934 0.244956 0.910592 0.336089 
0.748294 0.619724 0.245085 0.675284 0.563676 0.370275 0.212834 0.332563 0.724569 0.280751 
0.913592 0.468515 0.71983 0.942755 0.512845 0.533655 0.636583 0.879901 0.594486 0.808126 
0.10048 0.0820275 0.920088 0.0838314 0.216508 0.723769 0.960021 0.908274 0.838324 0.470904 
0.83512 0.853018 0.851364 0.944756 0.405215 0.62313 0.451483 0.897981 0.983754 0.81284 
0.953516 0.892221 0.887795 0.326045 0.03997 0.605106 0.269744 0.5534 0.0548862 0.453922 
0.46706 0.800039 0.700307 0.318525 0.123518 0.524495 0.993595 0.0456481 0.157875 0.711377 
0.0843338 0.213464 0.230145 0.227705 0.331841 0.801521 0.483748 0.725065 0.539301 0.0581773 
0.243038 0.993872 0.517562 0.764431 0.707403 0.434208 0.887191 0.201094 0.362417 0.470924 
0.136043 0.09132 0.159485 0.879508 0.215537 0.613624 0.975799 0.738693 0.857672 0.993893 
0.124419 0.623542 0.767111 0.0495556 0.587153 0.562883 0.682921 0.115179 0.147833 0.753975 
0.107515 0.338578 0.715021 0.945609 0.741268 0.569283 0.0771084 0.665673 0.759721 0.805661 
0.617826 0.667476 0.413368 0.456183 0.93063 0.77895 0.799289 0.146068 0.480314 0.224899 
0.598326 0.556821 0.0870455 0.127844 0.120289 0.170142 0.126342 0.470029 0.600025 0.0724209 
0.248043 0.476342 0.175473 0.346466 0.352347 0.934852 0.507562 0.953822 0.749214 0.771518 
0.564396 0.433635 0.339523 0.98648 0.48325 0.673757 0.109933 0.272977 0.0458904 0.597212 
0.673127 0.741406 0.707992 0.0498186 0.695506 0.292854 0.530429 0.473944 0.808977 0.4703 
0.81441 0.0494745 0.614507 0.752316 0.0609568 0.323494 0.724743 0.0340268 0.108957 0.835168 
0.54316 0.193926 0.345823 0.29765 0.714688 0.490775 0.889132 0.957095 0.0250738 0.386773 
0.198128 0.167909 0.193741 0.841566 0.255492 0.504729 0.180692 0.942042 0.749777 0.0280193 
0.205722 0.0324948 0.862002 0.756302 0.410398 0.750263 0.23271 0.812132 0.169872 0.692221 
0.577185 0.603153 0.933007 0.35706 0.471991 0.460078 0.720308 0.881643 0.719862 0.950283 
0.752987 0.689972 0.165023 0.583874 0.655568 0.676329 0.172021 0.287093 0.678275 0.986385 
0.0114037 0.121933 0.332984 0.432891 0.517967 0.79018 0.320498 0.205461 0.00134731 0.0930338 
0.820715 0.889797 0.680377 0.664211 0.192033 0.670757 0.36717 0.881732 0.979925 0.814185 
0.269999 0.464156 0.362701 0.967705 0.119781 0.579419 0.433992 0.792779 0.923172 0.701938 
0.177235 0.865049 0.150714 0.224956 0.458352 0.509181 0.465844 0.710757 0.501751 0.730465 
0.233942 0.888438 0.0173116 0.709096 0.860355 0.105498 0.106594 0.952855 0.184689 0.979549 
0.497695 0.80234 0.940051 0.733081 0.384356 0.0265195 0.665135 0.549713 0.963388 0.162676 
0.670739 0.245634 0.708265 0.121389 0.134697 0.573245 0.331493 0.382386 0.25995 0.0529446 
