0.261515 0.27093 0.414095 0.555403 0.180063 0.555271 0.244089 0.542983 0.377882 0.85389 0.417643 0.703677 0.931677 0.270103 0.649482 0.336258 0.889369 0.284147 0.724517 0.379834 0.769032 0.340383 0.197458 0.983497 0.08007 0.298649 0.748509 0.936796 0.617439 0.0207896 
0.686239 0.62881 0.862364 0.901751 0.0224302 0.140504 0.643298 0.164199 0.406307 0.135522 0.179186 0.546715 0.927929 0.479567 0.194691 0.327619 0.870651 0.734936 0.764385 0.488239 0.425207 0.209291 0.449145 0.386947 0.704054 0.505231 0.0667397 0.829046 0.701148 0.862087 
0.996097 0.0203821 0.244089 0.422857 0.935569 0.796765 0.180435 0.34483 0.0605874 0.452362 0.0737451 0.236757 0.435535 0.63122 0.0225978 0.915718 0.870811 0.275882 0.694148 0.368756 0.944074 0.260025 0.768349 0.504719 0.460153 0.0586831 0.136671 0.386676 0.164524 0.801714 
0.958565 0.0969235 0.456076 0.150032 0.810709 0.825265 0.665746 0.630457 0.67058 0.158897 0.244438 0.825303 0.794549 0.415794 0.464267 0.467301 0.76418 0.327814 0.0501588 0.328717 0.894275 0.532714 0.238869 0.512871 0.270107 0.222078 0.8518 0.0833479 0.2103 0.760335 
0.966485 0.119964 0.176138 0.95246 0.953636 0.789812 0.17637 0.224046 0.431728 0.586309 0.56231 0.529094 0.123195 0.827867 0.431325 0.424239 0.192379 0.738203 0.624336 0.369482 0.481083 0.0714781 0.598675 0.254902 0.477301 0.314942 0.444952 0.136281 0.669723 0.716885 
0.0652796 0.846954 0.26014 0.539158 0.720993 0.000882888 0.703153 0.423838 0.961344 0.369041 0.762673 0.0270658 0.0387998 0.819024 0.396493 0.378926 0.036956 0.870297 0.809146 0.389557 0.755587 0.143423 0.455233 0.482833 0.639303 0.696883 0.61972 0.747284 0.542405 0.392886 
0.356012 0.39829 0.159032 0.931434 0.57917 0.879108 0.673068 0.226721 0.654981 0.991172 0.191023 0.086707 0.466855 0.857965 0.0842833 0.478195 0.748884 0.450663 0.445395 0.734513 0.30643 0.77298 0.55899 0.525557 0.583577 0.179504 0.337658 0.201154 0.52594 0.230823 
0.588619 0.487089 0.967033 0.948503 0.0557839 0.558425 0.783336 0.742986 0.159452 0.593038 0.451601 0.300075 0.79237 0.347142 0.255359 0.245794 0.182604 0.8534 0.875558 0.680523 0.907723 0.314269 0.343944 0.592324 0.248604 0.473964 0.543267 0.729144 0.0554272 0.411726 
0.672991 0.83339 0.223694 0.042518 0.41383 0.113351 0.0736241 0.978198 0.308941 0.805963 0.0900848 0.368693 0.138332 0.422179 0.472457 0.26155 0.878841 0.137689 0.691192 0.821867 0.369078 0.549987 0.420482 0.591305 0.569282 0.696724 0.191987 0.150714 0.0143629 0.363212 
0.262416 0.111099 0.0949573 0.537553 0.344337 0.183305 0.719756 0.706079 0.313518 0.164142 0.105371 0.419338 0.200508 0.878183 0.97098 0.0409501 0.390674 0.424926 0.0285162 0.57795 0.983783 0.961611 0.801156 0.768137 0.514325 0.982255 0.0139048 0.411238 0.732618 0.937641 
0.696229 0.443672 0.850482 0.83059 0.614355 0.0161006 0.313238 0.914037 0.930847 0.696936 0.119402 0.278231 0.460113 0.741524 0.633328 0.325201 0.208624 0.685241 0.564451 0.337493 0.0553167 0.505846 0.205905 0.6977 0.0660619 0.604202 0.276543 0.82023 0.579 0.145584 
0.937104 0.711589 0.138881 0.611325 0.591689 0.0251204 0.365854 0.685519 0.78961 0.233669 0.486188 0.64565 0.768694 0.45607 0.674831 0.335869 0.150286 0.247092 0.173487 0.0837279 0.890533 0.47556 0.536707 0.844939 0.655743 0.251394 0.0264158 0.0274551 0.252346 0.187095 
0.852504 0.542791 0.872446 0.556564 0.832364 0.328701 0.0134787 0.185399 0.236075 0.850414 0.925262 0.289324 0.613822 0.303207 0.395339 0.714107 0.777142 0.589859 0.414825 0.146878 0.388189 0.127868 0.547864 0.244443 0.335561 0.344347 0.814116 0.93115 0.576521 0.0866225 
0.403169 0.496274 0.105124 0.784093 0.453835 0.591496 0.0701554 0.503346 0.42937 0.00286713 0.724528 0.0242709 0.860864 0.847693 0.270704 0.271138 0.260927 0.663457 0.362224 0.127892 0.968359 0.25022 0.856316 0.0724915 0.333457 0.751443 0.976067 0.684886 0.566251 0.539905 
0.231888 0.927905 0.472098 0.643208 0.72327 0.0398326 0.814734 0.899101 0.536913 0.895979 0.784568 0.917539 0.822714 0.750471 0.577028 0.0385777 0.681204 0.424958 0.1952 0.233219 0.965239 0.281433 0.420825 0.29148 0.64072 0.313998 0.375551 0.165438 0.678552 0.462983 
0.119257 0.597821 0.826629 0.843202 0.718664 0.945241 0.111431 0.175556 0.201872 0.956291 0.230059 0.248993 0.254184 0.1691 0.793639 0.0421145 0.781666 0.91593 0.404257 0.0833419 0.426605 0.86437 0.68239 0.157962 0.0508175 0.140792 0.154572 0.472958 0.788955 0.164767 
0.267322 0.834754 0.519012 0.304899 0.403848 0.705785 0.711827 0.890037 0.0218234 0.559496 0.827312 0.00350257 0.475024 0.917515 0.416774 0.923216 0.821501 0.715951 0.929366 0.397729 0.157238 0.678696 0.666774 0.495998 0.293971 0.844316 0.112741 0.533776 0.32057 0.0253672 
0.281179 0.90451 0.985885 0.126847 0.852592 0.585103 0.723425 0.219138 0.033545 0.871213 0.274367 0.855379 0.556996 0.619113 0.107132 0.526889 0.278473 0.829903 0.762655 0.571909 0.754456 0.0704424 0.503999 0.105753 0.493479 0.408108 0.175674 0.262377 0.962569 0.178899 
0.760878 0.341116 0.963332 0.427464 0.865682 0.3908 0.636147 0.916371 0.540104 0.178719 0.766507 0.163004 0.204854 0.154967 0.655222 0.252003 0.606493 0.299557 0.179522 0.803455 0.375333 0.408441 0.139344 0.402551 0.130246 0.239603 0.732895 0.627541 0.0799491 0.179046 
0.80687 0.0312058 0.678939 0.311622 0.222391 0.630619 0.921005 0.47173 0.1606 0.020431 0.665525 0.349211 0.858092 0.13062 0.0425669 0.106719 0.973618 0.702204 0.834985 0.359431 0.379504 0.930984 0.104353 0.537049 0.497492 0.214778 0.151257 0.013665 0.474984 0.58656 
0.647413 0.757701 0.396961 0.568903 0.0374161 0.386808 0.99057 0.421924 0.963404 0.441706 0.763669 0.531622 0.149695 0.658762 0.636812 0.0309605 0.134876 0.311159 0.392489 0.827337 0.637333 0.45335 0.957881 0.746375 0.772756 0.768248 0.52262 0.000860277 0.390676 0.586895 
0.72499 0.604719 0.908902 0.323981 0.90425 0.967563 0.340117 0.589634 0.839672 0.489868 0.0918 0.930432 0.276697 0.983032 0.430836 0.0905467 0.255215 0.197867 0.923932 0.453976 0.348792 0.589954 0.13934 0.929356 0.741787 0.310143 0.257309 0.635419 0.33926 0.028506 
0.0942622 0.537246 0.785979 0.762741 0.439117 0.690154 0.282356 0.108849 0.690096 0.296429 0.624545 0.10084 0.107804 0.503359 0.201137 0.479934 0.105283 0.37705 0.0110407 0.650328 0.901159 0.246973 0.760636 0.251648 0.633482 0.851922 0.880675 0.514257 0.399907 0.25689 
0.687382 0.82139 0.359717 0.348579 0.203093 0.00665239 0.971215 0.206009 0.419937 0.970323 0.180337 0.959758 0.993644 0.922032 0.188232 0.217736 0.44029 0.243572 0.846241 0.995868 0.813205 0.611908 0.528708 0.817642 0.302135 0.319582 0.304192 0.934519 0.462942 0.956934 
0.239866 0.437402 0.302742 0.346867 0.989655 0.72259 0.985239 0.672817 0.194623 0.260849 0.491817 0.843284 0.129765 0.943346 0.606752 0.697157 0.53695 0.0850928 0.111893 0.423313 0.857129 0.443133 0.500315 0.465357 0.0280036 0.574015 0.406365 0.113991 0.732346 0.586509 
0.218613 0.712584 0.191587 0.345444 0.720709 0.917634 0.872456 0.207911 0.171356 0.219703 0.364822 0.882482 0.2388 0.28368 0.748632 0.723153 0.132531 0.223843 0.688313 0.0714785 0.341118 0.919043 0.497641 0.0474793 0.653434 0.644551 0.239664 0.0611869 0.780485 0.26194 
0.427055 0.632739 0.0162422 0.0134356 0.487529 0.0756169 0.0252172 0.617846 0.674371 0.259798 0.80878 0.688651 0.740052 0.372413 0.965613 0.690114 0.286663 0.656965 0.260618 0.169438 0.115164 0.22708 0.538184 0.863368 0.675913 0.298294 0.272842 0.578195 0.822596 0.341983 
0.397145 0.591362 0.955317 0.878793 0.0563774 0.328998 0.665607 0.477899 0.094004 0.917719 0.668103 0.343102 0.619809 0.441622 0.466037 0.767658 0.567812 0.00381377 0.799876 0.398139 0.45756 0.223247 0.130624 0.514032 0.854496 0.890178 0.744871 0.36862 0.814152 0.743204 
0.150913 0.195465 0.913781 0.182475 0.683988 0.900627 0.310353 0.390628 0.68174 0.701231 0.2224 0.449541 0.609066 0.72271 0.645933 0.686595 0.0344174 0.73063 0.496882 0.171314 0.306649 0.390344 0.0981547 0.338609 0.705524 0.664733 0.229808 0.4322 0.881047 0.0757636 
0.949993 0.105021 0.343175 0.0891639 0.00756479 0.639583 0.98143 0.0394845 0.323341 0.1659 0.742342 0.397451 0.21777 0.654886 0.181702 0.704815 0.179267 0.279292 0.764375 0.999337 0.275901 0.31554 0.186907 0.12746 0.778691 0.619628 0.360213 0.202226 0.123004 0.640543 
0.324107 0.768877 0.07956 0.21359 0.765275 0.194453 0.155633 0.636951 0.508915 0.420378 0.913464 0.324717 0.0120093 0.850417 0.997863 0.433841 0.725559 0.132487 0.294528 0.0365979 0.115721 0.125899 0.0765419 0.395375 0.747089 0.0736197 0.730162 0.819568 0.599732 0.367438 
0.523742 0.934582 0.690371 0.589824 0.622052 0.820101 0.504842 0.880319 0.921436 0.592568 0.526868 0.129713 0.0500045 0.37449 0.244658 0.139231 0.665841 0.406049 0.68945 0.365792 0.561975 0.151319 0.350188 0.336392 0.444203 0.907928 0.787872 0.843729 0.174955 0.0141717 
0.402331 0.799865 0.113118 0.391285 0.0701495 0.735335 0.790432 0.273146 0.42101 0.282824 0.606972 0.526787 0.15571 0.163472 0.712358 0.915628 0.316269 0.374525 0.320619 0.231889 0.627674 0.541541 0.887398 0.409861 0.39478 0.215203 0.158637 0.967326 0.230462 0.889256 
0.421669 0.53522 0.0912335 0.660008 0.989688 0.826578 0.00809846 0.340882 0.549716 0.3236 0.63644 0.583023 0.162139 0.979447 0.104164 0.238936 0.964984 0.198701 0.408243 0.855643 0.729311 0.0217586 0.109067 0.427449 0.432594 0.249856 0.862378 0.925402 0.122911 0.433541 
0.381304 0.846575 0.224132 0.479666 0.250665 0.461144 0.436139 0.0434677 0.257448 0.0383954 0.710746 0.579594 0.652854 0.00672786 0.821083 0.637906 0.579424 0.146188 0.656235 0.278597 0.623652 0.868599 0.018544 0.364524 0.588288 0.852603 0.397696 0.786824 0.363398 0.310521 
0.966497 0.788065 0.156004 0.355997 0.0697803 0.360415 0.138122 0.11122 0.875782 0.306502 0.881779 0.64704 0.603485 0.301356 0.0144497 0.922436 0.100573 0.762686 0.535829 0.212989 0.410788 0.583012 0.870013 0.355231 0.6475 0.868621 0.220248 0.587213 0.233811 0.632352 
0.097837 0.584589 0.491873 0.144032 0.152856 0.456621 0.335282 0.610669 0.751942 0.0954311 0.717914 0.637142 0.588357 0.700927 0.754188 0.30609 0.298428 0.934039 0.701857 0.826764 0.716214 0.264491 0.539779 0.902948 0.67527 0.63608 0.718169 0.46215 0.378262 0.147144 
0.37867 0.929031 0.985022 0.982817 0.339457 0.252923 0.435295 0.0380044 0.146136 0.59437 0.669976 0.0187065 0.794502 0.761085 0.789943 0.009468 0.734292 0.928295 0.133089 0.767941 0.387721 0.220015 0.777008 0.291553 0.784133 0.245752 0.890262 0.694138 0.0659503 0.135271 
0.399664 0.184531 0.885349 0.659107 0.227613 0.746993 0.94871 0.836128 0.340988 0.856439 0.644201 0.40312 0.586644 0.981861 0.23813 0.204614 0.846127 0.139929 0.988164 0.376956 0.395358 0.480045 0.350028 0.840059 0.32701 0.0064243 0.176859 0.401086 0.904743 0.672463 
0.729585 0.267862 0.0774933 0.190779 0.741381 0.646187 0.604447 0.101279 0.35053 0.354856 0.822814 0.798696 0.646691 0.683122 0.905728 0.509971 0.0898286 0.27205 0.419048 0.75042 0.81789 0.0679346 0.0949245 0.0604242 0.171866 0.783126 0.395959 0.178809 0.796913 0.354651 
0.525631 0.344612 0.28847 0.557646 0.618227 0.182925 0.176177 0.932349 0.184893 0.10076 0.848424 0.952461 0.560555 0.402136 0.29971 0.718927 0.815053 0.970724 0.748418 0.770744 0.522479 0.0071778 0.659571 0.520983 0.924929 0.159966 0.966707 0.251944 0.212937 0.117436 
0.752023 0.413892 0.934234 0.428388 0.0860852 0.506872 0.21131 0.975015 0.0348742 0.827127 0.447998 0.35003 0.482914 0.76874 0.607786 0.236188 0.565527 0.64344 0.681221 0.819004 0.340705 0.0534039 0.935301 0.48919 0.525975 0.0912778 0.547811 0.0565397 0.099337 0.211331 
0.534922 0.93062 0.562439 0.843661 0.627993 0.192434 0.516566 0.923665 0.598498 0.454573 0.339167 0.671728 0.209071 0.268724 0.188233 0.265537 0.288851 0.546873 0.0197688 0.984936 0.639801 0.596103 0.31934 0.274228 0.2049 0.0805739 0.478981 0.69202 0.499194 0.759505 
0.869019 0.250706 0.168922 0.210872 0.901317 0.89426 0.476469 0.97602 0.950859 0.0580037 0.792094 0.354036 0.23841 0.378927 0.634072 0.461024 0.133628 0.295355 0.485141 0.940276 0.395853 0.252066 0.747933 0.0910072 0.191364 0.384661 0.502439 0.46476 0.189203 0.0583727 
0.292013 0.599782 0.36827 0.503308 0.050078 0.996873 0.540511 0.979702 0.582851 0.0448595 0.2025 0.357578 0.329796 0.196025 0.0780948 0.130376 0.13756 0.907237 0.349392 0.283841 0.235726 0.154603 0.00905728 0.225494 0.195559 0.0286843 0.792393 0.126509 0.221928 0.366014 
0.244071 0.297992 0.855867 0.9813 0.0436676 0.936174 0.974343 0.168742 0.234394 0.600326 0.823517 0.751037 0.293506 0.188894 0.263047 0.461559 0.264286 0.8351 0.876991 0.699948 0.34697 0.552937 0.121248 0.745974 0.0352267 0.523587 0.878294 0.25338 0.95645 0.058888 
0.238035 0.0439842 0.960705 0.745047 0.984114 0.570887 0.826191 0.610833 0.567405 0.817115 0.504451 0.896304 0.166981 0.17483 0.994464 0.88702 0.0266299 0.621758 0.285348 0.885969 0.641084 0.490568 0.430998 0.459425 0.876128 0.788492 0.123831 0.993851 0.851603 0.987001 
0.901433 0.195735 0.497943 0.411645 0.183774 0.639878 0.935147 0.615518 0.111271 0.758313 0.161961 0.720922 0.00947121 0.0364078 0.548621 0.00439382 0.697181 0.403169 0.801796 0.222643 0.971058 0.269822 0.724036 0.298289 0.560573 0.0218852 0.40389 0.300468 0.734349 0.729649 
0.422869 0.406502 0.916874 0.505165 0.104126 0.247202 0.993766 0.313079 0.22495 0.0460039 0.299278 0.779727 0.352957 0.462473 0.586936 0.153836 0.823529 0.911415 0.924301 0.865508 0.247996 0.483325 0.182695 0.403105 0.756556 0.471563 0.0625951 0.68886 0.0143034 0.181827 
0.121822 0.0208141 0.263992 0.419868 0.310284 0.486146 0.923135 0.505906 0.558396 0.928306 0.441379 0.788606 0.192057 0.333068 0.966264 0.548535 0.345536 0.560586 0.958879 0.219085 0.463986 0.668404 0.996055 0.409448 0.35019 0.922371 0.325774 0.315638 0.893378 0.469875 
0.556238 0.80391 0.18363 0.636239 0.793504 0.221291 0.876736 0.907868 0.131803 0.50918 0.777455 0.135382 0.42009 0.707033 0.503314 0.645143 0.807965 0.84415 0.280531 0.902639 0.486459 0.816935 0.618557 0.55333 0.726586 0.654141 0.377228 0.742035 0.489912 0.40111 
0.539765 0.771096 0.61123 0.442624 0.389643 0.983198 0.552819 0.817488 0.0921751 0.200523 0.876921 0.437909 0.738504 0.185927 0.00556363 0.714333 0.931291 0.59852 0.21038 0.575815 0.915714 0.0740128 0.948182 0.181489 0.0228221 0.532145 0.944608 0.401511 0.445575 0.438349 
0.387592 0.848127 0.922008 0.290553 0.382964 0.661083 0.279054 0.128106 0.661258 0.750567 0.524751 0.546043 0.376632 0.293786 0.209011 0.790582 0.405258 0.524956 0.886452 0.193674 0.671537 0.376314 0.428137 0.512731 0.42807 0.519989 0.635134 0.278566 0.356609 0.430186 
0.951548 0.0357173 0.975045 0.167405 0.190152 0.972913 0.0236441 0.705762 0.809228 0.392003 0.285397 0.214878 0.509551 0.92212 0.691937 0.344659 0.581569 0.869731 0.596759 0.372198 0.23625 0.724843 0.850749 0.403336 0.369901 0.347154 0.932046 0.444289 0.508704 0.874266 
0.609727 0.131071 0.214179 0.0192008 0.340457 0.0857985 0.288579 0.196676 0.594268 0.0875539 0.183592 0.298194 0.584089 0.676068 0.0608281 0.769142 0.886903 0.976898 0.122286 0.86366 0.0951815 0.253672 0.436545 0.0398155 0.95589 0.908774 0.423927 0.191548 0.502749 0.189198 
0.656496 0.706534 0.739251 0.421892 0.294671 0.650315 0.214929 0.698662 0.155414 0.896204 0.619347 0.700757 0.0617 0.646964 0.269279 0.345322 0.636664 0.285135 0.342968 0.923036 0.685748 0.370478 0.80821 0.219744 0.697618 0.865897 0.713122 0.689108 0.103843 0.566484 
0.198802 0.80719 0.267308 0.52581 0.906403 0.104477 0.569949 0.590945 0.846122 0.412676 0.893413 0.443886 0.671428 0.27019 0.762277 0.997596 0.826388 0.310312 0.846395 0.339674 0.722396 0.857544 0.160092 0.970892 0.533337 0.760581 0.48608 0.591326 0.2762 0.251831 
0.217391 0.206176 0.812985 0.93284 0.289728 0.384508 0.435147 0.452879 0.546727 0.50676 0.0646428 0.892132 0.653085 0.427219 0.631985 0.270129 0.317093 0.144551 0.438012 0.219893 0.0448608 0.0249972 0.925928 0.843119 0.00710351 0.575158 0.394879 0.725577 0.964587 0.638605 
0.348761 0.584193 0.858198 0.399699 0.182956 0.837281 0.0182851 0.0880536 0.864927 0.880842 0.887358 0.872266 0.246431 0.102065 0.108197 0.815608 0.859891 0.222408 0.0199812 0.274942 0.572844 0.715716 0.544152 0.86474 0.0137083 0.958468 0.253612 0.329717 0.531065 0.0958434 
0.079261 0.418849 0.671992 0.35831 0.729417 0.924756 0.514749 0.271351 0.193027 0.702751 0.88708 0.655233 0.781402 0.615125 0.27284 0.125278 0.506402 0.80889 0.151756 0.0863981 0.260252 0.0368027 0.251587 0.702239 0.158655 0.604332 0.0138174 0.977707 0.525713 0.327074 
0.0170131 0.275244 0.369383 0.875188 0.708198 0.670387 0.918414 0.124811 0.188584 0.457055 0.553116 0.499417 0.866478 0.0656907 0.779437 0.09445 0.38525 0.526184 0.388211 0.485174 0.586585 0.605055 0.258825 0.214538 0.180833 0.261943 0.0587896 0.994379 0.082919 0.37963 
0.614885 0.640941 0.824928 0.481127 0.0969829 0.333004 0.250885 0.0932363 0.670908 0.0541105 0.896973 0.354639 0.366976 0.737159 0.974345 0.555168 0.480601 0.603268 0.377638 0.822993 0.81129 0.801788 0.41224 0.0720729 0.845596 0.981168 0.782873 0.399233 0.266966 0.783173 
0.168614 0.228273 0.0102755 0.561152 0.645306 0.603615 0.897612 0.393368 0.857088 0.749837 0.0754851 0.979912 0.935753 0.874178 0.721134 0.481063 0.5651 0.268053 0.417483 0.691742 0.0940255 0.442401 0.0186567 0.472737 0.546694 0.768379 0.817301 0.323179 0.551509 0.403151 
0.768071 0.815605 0.0794539 0.364531 0.546806 0.284091 0.11251 0.421194 0.81526 0.644337 0.863702 0.28091 0.514352 0.253056 0.113124 0.445723 0.366843 0.219397 0.989599 0.966762 0.428647 0.539784 0.129361 0.949504 0.0913941 4.12249e-05 0.830037 0.868391 0.917234 0.0344014 
0.560205 0.853866 0.0278844 0.729377 0.310063 0.864752 0.115368 0.00745708 0.0511451 0.508085 0.99728 0.343239 0.469494 0.828831 0.52185 0.00479315 0.790304 0.0571682 0.972125 0.760381 0.144258 0.142877 0.945353 0.253968 0.364651 0.20384 0.848268 0.880105 0.544601 0.283146 
0.333436 0.172516 0.981007 0.505235 0.250723 0.241665 0.634748 0.946342 0.762638 0.801998 0.5719 0.654608 0.547665 0.547256 0.350895 0.565021 0.256339 0.528446 0.696655 0.610668 0.152011 0.512725 0.458874 0.810752 0.751676 0.205385 0.788145 0.460516 0.758573 0.277497 
0.34513 0.856303 0.894591 0.103934 0.184384 0.367823 0.362961 0.608236 0.24042 0.969285 0.689863 0.472896 0.652758 0.159156 0.884125 0.234309 0.918901 0.304805 0.838244 0.285554 0.217452 0.59584 0.0991168 0.497832 0.896559 0.114344 0.0928643 0.690653 0.136544 0.657255 
0.557804 0.886444 0.423145 0.994661 0.588504 0.344222 0.0489116 0.717965 0.557977 0.550965 0.450702 0.790922 0.427807 0.202618 0.512782 0.388888 0.538963 0.961588 0.222216 0.421769 0.852242 0.301035 0.400216 0.461931 0.884346 0.336727 0.99705 0.826304 0.507844 0.220973 
0.781299 0.822872 0.258693 0.797992 0.65648 0.513435 0.0107014 0.449638 0.57154 0.784259 0.943134 0.0681138 0.498923 0.372842 0.66939 0.665061 0.307193 0.774292 0.435351 0.0608612 0.35675 0.471413 0.642286 0.195427 0.401455 0.674402 0.858525 0.794169 0.343393 0.908263 
0.310476 0.500643 0.838214 0.970525 0.784133 0.982829 0.61583 0.75712 0.437263 0.338551 0.0849863 0.31257 0.559183 0.5014 0.625703 0.412257 0.0204563 0.169345 0.432599 0.475454 0.564434 0.804009 0.614445 0.313043 0.638365 0.563859 0.405149 0.778662 0.0331411 0.731326 
0.701296 0.332594 0.658474 0.078579 0.389465 0.67591 0.35915 0.542359 0.81337 0.139541 0.487641 0.0175547 0.0631049 0.974372 0.538955 0.967303 0.545889 0.0368808 0.908146 0.388065 0.450409 0.0385788 0.358432 0.706526 0.796021 0.167475 0.120338 0.284641 0.637914 0.129117 
0.387673 0.634314 0.90425 0.717349 0.918625 0.970574 0.605922 0.0904407 0.19152 0.339884 0.555818 0.393206 0.387203 0.220884 0.770883 0.938669 0.0964516 0.0693112 0.121678 0.591072 0.649318 0.136704 0.423167 0.0809059 0.228466 0.240587 0.859648 0.796195 0.299911 0.904382 
0.297983 0.461721 0.463603 0.954479 0.86163 0.600685 0.650272 0.000993684 0.535289 0.281917 0.414498 0.511221 0.749389 0.315866 0.192154 0.460917 0.188717 0.503685 0.0821473 0.431544 0.740341 0.862436 0.835499 0.469214 0.0673909 0.511324 0.955225 0.464335 0.301742 0.0531947 
0.635517 0.451843 0.602135 0.482286 0.51532 0.65575 0.997822 0.00141191 0.887283 0.941959 0.994166 0.906462 0.224447 0.46908 0.591154 0.61588 0.82925 0.772441 0.481791 0.00731418 0.714774 0.17854 0.116657 0.2357 0.806872 0.760759 0.725543 0.370798 0.289865 0.134511 
0.211143 0.966465 0.325216 0.826839 0.813633 0.120436 0.673489 0.546626 0.90395 0.55229 0.623128 0.0241354 0.4039 0.653988 0.544947 0.44875 0.271032 0.0967582 0.577901 0.804778 0.173753 0.889807 0.0204396 0.594247 0.143037 0.414403 0.134129 0.0216062 0.0404697 0.762271 
0.138196 0.248154 0.58502 0.0419879 0.246218 0.568641 0.0108854 0.45405 0.799644 0.352701 0.913436 0.568838 0.0761003 0.823099 0.412183 0.300274 0.202741 0.301905 0.11173 0.789173 0.135304 0.161505 0.441515 0.275621 0.576745 0.58061 0.94069 0.533923 0.727566 0.553579 
0.779297 0.390983 0.498467 0.519558 0.657925 0.428652 0.614665 0.142533 0.417572 0.330936 0.554339 0.814891 0.494624 0.137269 0.805022 0.0743631 0.853836 0.507671 0.66238 0.6599 0.879093 0.747628 0.477363 0.0614201 0.651088 0.104451 0.98413 0.148031 0.0763382 0.492094 
0.568654 0.587452 0.298754 0.293101 0.974103 0.0344699 0.079375 0.213782 0.723767 0.630901 0.546881 0.0400576 0.62947 0.383817 0.162697 0.545263 0.393748 0.609352 0.820933 0.143273 0.740102 0.924145 0.8039 0.644233 0.834579 0.197922 0.848746 0.424274 0.845292 0.423314 
0.216435 0.855552 0.617305 0.372993 0.095809 0.943471 0.0871849 0.281257 0.140132 0.645309 0.506125 0.329027 0.727891 0.973859 0.005214 0.0976484 0.712076 0.487609 0.369585 0.86837 0.943606 0.370894 0.661528 0.822963 0.559995 0.544846 0.652865 0.377123 0.115602 0.511845 
0.848348 0.0959044 0.458071 0.310968 0.568322 0.850258 0.962064 0.583812 0.101399 0.630901 0.658265 0.564526 0.89782 0.242826 0.115064 0.801974 0.760134 0.992087 0.454732 0.725655 0.700787 0.511653 0.931187 0.164795 0.182116 0.153631 0.410282 0.972089 0.559837 0.849035 
0.551952 0.35879 0.536892 0.378099 0.25635 0.212489 0.149002 0.428742 0.0900159 0.609557 0.723917 0.109173 0.198692 0.479396 0.0445187 0.491748 0.241773 0.483091 0.571142 0.684356 0.0457369 0.304319 0.0408051 0.769527 0.105688 0.706075 0.0920194 0.556409 0.742361 0.342594 
0.469823 0.451644 0.941453 0.928699 0.580859 0.137168 0.785985 0.110717 0.772703 0.596172 0.0255682 0.014711 0.414314 0.73228 0.178881 0.645869 0.909706 0.419407 0.0643479 0.0737401 0.281997 0.67457 0.81979 0.0313797 0.942382 0.134313 0.116645 0.429894 0.0558914 0.275043 
0.207246 0.642598 0.484922 0.494696 0.924872 0.532733 0.555799 0.255566 0.467525 0.728656 0.438946 0.178254 0.692799 0.844816 0.974243 0.770306 0.922795 0.557668 0.853067 0.637224 0.482056 0.676952 0.541364 0.46862 0.203105 0.197547 0.664923 0.0255731 0.121221 0.0189634 
0.858789 0.901966 0.497066 0.260283 0.912121 0.173444 0.168183 0.91099 0.956727 0.410413 0.385192 0.381374 0.377451 0.441341 0.449812 0.652224 0.40879 0.721947 0.905493 0.306704 0.486794 0.264877 0.176272 0.490935 0.617434 0.210705 0.264222 0.0464245 0.141867 0.723526 
0.885065 0.196414 0.332529 0.868297 0.210806 0.244196 0.28814 0.449533 0.500334 0.0859869 0.803903 0.643601 0.0847754 0.436112 0.619093 0.0917995 0.189749 0.795201 0.841448 0.647186 0.0736624 0.234794 0.649308 0.357297 0.771618 0.805632 0.436186 0.0195033 0.35827 0.458482 
0.817331 0.541173 0.38401 0.0694343 0.300635 0.953355 0.436779 0.465146 0.150466 0.426039 0.390688 0.7065 0.18016 0.354645 0.195987 0.417416 0.409711 0.300037 0.0952495 0.212586 0.767739 0.457892 0.754626 0.54702 0.208331 0.491419 0.396948 0.369957 0.605509 0.140649 
0.939396 0.00074434 0.340949 0.545195 0.744155 0.619389 0.369598 0.359505 0.24154 0.305318 0.140675 0.564083 0.509158 0.453678 0.70954 0.736731 0.377603 0.997593 0.348464 0.00296459 0.498044 0.10066 0.980551 0.266226 0.514211 0.13651 0.829792 0.837615 0.714844 0.274422 
0.0531894 0.659588 0.959145 0.482724 0.377341 0.417681 0.498807 0.64562 0.122341 0.571573 0.0790385 0.972747 0.101262 0.787379 0.532531 0.445671 0.82733 0.697754 0.70662 0.794653 0.17846 0.200504 0.964106 0.60629 0.358774 0.807151 0.0972905 0.203349 0.242795 0.82948 
0.464334 0.426961 0.360739 0.719861 0.137369 0.746864 0.987958 0.848636 0.224612 0.0636781 0.220841 0.84375 0.367066 0.486612 0.167607 0.166007 0.690449 0.538807 0.128277 0.930731 0.2104 0.0579983 0.669939 0.34464 0.599738 0.464876 0.456206 0.39308 0.269677 0.388883 
0.996301 0.84027 0.0151961 0.36697 0.47289 0.699942 0.773976 0.939298 0.600919 0.147768 0.722674 0.773203 0.567656 0.182931 0.535037 0.389893 0.936232 0.620224 0.28551 0.0386792 0.890307 0.963491 0.346956 0.828094 0.159201 0.778755 0.998434 0.278996 0.618391 0.741873 
0.884012 0.774996 0.0599979 0.39077 0.806963 0.280625 0.519019 0.715709 0.28578 0.697738 0.517399 0.945608 0.129605 0.578735 0.420263 0.234821 0.413088 0.396036 0.634257 0.807835 0.320634 0.57595 0.185424 0.395617 0.161359 0.702831 0.565634 0.362701 0.251623 0.898068 
0.97591 0.63052 0.974868 0.116449 0.0347712 0.138196 0.0905972 0.210123 0.939683 0.702865 0.34179 0.514954 0.710349 0.432849 0.828907 0.248141 0.444659 0.836945 0.489146 0.504958 0.757653 0.469894 0.374381 0.00987178 0.997664 0.941499 0.583024 0.358997 0.373055 0.327837 
0.516234 0.338056 0.51756 0.82589 0.603625 0.713739 0.036209 0.222179 0.771431 0.966763 0.541959 0.86739 0.477326 0.587048 0.259269 0.882986 0.742598 0.295511 0.0631488 0.260152 0.0494789 0.189633 0.366359 0.0682719 0.400958 0.742951 0.711754 0.237402 0.321691 0.69872 
0.271345 0.78027 0.625277 0.359573 0.291984 0.557802 0.748487 0.134626 0.587298 0.533818 0.158861 0.0660893 0.0478515 0.342702 0.0626026 0.41457 0.640226 0.778529 0.469633 0.11812 0.599894 0.294421 0.0627298 0.531973 0.272377 0.907852 0.177593 0.972264 0.635458 0.483233 
0.481708 0.175058 0.216575 0.462491 0.225954 0.852117 0.623103 0.824359 0.816459 0.0785345 0.240152 0.0967329 0.245877 0.225929 0.682069 0.910784 0.823614 0.574777 0.318192 0.355469 0.3673 0.0733927 0.240188 0.767605 0.727589 0.556515 0.390853 0.795441 0.121432 0.0386337 
0.607539 0.0462958 0.677139 0.67487 0.946816 0.811202 0.957053 0.272869 0.323266 0.54094 0.326688 0.752957 0.912367 0.00374701 0.539577 0.512853 0.89403 0.331391 0.931658 0.751058 0.709637 0.486682 0.561968 0.354183 0.72958 0.316155 0.941073 0.987281 0.0771774 0.416037 
0.868165 0.408204 0.0320983 0.436292 0.220148 0.892324 0.431148 0.905419 0.53969 0.658315 0.68792 0.143335 0.289915 0.626644 0.436238 0.574146 0.0184257 0.380142 0.279178 0.615856 0.0447793 0.368415 0.416713 0.252592 0.196573 0.192391 0.290675 0.53122 0.159334 0.989842 
0.637352 0.0944606 0.657236 0.388155 0.1679 0.100649 0.640764 0.122231 0.523409 0.212517 0.841613 0.122256 0.159568 0.222864 0.606153 0.311291 0.220237 0.258157 0.0611974 0.626107 0.295599 0.570711 0.676436 0.55569 0.403975 0.173946 0.265096 0.452337 0.295447 0.167173 
0.390211 0.658748 0.00529792 0.517891 0.653453 0.250689 0.605586 0.551092 0.967817 0.19611 0.966488 0.304922 0.757159 0.259323 0.785751 0.691549 0.405046 0.421318 0.0119286 0.256767 0.679868 0.716808 0.235879 0.378118 0.243351 0.279093 0.232976 0.698649 0.749155 0.630761 
0.0432706 0.0176723 0.698473 0.716143 0.106872 0.898267 0.666284 0.774097 0.852029 0.292208 0.557583 0.982625 0.504779 0.148227 0.0540245 0.0304973 0.555775 0.604932 0.819564 0.807715 0.656168 0.360662 0.124463 0.0793346 0.134276 0.915908 0.102249 0.772734 0.205031 0.51925 
0.681578 0.0614118 0.656885 0.113809 0.180659 0.801877 0.5046 0.501919 0.933641 0.424206 0.505872 0.285331 0.356746 0.539092 0.869773 0.00249733 0.0415519 0.516534 0.318177 0.850825 0.0793197 0.630038 0.978053 0.664269 0.145276 0.647703 0.574492 0.968552 0.22996 0.525588 
0.338931 0.397665 0.983001 0.946809 0.321891 0.947547 0.0830006 0.571114 0.308278 0.641621 0.528009 0.31122 0.689975 0.924572 0.477044 0.0429592 0.506422 0.710139 0.268637 0.927303 0.673538 0.875615 0.598869 0.697324 0.942178 0.869859 0.410148 0.0384145 0.0432238 0.496043 
0.725111 0.544044 0.842909 0.607245 0.928738 0.681812 0.212136 0.825226 0.156366 0.287679 0.538924 0.660397 0.0974217 0.424454 0.183141 0.0261939 0.754916 0.0114135 0.6423 0.529309 0.531461 0.190035 0.447685 0.506353 0.19275 0.0922875 0.142292 0.672533 0.128285 0.0387857 
0.62255 0.217766 0.933639 0.197338 0.682338 0.247776 0.399638 0.994315 0.463682 0.00885639 0.980638 0.830276 0.0173858 0.332262 0.0627754 0.570523 0.994989 0.752865 0.363036 0.40171 0.275702 0.326094 0.213124 0.418909 0.455068 0.562735 0.472928 0.010463 0.0452589 0.74661 
0.392117 0.310397 0.520387 0.680724 0.105568 0.451072 0.786389 0.356641 0.522234 0.818468 0.540326 0.553391 0.0205112 0.174234 0.299524 0.411381 0.927362 0.727975 0.0210747 0.465134 0.0675168 0.231985 0.539569 0.585122 0.395218 0.060741 0.0829388 0.378395 0.29348 0.744591 
0.265389 0.508986 0.352591 0.338597 0.957101 0.833689 0.570118 0.870137 0.589039 0.457885 0.165222 0.347489 0.00639902 0.846716 0.564725 0.163215 0.479027 0.148475 0.346622 0.248465 0.652573 0.927388 0.444956 0.984427 0.810909 0.674194 0.0427492 0.800997 0.542826 0.344024 
0.623531 0.499526 0.928363 0.675278 0.308823 0.487128 0.838828 0.66355 0.982936 0.694277 0.609912 0.881092 0.925261 0.926821 0.539356 0.468206 0.700948 0.277372 0.643843 0.226036 0.862897 0.573543 0.118995 0.60443 0.85818 0.488648 0.461797 0.638024 0.709992 0.0362195 
0.427182 0.118082 0.444603 0.51933 0.111371 0.101451 0.465209 0.768649 0.491574 0.748528 0.732183 0.818207 0.0304728 0.218774 0.251246 0.763639 0.68991 0.111047 0.980696 0.98564 0.0238495 0.382309 0.680845 0.49291 0.208861 0.769247 0.107201 0.0107091 0.712105 0.335763 
0.59939 0.827952 0.860037 0.377855 0.355599 0.514658 0.558635 0.454381 0.550753 0.707775 0.739879 0.554421 0.41841 0.291949 0.499051 0.753527 0.114948 0.728323 0.397915 0.830176 0.492278 0.320337 0.707135 0.257828 0.455233 0.990466 0.96551 0.329941 0.313468 0.575055 
0.869767 0.858033 0.0257368 0.589859 0.24723 0.893223 0.476047 0.851613 0.135352 0.446039 0.443166 0.74885 0.843482 0.293078 0.0462186 0.0105041 0.948945 0.533262 0.077558 0.296981 0.819005 0.901755 0.0114842 0.490969 0.541331 0.401861 0.525824 0.661112 0.189994 0.76276 
0.0186696 0.666848 0.602404 0.737808 0.29785 0.587126 0.157064 0.548697 0.617342 0.23063 0.819266 0.395249 0.100034 0.570832 0.598868 0.485397 0.692108 0.88079 0.554131 0.577402 0.526447 0.518566 0.624448 0.782919 0.928389 0.103302 0.74045 0.554173 0.842058 0.987419 
0.42294 0.886583 0.991021 0.282661 0.443696 0.450751 0.422895 0.870874 0.128874 0.922009 0.0354374 0.879538 0.12056 0.147883 0.920391 0.332501 0.92876 0.928982 0.431146 0.812401 0.439318 0.422349 0.0934692 0.17498 0.976221 0.370741 0.936338 0.0605006 0.467784 0.74536 
0.815086 0.999488 0.724443 0.306099 0.983878 0.174228 0.373666 0.323342 0.532366 0.661354 0.676991 0.948612 0.0579322 0.405518 0.0476842 0.737739 0.681346 0.325043 0.97242 0.887405 0.873506 0.0426267 0.109358 0.628996 0.0111315 0.839345 0.287216 0.0910599 0.758947 0.362366 
0.545522 0.204216 0.604 0.401926 0.332784 0.407949 0.629492 0.611298 0.280293 0.0918629 0.527601 0.888494 0.0965222 0.221762 0.776864 0.275877 0.561674 0.502901 0.850193 0.384455 0.0584279 0.386909 0.867157 0.728918 0.404548 0.288477 0.975634 0.266236 0.625472 0.849379 
0.553913 0.635733 0.41125 0.783861 0.25396 0.313246 0.954451 0.602894 0.176345 0.0166849 0.998366 0.628971 0.759954 0.651431 0.534681 0.923892 0.812543 0.139709 0.925074 0.301402 0.888436 0.157487 0.808037 0.0709462 0.892659 0.402649 0.982675 0.171261 0.437353 0.855379 
0.826376 0.421819 0.885952 0.968894 0.0118471 0.111312 0.303491 0.0977917 0.0569217 0.738472 0.858335 0.237993 0.528416 0.380433 0.16461 0.725296 0.906409 0.0620214 0.450133 0.406932 0.955794 0.702729 0.215192 0.24248 0.0715572 0.233644 0.63965 0.628845 0.219056 0.0284692 
0.762939 0.0504416 0.396438 0.912632 0.174348 0.743386 0.0400363 0.373525 0.215934 0.825164 0.522395 0.521766 0.466972 0.933545 0.364751 0.0449314 0.668309 0.425757 0.861355 0.438266 0.31895 0.691751 0.287802 0.313135 0.585437 0.698196 0.0912734 0.223749 0.326175 0.914242 
0.310129 0.857954 0.917235 0.610658 0.0868919 0.211477 0.00986594 0.265649 0.17714 0.961098 0.679893 0.461602 0.580927 0.325826 0.59212 0.300688 0.740143 0.308249 0.196725 0.267851 0.721476 0.231163 0.00164 0.340641 0.215863 0.798605 0.954601 0.984312 0.138371 0.346649 
0.893255 0.375207 0.635109 0.555617 0.311773 0.154783 0.977417 0.281453 0.120182 0.233187 0.116582 0.849825 0.236847 0.422995 0.186975 0.599265 0.0664105 0.946187 0.932871 0.333384 0.38281 0.490332 0.389807 0.943515 0.847299 0.796499 0.47639 0.331251 0.5889 0.593846 
0.355535 0.551818 0.398777 0.0784516 0.618736 0.596427 0.54381 0.664364 0.632241 0.0737936 0.357634 0.13807 0.398943 0.586519 0.506485 0.510459 0.729302 0.172843 0.843351 0.402226 0.720546 0.793587 0.102624 0.826467 0.689584 0.332803 0.692393 0.85215 0.784354 0.636245 
0.630596 0.657842 0.295681 0.932253 0.811862 0.452336 0.738121 0.501803 0.460342 0.52486 0.429858 0.757638 0.926657 0.935702 0.999044 0.181028 0.895795 0.303485 0.904074 0.256564 0.47565 0.512578 0.717373 0.875361 0.513801 0.970621 0.222833 0.410328 0.153869 0.0115532 
0.263004 0.486175 0.444692 0.782442 0.26164 0.730033 0.786704 0.272329 0.996676 0.928607 0.431636 0.117123 0.823334 0.538151 0.987769 0.542377 0.275378 0.392715 0.0562816 0.873621 0.85393 0.318723 0.552671 0.0265829 0.414426 0.346985 0.462686 0.230849 0.853218 0.215396 
0.304311 0.00581854 0.343564 0.757874 0.711925 0.589689 0.653002 0.325536 0.412407 0.537549 0.875665 0.676369 0.384425 0.83255 0.324976 0.14551 0.263819 0.742517 0.331405 0.0793627 0.870095 0.342588 0.439739 0.294898 0.454087 0.684548 0.672459 0.624481 0.427124 0.757405 
0.237222 0.395928 0.130032 0.871066 0.578655 0.558042 0.997716 0.871873 0.538949 0.690414 0.109349 0.464791 0.885 0.36819 0.427033 0.373773 0.139802 0.14952 0.607107 0.50561 0.677365 0.384483 0.544516 0.991984 0.176472 0.139865 0.0895104 0.921336 0.270706 0.883864 
0.704753 0.365566 0.641416 0.235417 0.948547 0.506888 0.993693 0.413972 0.0890549 0.785892 0.570721 0.720113 0.698562 0.380781 0.383608 0.63616 0.741217 0.550302 0.017328 0.344295 0.991443 0.53903 0.483911 0.901907 0.956026 0.649905 0.769343 0.339796 0.982393 0.675843 
0.671568 0.599614 0.759462 0.323183 0.0651585 0.469375 0.00864175 0.251034 0.194447 0.633403 0.372975 0.281782 0.730841 0.722717 0.0730153 0.938769 0.556893 0.289339 0.255276 0.743288 0.530487 0.372673 0.0604672 0.958959 0.763956 0.246465 0.312868 0.310342 0.904003 0.423055 
0.751039 0.520431 0.876559 0.841071 0.838732 0.812486 0.47583 0.869923 0.746554 0.157923 0.344454 0.256041 0.734051 0.247391 0.107532 0.332773 0.456119 0.0517535 0.386311 0.391551 0.751479 0.331485 0.851186 0.850345 0.95969 0.000671555 0.309176 0.426015 0.069474 0.0458457 
0.664876 0.605632 0.81787 0.156047 0.806363 0.303959 0.469622 0.293047 0.999134 0.323809 0.00152039 0.995603 0.981948 0.999592 0.978414 0.0638096 0.797962 0.246945 0.117148 0.97477 0.751986 0.577784 0.84909 0.672227 0.122952 0.62195 0.478273 0.808641 0.800036 0.920822 
0.751257 0.338997 0.995771 0.562048 0.947174 0.74547 0.076633 0.277572 0.726397 0.634103 0.0613198 0.261999 0.153013 0.30971 0.450219 0.76461 0.19076 0.0776108 0.0622941 0.797442 0.436837 0.641897 0.72391 0.53063 0.341915 0.525287 0.769387 0.615143 0.711668 0.561555 
0.238833 0.593589 0.905846 0.146382 0.713973 0.761675 0.31397 0.846702 0.20205 0.514793 0.536014 0.5891 0.0514277 0.0338392 0.264233 0.35991 0.87428 0.260209 0.531235 0.272059 0.117989 0.629106 0.667836 0.914214 0.175057 0.236981 0.0134017 0.537236 0.564494 0.638426 
0.564341 0.351793 0.436327 0.260517 0.92612 0.118645 0.270502 0.326082 0.19505 0.945279 0.847835 0.219534 0.736664 0.111485 0.932307 0.647911 0.402452 0.735475 0.283916 0.622368 0.987711 0.74456 0.715606 0.150236 0.807306 0.655185 0.425519 0.333589 0.425567 0.538595 
0.89284 0.899264 0.697859 0.0582528 0.230135 0.148721 0.631201 0.665439 0.000878576 0.780342 0.140092 0.738525 0.288911 0.437476 0.234179 0.688563 0.96472 0.648624 0.0426846 0.782402 0.706539 0.387761 0.134013 0.615371 0.247179 0.78061 0.0903345 0.645052 0.463398 0.500856 
0.846406 0.535564 0.958123 0.25222 0.18943 0.177887 0.676321 0.700642 0.215633 0.59244 0.656084 0.405105 0.384514 0.183999 0.288019 0.250776 0.386773 0.584554 0.609671 0.777297 0.698706 0.870027 0.970751 0.0796373 0.243211 0.937046 0.235266 0.866727 0.58616 0.325935 
0.183401 0.962605 0.0791688 0.867038 0.704771 0.0071427 0.364846 0.800285 0.773983 0.213888 0.340322 0.225843 0.342539 0.585737 0.570223 0.975806 0.981285 0.36965 0.290489 0.764171 0.262544 0.123323 0.667954 0.893935 0.646831 0.770433 0.0877449 0.193376 0.344484 0.692883 
0.797923 0.197022 0.117047 0.970879 0.695873 0.853614 0.217531 0.145155 0.293598 0.751764 0.685732 0.200541 0.962652 0.784506 0.120108 0.817524 0.697455 0.983327 0.737502 0.615846 0.223026 0.0450147 0.976908 0.242118 0.869921 0.552744 0.794503 0.639968 0.762947 0.604481 
0.294625 0.677026 0.650264 0.586345 0.11793 0.731047 0.477106 0.421442 0.714499 0.242956 0.899123 0.0876597 0.0778721 0.658472 0.424498 0.318879 0.917138 0.980316 0.481747 0.818664 0.815608 0.515643 0.821442 0.220691 0.248162 0.389043 0.432728 0.946668 0.707916 0.0695106 
0.298566 0.880808 0.296815 0.454852 0.330527 0.834867 0.784694 0.991753 0.244478 0.790075 0.0118941 0.534343 0.899216 0.983356 0.27097 0.663215 0.571298 0.597572 0.824166 0.384499 0.0722898 0.997732 0.87927 0.473971 0.687093 0.944744 0.583991 0.582308 0.443592 0.973869 
0.918836 0.221124 0.148052 0.369429 0.880528 0.726299 0.865467 0.200828 0.386971 0.861896 0.247319 0.855079 0.706304 0.654239 0.971178 0.0512833 0.982665 0.109124 0.959908 0.753867 0.582891 0.165979 0.946695 0.360708 0.87259 0.562863 0.564099 0.497675 0.114197 0.816298 
0.379689 0.260141 0.272676 0.742402 0.710773 0.0895321 0.0478001 0.581299 0.390395 0.00713009 0.124634 0.611065 0.0815305 0.884648 0.11151 0.675261 0.200318 0.316642 0.977356 0.246456 0.355686 0.38547 0.322809 0.201135 0.503062 0.586467 0.799812 0.766564 0.981783 0.325703 
0.0287774 0.503228 0.983938 0.750866 0.22094 0.419726 0.639184 0.319833 0.69127 0.625998 0.0612271 0.0781582 0.140212 0.829302 0.622015 0.881085 0.333662 0.510572 0.368367 0.961781 0.332525 0.0412585 0.713058 0.571718 0.690084 0.83993 0.335827 0.726989 0.618365 0.750036 
0.92706 0.746161 0.253157 0.70808 0.00430118 0.169786 0.871115 0.902232 0.423117 0.539361 0.339385 0.523136 0.428516 0.773116 0.644328 0.37004 0.432679 0.051478 0.934928 0.438662 0.140751 0.459097 0.69258 0.996085 0.226197 0.466696 0.746558 0.668135 0.0500499 0.551686 
0.944302 0.492525 0.290304 0.108689 0.394066 0.311556 0.442423 0.222114 0.561418 0.233855 0.533326 0.612515 0.21641 0.440076 0.382851 0.848126 0.934633 0.326856 0.185025 0.815358 0.843684 0.22137 0.314691 0.677635 0.511415 0.420701 0.258308 0.247456 0.664693 0.499773 
0.486937 0.234751 0.351237 0.187342 0.476224 0.797012 0.0373903 0.729481 0.824673 0.318122 0.443482 0.480983 0.415683 0.782025 0.617724 0.0305772 0.176713 0.559546 0.284335 0.161947 0.0822305 0.417032 0.403323 0.886802 0.74801 0.752155 0.618993 0.0360116 0.846086 0.0318817 
0.0618257 0.227119 0.135085 0.243765 0.182356 0.777832 0.844328 0.79969 0.308489 0.562398 0.736868 0.205308 0.912992 0.847659 0.446178 0.658574 0.514689 0.579556 0.872388 0.270073 0.444983 0.400074 0.190528 0.315139 0.353712 0.76806 0.108343 0.31029 0.054381 0.315688 
0.420541 0.358731 0.734902 0.107648 0.0712788 0.958065 0.707355 0.118321 0.538718 0.968483 0.462045 0.36334 0.599551 0.667061 0.483884 0.510703 0.34271 0.559502 0.814913 0.406467 0.302282 0.43159 0.465575 0.540798 0.491522 0.180629 0.4343 0.591988 0.753503 0.941801 
0.821139 0.478088 0.844973 0.157628 0.37706 0.390372 0.621659 0.120241 0.77985 0.743046 0.897034 0.420264 0.296014 0.717714 0.629664 0.125805 0.00636122 0.22756 0.871728 0.951063 0.907337 0.196549 0.569977 0.684148 0.503944 0.648539 0.482886 0.696763 0.619431 0.433454 
0.381196 0.330275 0.744596 0.191806 0.844564 0.261833 0.973982 0.391469 0.260164 0.138561 0.638501 0.677334 0.693902 0.936591 0.800887 0.0160538 0.393763 0.428555 0.337027 0.058098 0.762111 0.378788 0.281721 0.972145 0.728185 0.850972 0.876101 0.118189 0.369182 0.329298 
0.582453 0.743574 0.88625 0.0667325 0.692775 0.831406 0.140404 0.876293 0.727239 0.254494 0.351632 0.302717 0.92199 0.278545 0.77658 0.992646 0.1247 0.916749 0.404932 0.134738 0.835369 0.677035 0.482589 0.897164 0.836858 0.417948 0.65276 0.913875 0.95142 0.665553 
0.522998 0.581936 0.158318 0.152116 0.97493 0.11994 0.562326 0.0431095 0.142605 0.578126 0.719549 0.955088 0.692573 0.693529 0.454123 0.0840244 0.484606 0.0223515 0.312977 0.37818 0.543577 0.711755 0.364284 0.320134 0.784568 0.912438 0.36413 0.454919 0.952674 0.713698 
0.786059 0.523858 0.213306 0.757876 0.957 0.826583 0.833138 0.502234 0.6906 0.0536871 0.623285 0.774929 0.972991 0.593821 0.51236 0.163696 0.667619 0.967501 0.838653 0.318974 0.13162 0.862119 0.981438 0.433786 0.170371 0.921042 0.198736 0.337421 0.135481 0.338917 
0.448428 0.464384 0.325464 0.210506 0.18888 0.410192 0.983925 0.984806 0.934194 0.642505 0.381412 0.212817 0.384692 0.818529 0.66408 0.0555994 0.718937 0.355007 0.776053 0.724585 0.40333 0.44566 0.685925 0.531686 0.333708 0.422489 0.835849 0.522536 0.254882 0.374339 
0.630106 0.6508 0.468144 0.0705766 0.478996 0.943583 0.319521 0.42887 0.834475 0.863479 0.14694 0.0273579 0.881213 0.490043 0.498779 0.514376 0.490609 0.141829 0.89106 0.116643 0.0904715 0.832094 0.373372 0.0632999 0.396003 0.146166 0.861 0.0743474 0.252673 0.280985 
0.153725 0.344689 0.0554238 0.197617 0.87205 0.10195 0.267267 0.351548 0.784183 0.508072 0.0430194 0.454146 0.727095 0.258719 0.299819 0.893709 0.835125 0.242493 0.402138 0.431173 0.517473 0.712148 0.0165031 0.298163 0.942856 0.432011 0.794279 0.543911 0.0444744 0.472309 
0.558329 0.39223 0.594643 0.968241 0.166699 0.62586 0.533865 0.0388251 0.400985 0.711659 0.324768 0.414595 0.716706 0.294043 0.169437 0.292966 0.795251 0.367663 0.209636 0.206475 0.212387 0.717922 0.214667 0.573215 0.357135 0.914895 0.492888 0.553633 0.813612 0.905942 
0.584656 0.935272 0.53278 0.109316 0.182809 0.470482 0.565956 0.573584 0.465769 0.142569 0.44659 0.118537 0.186024 0.399805 0.479602 0.485617 0.721044 0.657966 0.79127 0.387271 0.669709 0.35428 0.691297 0.851544 0.636223 0.0656493 0.846823 0.9046 0.754526 0.771786 
0.038636 0.10328 0.132305 0.351307 0.408348 0.701012 0.87553 0.319845 0.789174 0.849197 0.290011 0.476999 0.159706 0.292143 0.299246 0.00911475 0.638687 0.448674 0.661122 0.0910897 0.462125 0.626618 0.350339 0.358932 0.535173 0.119402 0.146202 0.30706 0.943079 0.224508 
0.00193561 0.898862 0.890532 0.118509 0.700971 0.528319 0.966857 0.246525 0.269969 0.298592 0.801012 0.97966 0.00278072 0.0870741 0.318576 0.29008 0.348223 0.919968 0.194281 0.44757 0.0655896 0.994553 0.586334 0.720195 0.746918 0.973844 0.0035589 0.836965 0.358842 0.468016 
0.0614415 0.757613 0.536036 0.747598 0.555271 0.557254 0.414386 0.4089 0.647015 0.683761 0.150055 0.849466 0.763036 0.607824 0.0223625 0.780241 0.136319 0.724078 0.636804 0.534182 0.108538 0.687243 0.929716 0.38497 0.0818731 0.013722 0.723735 0.762691 0.28086 0.400147 
0.0957895 0.252757 0.481969 0.291265 0.336237 0.325583 0.845931 0.5181 0.943324 0.918989 0.779568 0.634249 0.00557126 0.8369 0.727797 0.924118 0.346203 0.339464 0.450608 0.00914264 0.583443 0.383578 0.599646 0.729193 0.307502 0.645474 0.147234 0.338663 0.116868 0.559423 
0.839947 0.0810396 0.71157 0.197727 0.770986 0.0698845 0.963185 0.162409 0.791128 0.710791 0.474234 0.112683 0.930954 0.619698 0.0572668 0.926124 0.356847 0.376803 0.060196 0.110728 0.333609 0.37284 0.0757432 0.240751 0.547521 0.0191744 0.820206 0.994782 0.791277 0.911819 
0.283593 0.177432 0.546468 0.637512 0.334051 0.0645952 0.378428 0.417581 0.485698 0.985347 0.486231 0.941304 0.62999 0.467445 0.908789 0.732601 0.307782 0.92429 0.342309 0.273523 0.6518 0.17917 0.394192 0.786004 0.111433 0.505334 0.246253 0.108506 0.926608 0.356155 
0.0934355 0.95422 0.93561 0.435721 0.0221079 0.0543891 0.514706 0.307169 0.576892 0.0532181 0.850525 0.704785 0.801176 0.705992 0.771964 0.64227 0.398151 0.119017 0.067171 0.67457 0.484719 0.0154832 0.786337 0.218968 0.842086 0.172479 0.523596 0.483075 0.316832 0.910366 
0.427002 0.77131 0.744739 0.0647469 0.844665 0.74665 0.652285 0.308463 0.820269 0.217724 0.40158 0.807914 0.413039 0.25534 0.371169 0.506672 0.223561 0.735502 0.318914 0.379857 0.411107 0.598668 0.846492 0.576583 0.718968 0.580998 0.636924 0.724752 0.527038 0.845864 
0.104967 0.507501 0.582284 0.244473 0.320603 0.795574 0.959232 0.817266 0.597891 0.257483 0.660101 0.698912 0.989559 0.801936 0.33163 0.518408 0.717733 0.369908 0.852487 0.331128 0.35777 0.36261 0.22298 0.923487 0.0932302 0.756341 0.997898 0.586889 0.529866 0.772001 
0.931062 0.0822006 0.96915 0.19801 0.102048 0.0802747 0.210425 0.401255 0.79202 0.914113 0.644629 0.935476 0.269313 0.676929 0.588806 0.809448 0.925277 0.872042 0.307779 0.925079 0.430903 0.601114 0.354986 0.332775 0.583321 0.4541 0.682256 0.107307 0.445097 0.970016 
0.507419 0.281185 0.821 0.844044 0.204485 0.637656 0.438956 0.0246441 0.471484 0.631241 0.868766 0.0146836 0.876074 0.360938 0.346461 0.440661 0.561981 0.925229 0.887505 0.168918 0.426484 0.515055 0.264487 0.118435 0.949791 0.318288 0.602159 0.971388 0.00187352 0.0314664 
0.920729 0.537449 0.667664 0.965964 0.741668 0.151614 0.234507 0.349727 0.652786 0.000673775 0.353759 0.358322 0.26022 0.292968 0.842227 0.274739 0.758108 0.418139 0.810053 0.471222 0.373448 0.880291 0.25486 0.515733 0.285091 0.545799 0.351693 0.130206 0.636086 0.215308 
0.804284 0.487775 0.806825 0.0461769 0.776992 0.362063 0.299794 0.899202 0.177211 0.684861 0.892182 0.30563 0.496968 0.227907 0.788991 0.679191 0.354316 0.388586 0.657983 0.984148 0.0672166 0.780354 0.872422 0.125782 0.34777 0.721478 0.727354 0.289916 0.721661 0.723034 
0.16958 0.835504 0.928643 0.112628 0.236132 0.908676 0.632047 0.995365 0.993486 0.560783 0.0177399 0.818118 0.479558 0.204876 0.944802 0.104733 0.0128026 0.436757 0.386378 0.32546 0.333578 0.36972 0.880564 0.37304 0.971621 0.204499 0.517994 0.878226 0.773085 0.869401 
0.0122221 0.144832 0.518825 0.427228 0.666964 0.317236 0.329047 0.826873 0.830643 0.174569 0.838609 0.953525 0.920759 0.0827294 0.699408 0.837837 0.0839446 0.836874 0.0353963 0.755252 0.300651 0.782629 0.776081 0.16083 0.408098 0.390342 0.431391 0.269505 0.602072 0.13951 
0.138899 0.878275 0.866981 0.882093 0.642343 0.774165 0.416484 0.270074 0.0935322 0.0461753 0.465825 0.427099 0.888699 0.433796 0.779588 0.45876 0.0620163 0.195426 0.122571 0.427763 0.288773 0.192139 0.21979 0.000793841 0.743656 0.00534023 0.416343 0.00740842 0.277128 0.642505 
0.446232 0.183871 0.266845 0.817382 0.287046 0.224208 0.7822 0.602368 0.479996 0.572529 0.915202 0.552506 0.0124544 0.989415 0.911887 0.119964 0.82388 0.570452 0.364225 0.886349 0.482662 0.705921 0.167764 0.725786 0.578315 0.37081 0.575907 0.654137 0.385558 0.537079 
0.918256 0.0772884 0.0174256 0.755691 0.992291 0.307828 0.252399 0.310913 0.39505 0.648163 0.219643 0.913946 0.337106 0.698567 0.702137 0.377585 0.0543674 0.0333619 0.414604 0.553856 0.802358 0.911564 0.286547 0.0680566 0.786649 0.28339 0.870958 0.1585 0.418911 0.285855 
0.737764 0.15046 0.342033 0.373338 0.932088 0.971874 0.589475 0.823914 0.240508 0.617949 0.597018 0.187303 0.383392 0.297428 0.555907 0.381039 0.555889 0.424177 0.950415 0.7856 0.517623 0.58005 0.0789574 0.72315 0.0209479 0.607031 0.949697 0.742091 0.137243 0.107662 
0.171768 0.622474 0.180466 0.0115907 0.0268055 0.78422 0.173192 0.410516 0.676096 0.893235 0.031079 0.0555116 0.930902 0.464296 0.386984 0.229548 0.271295 0.380762 0.236433 0.457901 0.630343 0.0565408 0.571789 0.327676 0.101386 0.57486 0.247072 0.442307 0.63565 0.0829896 
0.609567 0.39152 0.827442 0.738108 0.105754 0.342028 0.682252 0.781654 0.0475403 0.871284 0.478061 0.405482 0.481887 0.959568 0.772901 0.995247 0.944672 0.383317 0.956387 0.365893 0.905685 0.884749 0.254054 0.751034 0.389454 0.622507 0.848544 0.0722624 0.63736 0.312652 
0.51265 0.585018 0.849297 0.726173 0.674613 0.792051 0.0252126 0.0222207 0.672864 0.998868 0.546779 0.328743 0.29854 0.407237 0.229458 0.034855 0.085444 0.30247 0.223494 0.46568 0.57684 0.218637 0.248973 0.523831 0.315807 0.839974 0.912511 0.789222 0.0635028 0.670695 
0.716936 0.485394 0.940912 0.269208 0.889221 0.520541 0.635096 0.804714 0.484265 0.831619 0.326196 0.970601 0.707273 0.736023 0.509402 0.0291519 0.676441 0.099845 0.96186 0.520351 0.224372 0.702585 0.827984 0.241343 0.340496 0.0850835 0.0303422 0.358857 0.0557339 0.0708727 
0.266652 0.15855 0.267993 0.481528 0.736752 0.527577 0.632081 0.334439 0.787744 0.492329 0.849094 0.336278 0.0347676 0.170545 0.121087 0.512592 0.678048 0.273636 0.382264 0.436029 0.64301 0.576251 0.683274 0.732232 0.973831 0.132285 0.164602 0.711729 0.319277 0.799937 
0.468281 0.518118 0.705577 0.0926851 0.00837446 0.264933 0.306887 0.260738 0.977484 0.481554 0.911779 0.484227 0.515726 0.683772 0.115226 0.414268 0.162504 0.821939 0.70656 0.619654 0.0709109 0.282663 0.958554 0.236611 0.123534 0.0648914 0.117753 0.562421 0.368808 0.0481752 
0.588031 0.012532 0.205484 0.586941 0.538406 0.606826 0.0960166 0.589793 0.715634 0.0344697 0.086031 0.316005 0.0766791 0.107755 0.425923 0.827826 0.128722 0.71552 0.899168 0.355725 0.760219 0.345376 0.527382 0.618325 0.565642 0.738825 0.712767 0.269295 0.0773931 0.0353804 
0.374603 0.661914 0.687501 0.940939 0.513987 0.81169 0.631916 0.621007 0.480131 0.896107 0.373119 0.311593 0.14077 0.110616 0.362258 0.879394 0.323544 0.26883 0.477546 0.181368 0.916371 0.988562 0.433142 0.743077 0.978517 0.430948 0.748212 0.390763 0.857756 0.252537 
0.0606426 0.944058 0.502214 0.846078 0.825032 0.703208 0.464626 0.36882 0.212796 0.351683 0.415918 0.157844 0.0205308 0.688733 0.36985 0.324735 0.881282 0.300887 0.230128 0.999225 0.730796 0.712749 0.962212 0.0471127 0.0356586 0.084968 0.0576005 0.649328 0.898636 0.470063 
0.988459 0.220612 0.198247 0.974625 0.299006 0.448781 0.196058 0.437121 0.975946 0.70941 0.146958 0.943675 0.721991 0.716114 0.722808 0.49519 0.229969 0.513467 0.879746 0.951266 0.813049 0.881279 0.968078 0.254663 0.708441 0.901728 0.913422 0.833881 0.356849 0.7605 
0.401761 0.379426 0.29087 0.37982 0.307498 0.144391 0.715863 0.657769 0.565165 0.895691 0.167356 0.0446453 0.644576 0.175408 0.246691 0.961717 0.320725 0.113018 0.86725 0.573204 0.894723 0.0099039 0.0915039 0.968058 0.546543 0.567029 0.826002 0.42138 0.532994 0.613969 
0.494864 0.0326971 0.56874 0.709012 0.594502 0.721092 0.685627 0.862057 0.683234 0.256016 0.749456 0.277574 0.4564 0.123044 0.786132 0.950949 0.131706 0.810946 0.990871 0.406212 0.162176 0.46642 0.601291 0.029122 0.0465471 0.510142 0.799476 0.435073 0.5011 0.480762 
0.890136 0.192861 0.398539 0.195138 0.108034 0.619357 0.541929 0.28893 0.547894 0.516579 0.382554 0.596538 0.768691 0.134278 0.857329 0.335881 0.35898 0.749006 0.0637374 0.66411 0.757014 0.399428 0.469273 0.441419 0.949211 0.128358 0.509501 0.694134 0.660012 0.517294 
0.82099 0.35136 0.666009 0.402117 0.967124 0.622126 0.263135 0.823442 0.444512 0.612164 0.932078 0.215433 0.392826 0.562675 0.050179 0.518709 0.0847624 0.644802 0.879317 0.583175 0.648682 0.320613 0.531782 0.571888 0.473964 0.512451 0.655494 0.368233 0.163922 0.188118 
0.689482 0.716986 0.772385 0.108071 0.0750626 0.0360668 0.710421 0.804664 0.311933 0.561052 0.220283 0.262775 0.0820984 0.422486 0.607671 0.262089 0.105261 0.584833 0.782989 0.439711 0.372048 0.593447 0.379056 0.48335 0.830388 0.817003 0.339139 0.279861 0.31951 0.312955 
0.134318 0.640398 0.396485 0.062085 0.439534 0.503032 0.791844 0.698798 0.118178 0.274143 0.423325 0.410793 0.739049 0.577376 0.533504 0.763252 0.861274 0.0916001 0.590258 0.94512 0.923725 0.946923 0.764204 0.267015 0.0720109 0.131933 0.579598 0.899368 0.383392 0.826575 
0.847675 0.260615 0.939053 0.408987 0.00111877 0.533135 0.63255 0.633544 0.252759 0.870951 0.491038 0.616218 0.706643 0.239102 0.384151 0.631898 0.407162 0.819261 0.184613 0.276218 0.867132 0.531425 0.813142 0.546977 0.997699 0.926025 0.505877 0.58029 0.917724 0.815389 
0.586926 0.880848 0.254616 0.333065 0.00525751 0.604293 0.681777 0.116402 0.557532 0.710417 0.181316 0.202139 0.747213 0.200098 0.428116 0.988669 0.0108968 0.64023 0.325013 0.154732 0.326223 0.617522 0.363042 0.521189 0.676162 0.668042 0.659868 0.904588 0.0855693 0.613252 
0.472022 0.212959 0.31367 0.211734 0.462991 0.0708284 0.548826 0.808904 0.121954 0.404338 0.319627 0.540015 0.137608 0.983142 0.325725 0.0880464 0.165446 0.194713 0.182316 0.919842 0.772939 0.835763 0.836489 0.711733 0.0267075 0.683997 0.0444405 0.147451 0.490536 0.758924 
0.283667 0.357141 0.830669 0.482882 0.559319 0.0357706 0.218114 0.253148 0.036053 0.0837067 0.683073 0.382662 0.0487155 0.49366 0.567375 0.597892 0.00261856 0.172673 0.418251 0.548421 0.344502 0.690167 0.813437 0.438599 0.346738 0.242081 0.00651715 0.301548 0.780688 0.277896 
0.19154 0.348681 0.110764 0.590785 0.991867 0.671675 0.516029 0.64323 0.421626 0.0651596 0.438695 0.795155 0.545411 0.624312 0.417195 0.671213 0.464281 0.572843 0.63763 0.613697 0.00133112 0.567235 0.57051 0.0974011 0.358736 0.832554 0.0807144 0.289103 0.251928 0.60851 
0.981571 0.0376281 0.817283 0.421051 0.252168 0.129308 0.626737 0.404173 0.179515 0.920169 0.655188 0.193322 0.115927 0.323963 0.82571 0.30008 0.0716984 0.799376 0.573192 0.948831 0.528696 0.0887009 0.864985 0.636388 0.894103 0.726056 0.320573 0.352842 0.276744 0.24594 
0.483185 0.869537 0.934364 0.255806 0.0427737 0.963109 0.130269 0.953498 0.359418 0.253729 0.927617 0.310423 0.615971 0.908507 0.809216 0.631645 0.58779 0.818529 0.660421 0.462615 0.952769 0.71259 0.701619 0.135203 0.592051 0.42022 0.243884 0.452547 0.696884 0.886752 
0.0206771 0.536043 0.220347 0.457499 0.283147 0.339808 0.528164 0.47499 0.841922 0.1057 0.796489 0.171143 0.118546 0.977976 0.760421 0.598263 0.996919 0.273478 0.475326 0.63343 0.642123 0.357939 0.415019 0.112021 0.328944 0.915227 0.804421 0.831128 0.786608 0.4075 
0.166163 0.938561 0.599519 0.712722 0.941916 0.769744 0.591581 0.0896393 0.589017 0.295802 0.938046 0.881425 0.780353 0.243428 0.0915888 0.403025 0.844998 0.31691 0.798844 0.269561 0.393634 0.762164 0.160399 0.767268 0.348915 0.0642301 0.53914 0.692316 0.0889584 0.486956 
0.911636 0.683006 0.144461 0.296004 0.351492 0.335661 0.652033 0.319802 0.498731 0.0447071 0.494793 0.259089 0.783551 0.526912 0.0669791 0.159567 0.913189 0.937601 0.456882 0.355949 0.803237 0.710276 0.380492 0.260987 0.240813 0.351545 0.773826 0.327958 0.434726 0.909467 
0.863695 0.0435299 0.943207 0.0116856 0.98239 0.0407639 0.445719 0.00901138 0.84927 0.940919 0.0928727 0.744819 0.0115505 0.992467 0.526567 0.711324 0.026319 0.303666 0.59411 0.817567 0.732633 0.960862 0.962402 0.0353437 0.118558 0.155176 0.175022 0.120535 0.929779 0.886628 
0.416478 0.179153 0.0496779 0.328374 0.94813 0.212197 0.575228 0.880881 0.942504 0.956012 0.0260611 0.0953712 0.496032 0.599473 0.257829 0.321391 0.596979 0.52296 0.724874 0.522257 0.0282104 0.342837 0.0107507 0.603208 0.476496 0.862216 0.451517 0.782591 0.114061 0.779931 
0.907735 0.00522538 0.171895 0.261429 0.0500451 0.592583 0.981046 0.21684 0.214135 0.769455 0.118745 0.132291 0.418709 0.85369 0.767037 0.510369 0.876835 0.473918 0.971262 0.570398 0.154852 0.556255 0.686854 0.0136265 0.560369 0.0436054 0.191561 0.595615 0.949425 0.964827 
0.513883 0.852866 0.753208 0.672132 0.697735 0.195461 0.204758 0.827873 0.689248 0.239233 0.661015 0.426132 0.329467 0.34001 0.0312015 0.111212 0.702154 0.727372 0.325951 0.835993 0.761468 0.348392 0.968687 0.655614 0.688875 0.20251 0.16087 0.0320771 0.851037 0.115268 
0.866048 0.975933 0.552061 0.366873 0.24156 0.35655 0.448439 0.16457 0.889228 0.244642 0.578137 0.826014 0.736737 0.531389 0.659906 0.97236 0.496589 0.125881 0.768138 0.945862 0.2195 0.128381 0.217043 0.933334 0.706724 0.298037 0.819701 0.232677 0.16842 0.86379 
0.905561 0.658222 0.0508617 0.322431 0.0913792 0.122047 0.373978 0.463176 0.483513 0.447568 0.711617 0.182204 0.770521 0.869671 0.0768341 0.338173 0.978769 0.607093 0.67736 0.826534 0.680805 0.308243 0.479072 0.747205 0.823658 0.334417 0.760215 0.6886 0.766425 0.506629 
0.0147178 0.448302 0.0318801 0.725661 0.877768 0.334624 0.719113 0.350172 0.820723 0.762728 0.98808 0.714464 0.10775 0.805247 0.826052 0.852917 0.140413 0.614642 0.289332 0.139496 0.748888 0.0731204 0.78177 0.963139 0.536606 0.97624 0.982507 0.848087 0.0153069 0.499132 
0.907336 0.776567 0.194838 0.694005 0.891723 0.986195 0.117413 0.368159 0.977514 0.489826 0.902315 0.948008 0.806283 0.170424 0.925679 0.289908 0.958278 0.929496 0.253722 0.244736 0.920365 0.467776 0.405621 0.797657 0.0574021 0.914658 0.406082 0.216887 0.988568 0.744727 
0.382763 0.00550905 0.120326 0.8756 0.612168 0.702248 0.92389 0.0865542 0.518398 0.176135 0.0611089 0.637694 0.112403 0.730644 0.497123 0.697992 0.35604 0.906123 0.587888 0.83155 0.119689 0.955958 0.370366 0.930405 0.079339 0.605593 0.469256 0.0478029 0.74702 0.27028 
0.0773367 0.167849 0.246181 0.136645 0.932371 0.938559 0.965846 0.329006 0.87445 0.675107 0.94952 0.552633 0.829698 0.9843 0.800853 0.631111 0.0967422 0.93613 0.214051 0.49268 0.971405 0.334532 0.965083 0.322281 0.788049 0.358286 0.722358 0.898072 0.675565 0.972094 
0.177747 0.644577 0.0833556 0.642039 0.96202 0.317243 0.639772 0.556985 0.746546 0.551098 0.417477 0.991061 0.146007 0.0435747 0.184952 0.788108 0.00234739 0.263089 0.231376 0.303584 0.447043 0.0452319 0.715628 0.574012 0.503308 0.550753 0.306969 0.681461 0.494258 0.408469 
0.624864 0.111049 0.365719 0.493559 0.0560858 0.645018 0.836282 0.388602 0.0224957 0.608452 0.238694 0.743005 0.879127 0.585684 0.904173 0.916433 0.662301 0.950339 0.388632 0.60896 0.456192 0.996814 0.992494 0.934356 0.173107 0.996098 0.628774 0.472939 0.144173 0.693956 
0.630954 0.69981 0.733072 0.512651 0.57883 0.90724 0.0718649 0.448609 0.857273 0.4133 0.392166 0.271412 0.747708 0.385609 0.00578079 0.742319 0.172194 0.590071 0.75617 0.797274 0.895657 0.438787 0.692201 0.330275 0.529206 0.867267 0.213695 0.607704 0.0273467 0.354309 
0.472134 0.204119 0.683141 0.349152 0.640451 0.73272 0.44049 0.0671588 0.391074 0.375023 0.0602813 0.438304 0.0128919 0.730453 0.37974 0.915864 0.721925 0.929275 0.393121 0.5185 0.669337 0.348581 0.201071 0.75659 0.876087 0.379169 0.770717 0.173228 0.185551 0.115135 
0.313753 0.0163367 0.498957 0.581471 0.124296 0.783087 0.0987336 0.287511 0.575279 0.900274 0.793998 0.0680954 0.298371 0.699004 0.177141 0.421095 0.912198 0.842632 0.436753 0.586348 0.0143953 0.446891 0.507238 0.934704 0.48329 0.38789 0.811927 0.658049 0.063614 0.575832 
0.975908 0.512842 0.410293 0.456288 0.565191 0.129095 0.642378 0.535547 0.688052 0.358856 0.750045 0.333892 0.257221 0.478497 0.0424386 0.129669 0.997501 0.190409 0.952979 0.989586 0.623489 0.293243 0.628367 0.901796 0.755005 0.0269092 0.775299 0.881832 0.771042 0.909263 
0.334035 0.674339 0.367165 0.296316 0.52038 0.872053 0.281075 0.536124 0.280976 0.0269802 0.0560992 0.399846 0.185293 0.206541 0.253556 0.698964 0.698577 0.261465 0.7876 0.405039 0.230995 0.415802 0.284132 0.445599 0.978752 0.125173 0.394449 0.0218627 0.879068 0.886887 
0.603154 0.592611 0.0783247 0.821991 0.64487 0.437688 0.489798 0.404707 0.083039 0.383584 0.810622 0.935277 0.267503 0.0215789 0.2422 0.516464 0.616802 0.171133 0.697413 0.826967 0.613883 0.183131 0.745006 0.289214 0.691628 0.797855 0.941449 0.377777 0.624647 0.246053 
0.265831 0.278313 0.0260639 0.256186 0.149443 0.335431 0.42834 0.944131 0.96411 0.745724 0.206515 0.901892 0.601352 0.815778 0.536076 0.516785 0.26035 0.0467294 0.843355 0.336715 0.759442 0.740666 0.0636911 0.496369 0.702917 0.167716 0.611305 0.224943 0.60408 0.395704 
0.0703964 0.359517 0.910403 0.486105 0.407866 0.52978 0.433552 0.660602 0.721366 0.162232 0.604661 0.683317 0.908845 0.15205 0.609639 0.646359 0.608199 0.547661 0.510256 0.381599 0.0462977 0.0408667 0.172651 0.694106 0.144012 0.371188 0.920451 0.628325 0.751553 0.0838491 
0.600892 0.905904 0.861159 0.162462 0.719322 0.212771 0.885287 0.123135 0.201063 0.741558 0.477034 0.791479 0.0802419 0.181705 0.566126 0.535041 0.466651 0.149725 0.301075 0.738554 0.335883 0.49726 0.330791 0.724295 0.373615 0.965981 0.519856 0.784693 0.470628 0.104084 
0.141197 0.0601392 0.55349 0.436332 0.567886 0.101551 0.380723 0.612253 0.850184 0.0609918 0.422769 0.527169 0.372545 0.890434 0.605371 0.362805 0.112296 0.0250667 0.602317 0.17078 0.285798 0.873811 0.097771 0.803916 0.440307 0.304392 0.18661 0.263541 0.902665 0.977526 
0.300898 0.0169012 0.877092 0.928458 0.91795 0.953479 0.206639 0.759275 0.588803 0.661454 0.070568 0.106387 0.333721 0.778143 0.214708 0.349182 0.6132 0.432206 0.917373 0.960976 0.472616 0.964687 0.711179 0.437357 0.292245 0.520634 0.454954 0.665488 0.961258 0.919305 
0.942085 0.403773 0.896353 0.936808 0.599198 0.879991 0.0879071 0.438813 0.601708 0.705426 0.842466 0.960412 0.466361 0.389146 0.626651 0.636405 0.892654 0.143319 0.110621 0.606635 0.884833 0.775447 0.0994866 0.516306 0.445494 0.269919 0.599316 0.0596105 0.927544 0.0318543 
0.932092 0.207343 0.664672 0.504711 0.733481 0.00952011 0.677451 0.819947 0.767538 0.471426 0.249447 0.262905 0.416885 0.140392 0.374128 0.90001 0.876525 0.181791 0.617573 0.809139 0.881025 0.700999 0.639908 0.195237 0.418376 0.854143 0.681515 0.116853 0.0701432 0.615561 
0.357651 0.973784 0.129631 0.82294 0.438443 0.441373 0.838387 0.11518 0.64044 0.166662 0.0890159 0.755322 0.0346864 0.67136 0.397893 0.807352 0.0181027 0.58228 0.579927 0.751786 0.0195574 0.13037 0.495189 0.427309 0.354831 0.696661 0.0352291 0.856198 0.648636 0.207687 
0.273872 0.0927282 0.412106 0.673919 0.81817 0.242627 0.701959 0.582047 0.160834 0.363723 0.636294 0.121919 0.183904 0.661507 0.102053 0.610625 0.520383 0.837942 0.612421 0.684831 0.631759 0.142825 0.165716 0.467227 0.335233 0.627424 0.275756 0.28687 0.407922 0.179043 
0.247838 0.521803 0.740054 0.572061 0.556941 0.962129 0.591534 0.149121 0.898399 0.486279 0.407905 0.354825 0.606457 0.777875 0.982295 0.479919 0.283488 0.120763 0.925013 0.139674 0.349615 0.907736 0.891232 0.956157 0.218025 0.307506 0.0524885 0.887348 0.568374 0.659555 
0.405274 0.997924 0.0378113 0.381323 0.026316 0.18784 0.094268 0.0982638 0.57354 0.855147 0.410006 0.176866 0.192407 0.416129 0.133146 0.454526 0.441836 0.564135 0.658371 0.479991 0.99795 0.742006 0.335195 0.617333 0.688172 0.98866 0.283759 0.566978 0.71383 0.721095 
0.111642 0.0638961 0.902415 0.886335 0.4754 0.625804 0.732353 0.82329 0.180812 0.955061 0.902159 0.781939 0.108374 0.165425 0.533785 0.100414 0.132227 0.0877338 0.0822112 0.82906 0.501293 0.0505487 0.62543 0.347773 0.291821 0.894945 0.956967 0.387722 0.586379 0.173094 
0.287371 0.575111 0.823549 0.507539 0.51225 0.692962 0.0337308 0.319474 0.41113 0.67733 0.476677 0.746311 0.6447 0.960044 0.169928 0.469306 0.735671 0.369605 0.914576 0.688977 0.399715 0.221286 0.0144611 0.807343 0.902289 0.917132 0.710154 0.446744 0.571135 0.161599 
0.259064 0.548859 0.371889 0.527105 0.741997 0.57213 0.138026 0.592946 0.966296 0.00263174 0.909627 0.817598 0.335644 0.753647 0.462509 0.0826817 0.45518 0.70169 0.644073 0.498217 0.0095143 0.253157 0.465968 0.951179 0.924319 0.305175 0.132636 0.606952 0.99122 0.161066 
0.741738 0.933995 0.176434 0.432795 0.37432 0.561631 0.222666 0.0641401 0.287548 0.492114 0.489184 0.526292 0.742991 0.526663 0.950721 0.658079 0.870574 0.951157 0.183025 0.219352 0.443077 0.638917 0.0845593 0.181766 0.54036 0.609928 0.860497 0.534032 0.162051 0.436883 
0.0521213 0.370283 0.552225 0.352668 0.776567 0.751775 0.0386679 0.684235 0.872564 0.096104 0.803159 0.635967 0.127091 0.524972 0.269007 0.784821 0.497348 0.686912 0.167074 0.589467 0.609678 0.409948 0.78411 0.120362 0.215084 0.177572 0.68684 0.760061 0.783713 0.644254 
0.429807 0.256187 0.794627 0.419218 0.665299 0.976886 0.0108126 0.952881 0.58236 0.37368 0.748833 0.796398 0.11657 0.266991 0.399388 0.0761858 0.126829 0.491096 0.91752 0.204499 0.562304 0.000267993 0.215545 0.381126 0.099188 0.260139 0.223782 0.25563 0.188749 0.683224 
0.43151 0.764235 0.891002 0.0950232 0.0573611 0.758104 0.0955971 0.386818 0.251708 0.491083 0.339368 0.426142 0.783699 0.875428 0.692591 0.903436 0.402661 0.25266 0.68004 0.113601 0.601643 0.460055 0.543051 0.730574 0.419539 0.984765 0.678986 0.353575 0.656992 0.89321 
0.0376886 0.0801281 0.934631 0.247276 0.558235 0.240973 0.489301 0.199546 0.715745 0.481578 0.38834 0.0142659 0.662635 0.974103 0.429456 0.211406 0.918258 0.38659 0.0708333 0.468681 0.44549 0.611039 0.383518 0.593857 0.623963 0.988287 0.301492 0.933811 0.533968 0.420865 
0.44291 0.763152 0.599872 0.923939 0.944477 0.163642 0.178917 0.726913 0.989706 0.303563 0.181784 0.509239 0.283867 0.380237 0.634465 0.448997 0.379612 0.562594 0.987314 0.0607889 0.405908 0.331513 0.884948 0.855376 0.65305 0.48802 0.407228 0.342523 0.150017 0.615809 
0.601515 0.540172 0.562649 0.860888 0.956211 0.167049 0.257734 0.955251 0.956036 0.970554 0.104399 0.851646 0.69728 0.15601 0.823031 0.766234 0.671874 0.342872 0.589567 0.666312 0.483313 0.706513 0.164503 0.38139 0.907691 0.917781 0.623817 0.573596 0.119943 0.936362 
0.408603 0.385978 0.0942145 0.578298 0.404343 0.794628 0.918308 0.982038 0.241731 0.882868 0.216134 0.262392 0.645837 0.949738 0.350527 0.538747 0.258566 0.971068 0.894456 0.0762987 0.0516005 0.470684 0.874542 0.777722 0.903022 0.985005 0.37156 0.904567 0.248638 0.143373 
0.540261 0.854704 0.519022 0.443005 0.470412 0.729302 0.116304 0.260813 0.15732 0.219434 0.0233003 0.320464 0.316997 0.519249 0.747465 0.958221 0.429959 0.327721 0.571193 0.181694 0.208895 0.398596 0.450948 0.252289 0.58341 0.548859 0.788108 0.812529 0.0288751 0.389988 
0.689998 0.85006 0.232624 0.326565 0.972037 0.466847 0.484586 0.975195 0.0911236 0.440336 0.701338 0.289438 0.889526 0.733115 0.210183 0.669267 0.0860204 0.374219 0.1972 0.589315 0.648008 0.039276 0.0543268 0.64438 0.00971643 0.441295 0.774961 0.523604 0.158739 0.214381 
0.443364 0.978811 0.679748 0.356663 0.876072 0.950673 0.0130468 0.163875 0.513891 0.387954 0.916285 0.524006 0.120838 0.712145 0.16839 0.240724 0.141726 0.568482 0.94338 0.918802 0.833236 0.603304 0.873125 0.806528 0.276341 0.397094 0.0279146 0.875686 0.0931046 0.086817 
0.59603 0.2847 0.109737 0.813108 0.779981 0.0131821 0.602093 0.141679 0.359703 0.615591 0.558766 0.925543 0.143879 0.763598 0.0663932 0.776229 0.850325 0.934211 0.171345 0.280754 0.100362 0.58991 0.960826 0.878994 0.805972 0.256524 0.00105534 0.046856 0.185954 0.53368 
0.601534 0.676383 0.93367 0.767232 0.127626 0.172279 0.107805 0.1362 0.833631 0.958459 0.0817675 0.191398 0.421064 0.121013 0.780179 0.306969 0.737926 0.341744 0.166046 0.516938 0.982282 0.848467 0.711068 0.892676 0.0714271 0.150954 0.0234351 0.863534 0.537599 0.242521 
0.268137 0.276052 0.180372 0.710848 0.695414 0.966446 0.572838 0.0798114 0.00163851 0.0963327 0.922689 0.120916 0.918797 0.321211 0.30358 0.538849 0.133662 0.118019 0.777431 0.686849 0.346411 0.643905 0.634831 0.319854 0.763765 0.596566 0.078956 0.359087 0.190919 0.900917 
0.0418726 0.938692 0.571432 0.166791 0.517141 0.644472 0.413611 0.258074 0.640953 0.415595 0.40529 0.312738 0.630714 0.160557 0.814587 0.533018 0.500436 0.802613 0.662331 0.0787778 0.184836 0.753644 0.701658 0.288779 0.912899 0.450792 0.818068 0.196351 0.700876 0.963855 
0.540771 0.388521 0.227986 0.85246 0.552762 0.890392 0.238853 0.189425 0.0843337 0.0709006 0.442367 0.509013 0.479565 0.736305 0.35362 0.568326 0.298939 0.414865 0.48712 0.542801 0.977853 0.579345 0.470139 0.831785 0.171791 0.986071 0.800909 0.0488224 0.0137863 0.562799 
0.0787859 0.11985 0.0122695 0.134708 0.7887 0.533268 0.92244 0.347003 0.315293 0.466252 0.184291 0.23098 0.77477 0.252853 0.223097 0.248766 0.255129 0.987332 0.0906576 0.836814 0.100694 0.541668 0.768739 0.642867 0.439743 0.712005 0.775777 0.241259 0.656434 0.889331 
0.00516524 0.345048 0.935965 0.0152175 0.01948 0.446347 0.771405 0.0235115 0.406345 0.866212 0.634829 0.0396012 0.627536 0.672032 0.507006 0.794037 0.359296 0.881044 0.374981 0.836377 0.583577 0.321713 0.787245 0.408044 0.525476 0.411037 0.861198 0.689969 0.00365469 0.077881 
