97.487215652767873
211.94002870441813
8.0016732308052152
161.9386689422808
46.463275869058087
208.90478253323735
68.769236032179208
19.909224694474101
19.815700293581603
1.619990401067259
173.2752869772645
40.612124959399125
187.76158777764047
184.80105977889346
74.447373230295725
39.976266591645562
225.74129791323654
66.195148877530158
48.29275232251981
200.01634373915834
77.100195111219392
55.846010847701507
114.17927213622143
24.298965381765747
242.60946421910609
71.721904128099425
109.82133838419588
128.57495616714067
13.871010276419034
79.104354264428821
201.1562395053148
205.96715551104549
97.643032130890504
208.15579838521762
246.34230465292393
43.796002882620627
209.07123574066401
166.04097757651252
142.78674039847235
139.0690747420264
117.6915025390512
176.28409892082564
59.223892511676262
72.382312703497959
142.20093662317024
227.93068774453974
107.43919362669257
214.60985335156121
246.50744405674703
92.17352813558108
17.800990284004708
16.722435177804865
192.42772151593383
43.386429475300147
236.45942388914509
248.51288254273641
130.72391878694739
237.18710482824363
166.75694517957669
85.404798718114748
58.461209031205478
24.824208265697543
14.243653275385251
5.3092707062827706
191.08089118832029
81.928339080848744
114.85085167297636
181.56221311750556
201.07483649602563
135.79640390477024
162.93820597879508
209.45387462467787
69.190064894006269
52.963469970060423
237.11650070882274
175.45405938449983
219.48698905770163
245.19661045938201
218.34802750083296
42.882110619740054
233.39829197022951
161.545277896757
121.98740436656452
134.65400081318552
7.9206050937853485
135.38810236546962
36.119014904927596
108.4358669125934
179.06467980975432
36.484129292484525
242.69035063628709
137.56378630834749
187.47840956671214
163.47054208268437
32.842534479879326
147.71812807220249
37.518785945459371
201.27480813905828
94.730151076652135
39.705021366014186
213.15870043906307
138.81979858505463
185.66888932181985
55.807523274005689
228.51562831242563
118.88258239990715
186.34108922318757
41.879503235157799
81.199812509486563
42.911283262598779
133.1213341728909
39.644910809141798
83.955556517437884
207.83855547387947
72.523665435090479
64.555541743134569
73.635014952267326
195.36623935971909
0.67970489622552677
24.975564240746383
86.607313085247156
59.195298308493875
187.32305599513333
111.37216779849096
64.633621820709607
87.628429208812307
140.37066210201633
236.3672415984033
190.09484134507281
114.34639534822811
70.677786194130377
107.94946724834624
85.930077281830648
38.061457528033252
80.913974167075949
10.719161968360574
171.30327393279879
29.050476065363149
145.8440923351973
11.119163042166111
135.07523865802608
17.525833231709516
105.04636767561234
106.28366686441198
187.20956474740504
196.55917661814831
66.680178839720952
194.93324043572355
247.71139645817894
102.06322848926231
188.14962391837636
208.87706193846842
16.389836554882411
26.917336363053892
171.4350683417743
139.63769266585956
59.743750326138532
109.36749145686578
70.860974317817423
95.388724703525028
154.75388194815832
242.92538906641977
157.61142735092184
248.23018751411558
167.52848082627102
86.036904479086914
200.08404438408118
215.43656419956673
45.438483390367281
12.682320023311881
189.67867339566195
197.59775195113531
127.79674490344125
67.594982366823615
88.528842461886228
245.03225053768756
244.7423094581527
154.87818228978992
147.96561397122269
61.544751612828065
100.93625748750219
89.249567922844648
203.39767136255904
58.272325351543479
57.830446204977541
248.25692143950309
162.24983541838654
226.50008872439469
242.16274966676113
166.67462833474949
19.516570760376101
127.86028058751053
41.565017445282571
211.84718198773317
82.06435232085289
20.310116627350808
11.508396872577585
170.59752230222085
29.907432053265762
140.04053494017234
172.80195356247989
109.47002233932656
181.00681473830642
107.36396238497565
2.5689251067697567
7.2279791050604603
19.503257667346816
184.77237983957377
67.933105788693283
8.0493137448395196
211.45732158450602
155.03117765858772
19.706454359215595
80.566817008016969
39.437173442407612
102.08959836399185
134.46944620326389
115.0214522953452
125.26306605062798
20.867561710140496
228.85878789903168
223.01311851528683
151.99680203058278
200.86033496139541
143.40018791473409
160.52361415672311
203.75833493889476
78.574406715941635
210.41161944305446
239.54098473816461
130.46561655404068
162.83864581275554
64.876739296462503
0.61210938917865887
181.61008876097296
240.36506715496836
21.59915036187569
172.67819269142768
165.21708322365913
142.98789738119603
225.96330977476569
199.08338647832269
170.12669403241091
169.46199779536579
246.51450896941444
203.35761701523643
233.51971558150092
154.75666561578845
78.618882040126493
28.99119885386326
