5.641309648105616 47.266122597903681 54.569423038864628 146.38476398284649 144.65269741332347 174.41715653327896 181.155708595871 89.883962909008659 183.92925518826993 110.33182092179051
221.72664588915555 14.98229542854752 5.7235918488863611 217.65326260620191 65.217494269999492 172.31451105014847 2.2583292438932534 33.433081603380998 199.59654015143238 225.14045267053351
172.42524475447726 114.03910200426368 114.14223668661764 28.76537547313006 42.893249398026008 123.92320511536889 239.05008738347868 61.024846672485189 250.37121565908561 102.32083279793241
136.70012383855385 46.497768283562721 80.530037775916014 94.621543702055476 169.35237309029279 97.517267840090994 59.334994226147337 57.328955766030894 110.93613536732053 129.58427431481263
110.97632208575418 105.87645888603905 90.117446712801154 174.25777420924931 136.09048175658168 228.61354530718179 77.07042092840797 232.61878601212564 186.23125686757092 56.63751124476866
249.45135107666783 104.03803543385239 2.428313288075358 161.60391896546474 83.453602357158914 203.98667776254723 12.878797634452615 168.03451819931985 189.5825960345249 223.21928907010235
245.98496002045368 205.11204719392015 171.74418329166502 42.92480467625272 108.35796280361663 77.186696033957901 98.050931124369541 200.85254811788471 98.222058367744324 206.35575588770706
95.379606192972275 190.83116067354806 115.71212927096812 37.285953650150653 122.26678727865738 5.1126194632551529 17.376410701482751 62.176138540623384 229.75135055272992 230.04111956394763
61.87129961865049 223.32596767577445 75.665085014318706 193.42542583857059 39.586906995305988 173.70798407801749 206.5086231475658 238.96433731532275 41.191187186945136 168.90247177059842
142.10976129667739 210.06411146525656 191.00070117441112 28.7300308528852 37.161913426618909 5.0813140949447781 148.12142828374394 170.07091559037138 177.13776694788535 74.325331175564273
150.01104822052994 92.04977512973646 197.32207264247538 52.399281592813885 133.19413322574798 183.60446363743392 3.6783974436679192 233.31842965267603 208.91461238701891 207.45059837239998
228.75435779814501 36.551777855963621 222.77508676389857 66.330713169478969 79.547545459234641 139.92975517070914 127.31982970423179 96.997211085512191 136.50494142919678 75.806498026579092
130.93169118862997 46.160152411433195 49.569073026695605 189.7633433888189 163.37263961780985 123.48219222791722 46.159260093578638 84.249191328207317 37.182836047047779 187.38619321228418
198.45112248687056 126.64503809993083 124.86432410170637 115.17360426684044 177.28509192170964 49.267631247608428 85.565107565344093 102.40686067466952 69.71181285373774 193.39325660602677
241.57868713959959 50.329016539134948 156.73599887942882 165.65142675057419 215.58713018024145 247.86029049105341 72.277719871891151 116.74083153062131 80.788231382220204 230.43869526024116
182.93785822248114 82.155485325714139 46.736516680340195 84.156681586350331 224.96231872887998 156.79273821948755 38.422050367025101 8.323713201022219 211.00875215451251 177.97945606141855
197.82537195976141 22.792438476909485 207.59895660783531 165.93592084196325 121.92804865792004 108.21664137375119 7.6610738802611582 86.131323104983366 181.92152274021845 62.051157084698019
242.68406607990801 154.76136437193463 178.48142188276788 96.755233570664103 198.0190933440646 113.93057469810856 113.81217172531146 202.30844620081123 29.485769769489533 105.14243191895582
24.524948253683956 35.410554366452274 8.5172735708699463 61.623877132213806 48.748129339877757 241.7245920010694 5.6847615228287438 98.146813253470583 47.926428796413667 121.28766241411059
246.69206938925237 194.01234712536265 206.21079011537356 71.215614927759177 175.35369023300956 146.40670418324746 39.284523721723993 111.15770594408933 212.66224673593879 236.46434137781654
38.530590084427203 170.73297611956619 162.5346796252305 85.669775300466412 223.41177471089409 165.33268220633906 89.003476415914008 108.80505374203801 80.196633085625734 78.628633921243903
206.20833490005947 154.59556828791017 85.393128859144369 95.825183542879628 57.424301958311538 183.30071664254916 221.78840651078781 225.67731902679759 57.728401077195002 172.43031449343707
147.31982780386991 37.249765528094329 245.93621799274388 197.6800524838475 129.45124042803727 6.29205952005481 19.368482503084557 218.73891056523217 125.47448253230849 74.808361288295472
79.993277870671989 197.50962052999543 56.933042012133647 2.8636446377162539 106.93013799434195 67.120517345080543 246.37009193245575 41.015531407475734 30.7088190006335 58.074409155875593
228.71588429121761 2.3903489504900324 41.233079213301721 45.870921395036007 82.306365464327712 14.682392353306531 239.94521368174841 165.48394201745049 27.204482128641651 77.155584793886277
67.606120567856266 31.894559528358318 21.293675096055345 125.98388932200854 110.11939133522112 96.781473585542102 31.753982382819434 117.33872368728024 1.0566413019314675 17.3095226787852
203.47482844662196 39.304226445150988 66.010635600048232 228.40158452572541 35.89418319049242 204.0752786892823 90.074448783298223 173.00418116143896 154.86912188232247 116.06630160538225
131.26359504743928 187.62658307140566 122.18076155415837 11.583851467555094 56.183929122184011 87.979001091916416 111.62549902562061 109.05555482694997 110.07045411127275 228.37269029257408
132.73304953450605 181.56804617853834 65.000188507477731 149.99555856014808 208.70617966817957 163.04243899889985 109.96486802056226 227.38378373575745 204.8980003452094 137.46928068172693
188.15998364114159 91.837853696110741 246.95804088697176 206.34459192432854 90.865416993093461 15.952249328547952 47.756053265294462 43.037033320803175 192.3941928905339 245.07471544300282
135.84916076681489 0.93450387779274458 167.73440128920114 116.17041586603391 129.13412012273307 157.73646936825401 174.56755398497415 187.06258055593386 132.75668150947445 177.80085512975489
71.274547140581035 212.75777887240145 8.2697662924146513 246.09431754660633 147.41408642492917 216.44071937506686 62.864739305344202 107.98396660121917 189.92928528254907 16.898675250705463
5.6599946462261297 212.08533917706959 143.65358726570682 222.35280748657289 235.46518169670927 132.19801086672175 9.9382464690179457 48.302803659494579 208.9904849948424 182.84117734638932
171.52727080693393 155.60798028199181 228.18429493974665 211.89279227222067 221.12734663875185 184.21530730817696 52.106919310763161 97.181604727220304 194.25197027394708 7.9227774253275882
36.904279372967075 147.60297736162602 3.1765708875072631 16.208189786963544 204.91332941586123 78.130057715813592 143.5348649235662 61.545925081068141 128.13693764235092 237.16772805249315
133.27427540428474 127.46804445022423 100.29505763390263 89.656952814789406 23.396256291866436 114.68922909526241 5.5521962307907122 146.11725077467503 169.55817235552971 223.52095991512437
232.4558259103365 86.340829045908535 78.608617726638016 18.612562961022515 75.53719620919567 231.53079795618478 26.20334762295294 194.12250783974991 216.45644196077788 176.56916865006997
79.250279271125478 10.176579404377671 208.93376607938959 98.546859478891506 60.769350000397665 172.80014450302775 107.75038044458134 49.852240871337621 152.470427103047 111.55128914779226
210.38725300660317 182.27909794340533 30.139410125442726 170.75989532085666 203.56518075466397 139.89008766704637 248.84919067246832 232.09733097194575 82.087391987012083 134.18057962958173
63.447139615313276 43.791826429727536 132.36809122378946 71.260816265705557 209.13405141297054 151.45646170712234 67.798528621980523 177.41655843004844 248.17387102048568 61.397515988866267
97.339464109662998 112.78285058916779 225.92477526238378 145.89979051713462 55.550879636131725 130.37756386959751 21.072119602314789 45.38280200089423 22.054093953310932 141.2331507881984
86.093671848195811 222.44945476367445 189.13927464098819 77.162997697483959 190.22633368295786 189.75405215383162 10.516103055724628 62.452465769836863 234.09083743930154 214.66312754679112
23.589030523452344 88.505403190028076 65.836703218579316 176.91075897481932 129.28435324840169 168.74780292540464 140.09018519310291 42.828708041491815 76.571124511557457 172.3411119837414
6.4489635604765434 144.17175939376597 126.67586799688456 46.80196704809979 135.81733104645514 107.02814861508983 163.29801797053918 100.38564401932609 73.485509495648913 193.45306719204132
216.14962828602054 184.32601363080212 4.6756512003322372 40.004634885805707 85.151989722095109 208.8736234317592 30.331449272502098 56.843171482817077 244.15394866566783 103.39062818369631
114.75354711945852 170.13902022192545 82.439109982240893 75.50759060349273 40.401069846174515 166.71891671003621 204.96404693654085 20.888743472080041 162.61411920275847 128.16516856572528
117.57650377715396 137.26827879279492 64.700160531529164 136.15111633614936 225.25727435984459 124.41359168732768 34.14174769168195 140.06503081522155 231.21417811637031 222.18066403994459
170.00917645649196 17.461172506638533 50.374580023024564 92.688923437176555 137.05316673258019 12.696470404935267 153.19705594992428 206.6591903953028 206.40480004276773 8.1215893178101588
62.092517768664052 91.307581742279339 6.6052369634910351 162.38288762809159 177.39119501562786 154.10979174909798 208.26161291979432 234.43403082053888 246.67133244720969 165.25135133372063
147.63213157958049 94.516909004051655 13.34957812630706 35.183464022772711 27.409934722389185 184.26075509725217 139.42186864570894 153.75551541643023 247.62504201009531 191.77568072622066
120.41246415737356 31.820367097306303 173.05338498773384 164.36249913011503 211.6160350982519 70.422238722573709 219.99375039597061 45.345259096432514 110.6138659750837 36.649838596039778
166.05647060911869 95.452435782639952 163.59596506478357 120.31428356857757 230.38760411255922 32.446746922547476 71.512347864304218 240.56148466675046 83.664747338264903 106.75796439948797
29.574092246277853 47.812403984789242 208.20017537013919 85.399676932853339 96.492434181208964 134.91983233022745 240.06004957515438 0.87358647524241451 151.23499095003288 167.0852207017335
122.71169426346854 191.39408796971375 75.474984600034148 11.155530751482134 199.33236009087253 134.70764969326908 21.578427954393085 68.185575957783982 27.408900046152052 17.31162495243117
196.62639008169998 197.31628919930404 177.55539748477452 133.91381171807041 16.894067925549741 114.04733899477385 166.65984670697006 68.084821229163808 166.62777035439396 56.505296521720638
48.444943307798511 208.32197504521758 187.92378953193469 185.23916828210861 231.98108858415503 10.568929338627779 47.397116602060514 118.37914619999636 86.578333498432983 217.0367890308699
94.263288133907309 243.81793913526471 241.19234687916372 123.54600326446834 207.9420328425177 198.85871980881993 31.998325202228077 115.53547897520757 166.72900313993063 218.6566539446743
225.62855966229185 189.31831424517088 36.441871597133435 40.104937720851311 213.49011947704466 111.18306530255182 66.375869109145484 117.44946082610956 17.147369099652426 196.88712931995059
40.744803221729121 105.99293732098708 153.17811680371906 99.253473518421472 227.38481343110902 110.25569283938789 72.665381948005589 82.630559842322072 103.49558727365631 155.8378574072363
210.05314777091488 64.210556644537732 91.047830978615664 127.89755460595092 181.35728567037683 28.152225382940916 98.922439451691602 194.18269029750289 23.513266400649623 161.66251094700382
237.11722974863409 122.46269664944364 126.73313287615466 16.137759335195412 117.19826547822102 116.60875158043359 207.19548044500203 99.873605617154013 244.44668875575067 77.428632250854491
15.304287477151879 170.64103927260061 164.6987505817188 164.82158541803423 139.21657721626704 160.59987344020089 19.957689472010511 114.13742638067353 96.710334766546481 134.46685810087115
215.79574028175611 171.01598013544142 108.68134766759984 121.19689946541345 228.45955612795578 6.868138548488111 32.14829862610064 142.95025330619976 3.9269516527757067 118.1459139568753
135.29621727380558 132.89771684265986 235.53716840883186 240.60088296704473 132.17266546997053 169.47254841219086 188.91585279363758 228.09213303951304 201.51467642237023 192.18504952055491
121.10709079835937 89.405205502584693 234.08604664353462 227.25863582371039 10.059897213041342 41.40612290204102 247.85621740052454 11.432358164949253 215.60366540708247 176.9352365911231
200.36140376462453 39.734468724687872 51.199494247676292 137.12927347330537 188.83140920682359 109.52279650633189 173.13341382821915 21.729842524558851 47.748759172779721 70.978888078244083
119.14328441025478 68.839342761845799 103.92968865729651 51.964581397438963 133.84970333524552 57.039102775732971 91.320511951216744 117.42432652465213 170.83050413989648 216.52176642144138
149.68058105341356 174.70952910709985 26.030271810079409 150.60691323594963 173.5269861902004 114.4794746247495 76.877451239701301 190.43206252580748 162.24108887907633 154.19082084824495
68.024721565089706 27.665493581990866 40.883179985947493 187.88406415817977 135.34110435782094 60.025161341906895 214.93131770689155 194.27244882712765 68.568463203355577 177.86931870209705
60.073600667776944 189.03791584661738 249.33241986810637 49.359414475494233 157.22943491065959 16.507314568324972 80.026041232067229 91.929125461301737 136.32734085465623 123.371390245718
227.28243621227406 189.52191693291189 247.30829287993592 102.85215728280804 172.39595405905007 231.76512099174971 2.3172532615119534 93.849798759605235 201.36979199673812 198.9924984064649
219.01502505486627 70.338535448832658 227.60103630807382 134.5041690796649 177.12262439933571 16.768903772738746 70.430853204953365 202.49878125705445 32.166360443962638 102.26111413770582
140.51004521912131 211.64501780139139 5.5304475438261838 174.00341615330342 7.3903025973682643 30.913156742451608 5.7356433831294966 247.91411701476238 26.985506237212864 76.828334267863212
170.48962954428256 143.28227345914991 19.824094240158029 206.78334227491783 207.62268817449919 240.05309039487204 238.42351919625153 181.1523462987513 157.2031939042173 57.367139894806371
219.99413683376966 128.59013995036904 55.864827400668936 245.34536105207511 222.94761459445274 38.43390953504737 131.57008356465747 61.267225023616461 3.3779731397765969 73.272785531244935
147.53781266677174 222.38465639701258 195.41182891662638 247.56847057056927 193.92096481230632 172.26180397438438 224.79279972650775 104.65143934152006 7.8800373450705692 95.684552767799175
59.101098820625339 55.064340765153609 165.65773139722378 41.438129876100064 245.63693503191772 18.240503688979601 98.887886972069722 160.91701741847172 66.325248502065193 237.95277911996178
2.7539045976678356 38.719118509496795 98.126364254351401 12.215623549554003 115.39357218115704 159.05546760202083 152.79417903375307 211.65928035775249 93.922861579363328 157.34895359918056
199.08327223072337 204.23823660582465 65.410116445090352 9.3938673012949714 178.81708935561443 245.73735733599474 50.634148279830853 229.50271672448562 181.164990613193 61.282117844781951
58.022706224999432 116.97414208343847 57.811212666390013 172.35524868898059 66.834222309341513 7.722654940011159 47.541622625991998 139.55683225731647 161.92568614967328 102.76336550353841
212.33646631154457 8.7712638704744936 193.06486576314933 34.050067475532131 165.25704718144516 126.08615188553865 223.59880617480167 149.78227700784382 240.08713141799572 125.65911321562839
62.930324601237054 22.176615895226664 125.1700909494553 109.24495643901778 24.580715133353813 174.19974554978816 85.696557518903717 20.712758270629667 238.89962021450063 130.42948848573667
165.02455680912951 92.005061569616515 43.997611951207745 197.96574176147351 249.60368227500086 126.59323943624814 204.92008513313323 223.65647097862782 44.102118669031704 123.78269790198242
168.55666450436897 105.85075820057786 39.688102149356517 80.689343917954901 154.88073537622498 182.77173688603131 231.87306883937495 249.44001710476786 197.84793923999038 229.94083701685639
163.31807910371458 219.87882967612137 163.10644243020897 132.57193050025293 177.76371546626237 142.80258469263816 142.62334690839498 234.74938672466152 148.10203950137836 27.670572904171948
146.85316718485834 57.208263606498427 208.98181316847214 139.33982890426722 137.44827788151542 51.581305037711481 144.44172562100687 243.71101368925667 75.621076824271057 59.290251925414111
29.83460349454456 114.10286295540681 143.59871878212465 184.14151872698477 85.369166090274064 232.0269121358734 189.37650157056154 138.75848863497018 234.57397929392502 105.35699821302899
105.39057396134766 230.6689448739601 164.19277476138703 184.60035946044292 126.02456182258842 224.28389381565771 196.3558871538452 115.95457968559306 161.18043316426295 191.70437500746257
215.12806792532092 16.047914104578311 182.12737113493569 39.129770972390972 39.074590735418859 178.44745410644057 195.82587985538967 136.7506794400621 156.36695818708216 146.51366333309025
193.17128688523576 217.85804298168699 91.100335234906197 163.00377100183334 227.70601940830343 22.949661418228306 233.46822174201364 37.575643693952593 180.68857328770355 176.6724528881216
242.13122167778576 62.371854457631159 103.05658412853366 119.48506570487594 47.335414458959903 5.1357238265401977 185.24351417108463 224.60819570780654 54.282144712557042 105.88145162542695
179.46116866839287 8.009000636946606 186.66600250909886 126.37151572164315 122.91564670180547 204.78450116717602 129.18337548440712 75.789713539351922 188.32661803125237 133.51181439208338
54.031835330997879 151.58131965288442 166.26960001165858 243.39072748918804 233.2915318841161 12.612902074231762 168.92262006022443 138.41160383828498 9.0216536955297109 92.613852332459842
3.4946794445933538 156.44023395688296 199.35828290460492 217.08039360818091 51.585085868408711 222.11119634773479 6.5187943479217001 2.098101062694417 169.45189875484715 72.984495225324167
7.1288897894836838 117.52276601331093 203.53057567643435 27.172191701225184 243.58037614979489 80.185442502584124 140.54105693631948 89.497676961629594 163.93965164865116 148.77426661628442
148.00013874854741 57.119871687024947 131.20890637742048 190.27632432265364 145.09586443801746 83.038340324235236 126.38742705905777 201.35206347720461 213.19347555917656 160.90126222759645
47.097061701644172 70.228183552188113 84.00053154690535 91.734790389993819 139.72236438969486 219.46417835843897 192.93075986440471 138.0440059008526 117.79838776106553 213.62785888837914
85.658479256540289 61.752629378558304 199.64877776444652 68.678966631326659 206.29383958332721 105.42847047756811 3.2444117922134121 208.50580824529388 24.397130571413491 88.480619480106256
129.62604777771293 189.55050220648718 140.76247807369256 214.97306398394932 240.40219450404561 140.37182922387848 110.52662509899298 208.03585597496203 94.919753558878128 1.2177545055595598
140.68176287159542 83.203531595542373 159.50627975524247 105.40677559046092 120.50348973394361 186.44448963702848 123.55541865923982 190.40839148982394 49.848343640280966 73.226468351838221
76.612463483173485 107.09975841129673 204.16732045670119 102.18628842912719 90.413763552764181 195.10013166051817 114.37745197644625 202.36738914078484 137.43601416236086 238.48038700368161
139.01846172917897 26.410838302752499 139.43100505520403 65.752685643265536 25.794475820845843 136.25497342914744 230.5499903629466 187.38844170654238 180.02724678353962 119.58652983068303
225.82126550465844 122.14689367058386 207.36268771759453 206.22012684334589 31.395368810460109 101.50133499341847 242.3755219776144 124.75065688595664 90.735303176243079 37.532459243938789
199.20427974559141 100.71242005160862 133.51175136703802 101.11641964321448 220.77035394812731 157.39437647777385 146.00904434010693 173.0129031433618 240.35952987541336 169.02501462753466
161.91247778020707 143.45901050694576 212.32473957637001 123.69142624819466 128.18862528756594 26.52756989288142 2.0713566691873244 164.92196642644527 45.421150047225261 18.062686464529893
236.80699734512652 95.900055003077398 69.236431342783789 197.8263628667824 147.73616236883478 247.08255431231024 54.669278703146041 197.38173643932981 225.46607289486701 43.601811561567331
169.89217734665883 37.950472782279462 4.5453475322721317 200.20536155320133 14.904288043561818 90.095472785800169 80.406538554704994 214.59512821129834 199.06761210025118 195.3303982232143
231.32004572534251 181.86667697462028 213.40592274544682 40.376580629993377 30.33730115873497 101.93020851545215 231.93823226662229 108.28876517357257 71.773867289319512 204.7776888311694
100.91909690191933 25.557582132289895 91.579489142918604 237.2699466935791 133.13256893634906 198.28398082297426 222.04044699413811 38.724486440064616 159.04824987475203 29.494391706014628
29.479661991571277 159.09734353185951 222.25133888312448 183.022551383056 166.8762250171973 57.946398416591613 231.37521879577199 146.57101810364259 172.77886039665609 20.005459799116544
223.19456632786233 82.271843682249838 181.2427544505579 93.435250832316697 76.547486597760539 213.95427925068313 191.61932126261854 206.18873207912026 117.52447655022138 155.76605408308623
103.3217237854431 59.926424500504716 247.74861228300466 160.02116336530568 24.384205583754039 24.120806161459395 112.66731831565419 62.979643657785182 114.1236876276453 196.62380049373675
115.45464955905248 10.717297023911291 78.676414640002662 68.491330581144965 66.802720268872989 5.1804985502124294 171.99248348018904 168.44571420484067 196.20049749466446 29.888849574958847
116.06093810474842 162.25514284882013 193.49611360169573 187.24834210651397 38.643789298775388 222.20421038267787 45.324571463130198 157.55370775474526 129.46126634985788 192.81573655717634
18.408794778786568 210.27284053445368 135.11820103249391 144.30301795783845 154.30020689431359 59.65457084680493 101.2053067621213 156.06863832970464 9.1845732916696061 128.08087056984328
239.39630699811707 120.69842355917127 208.38868747232141 114.74137320378883 130.16381083311771 32.907458144393019 94.029793804781178 20.664960840764749 105.08885015893797 35.328643998385033
10.808633133072032 12.913698001683594 38.461008329152321 40.03244819310909 96.877465118991054 8.6464650836455075 61.082076507412957 107.68213187488109 150.99817233845059 35.433397126244152
146.88169271204455 56.193827862277793 116.03912824005667 193.59631629730143 38.377167028963726 100.9085260295154 201.15110813064481 62.050614416790978 222.53895166520519 35.747864398762246
149.92182934495901 43.200219910436658 203.78263837594085 83.475919273884784 133.8432631086059 39.976147633863413 198.6073152408363 36.303459313422252 95.926095656960086 72.565164235717631
101.09259536347457 246.85170608308408 196.40323087207378 164.48175862422377 123.22576714334606 132.62885081297435 58.462154756663232 216.24939447663854 88.275162959050292 189.24805797600419
116.57721582575451 217.2763613998055 20.585496068644016 208.00385946150891 120.502608462412 173.55943531542951 163.3529102791172 48.36143124031684 205.15903059421407 41.119022278751189
89.87111415060825 12.175666417568603 66.836063098228664 79.019712785208782 219.38362852123112 18.916528297922635 179.2305966552137 139.70738601823632 238.04848170296992 148.9012979782392
103.28673735553204 248.58474428794622 36.16573296456442 250.45177089003013 212.47544968568252 234.59469312869606 232.91545865909507 87.405968034749364 84.38449455624523 122.30032852134383
209.2639639631326 57.019196737593923 234.36924354760103 69.564552968477997 172.05791646277686 16.007319109701193 74.672874604507825 72.662723787744525 51.256788358851736 120.87335205697346
194.16788666373296 127.73053568099301 78.20001243658308 209.10208633396351 222.65143454881479 50.677879156340701 137.98106054481019 86.315602308237132 81.016103742521949 149.7083686039937
60.220331370787065 241.24205433504852 46.568551423067369 192.79991548119062 246.655263327531 31.519557202057687 213.76207280495626 220.01092625956068 72.756318950100095 50.814055887462573
48.794560285844213 0.24320322709740494 248.34701371085063 139.66634248052196 65.79166146543173 63.091920053975976 36.650954603264658 162.54612973828876 209.00513486732928 105.0347156361303
172.68526211572296 153.52040326188703 70.4868681650848 91.881118033906546 72.92242817034402 156.32068139972651 142.99820470347049 59.038920886516117 125.71641148177962 210.99123405967038
49.740064139015423 195.72785307063162 113.76814925269254 47.559361249033721 193.00727339154318 191.70556906335429 154.72701087958518 242.28443410004738 7.3219942877840563 174.89496624870193
58.897697778940483 244.50451453219884 197.91796516260675 201.91272129507564 234.32970241211004 134.25252656931846 72.829776163171786 76.180339298441254 194.04930675265368 205.72182256211639
246.64991489610208 176.11176205410905 67.8880798607657 134.3164115575419 156.68934805992694 83.950777307033277 203.28028946467927 11.630977546344351 5.5745990504751131 220.83092563535428
231.90622697248853 86.514789539475686 191.83166048876129 123.87276523199364 191.20676860552175 100.77526267513825 120.20920233020786 112.57937674258217 217.80581122392135 102.72597902520887
219.54305946984135 247.28480165292143 197.04341747554983 209.01522704286995 3.9429698479084121 37.011473830528509 20.674453467848029 189.62780850696632 174.68666455742573 170.02075163305562
54.093202574944158 83.503857449394317 68.595004535129291 178.04044268999209 123.96475182717835 35.520327629624532 0.24403413871387716 54.017804234802085 183.34720206153233 153.64892251236159
71.979219552770459 113.05701045547713 179.21858385973968 36.866410414086076 77.136523014518943 107.85201768946766 177.22455664428833 60.632961502032636 241.45498807637074 238.88059831124832
37.784847480041897 245.67454367972101 221.85068165494275 56.912240403924663 67.397930761378589 55.784721185688568 50.23176683785622 126.61669751125162 246.57686315699922 182.05383865921527
230.52739547720915 237.1966836730362 151.69162248562637 222.69450983524297 249.93721070377271 101.93958995036739 219.87441273807733 222.06220665848318 86.611379846519327 18.842618956514865
238.22067154619913 235.84755697061792 136.81105025112441 191.26314683956954 72.33974539768775 38.595218324819626 244.80218554970588 240.05657756051042 4.6697013318691276 195.1084436279782
96.026989844009094 155.02323243557325 139.97089820139036 74.611783589964276 226.52885684623632 213.81286603724303 162.53481629130499 150.88412116519549 44.614494061897609 143.30265711886312
206.66024511071416 202.93998440433657 234.65740859702439 127.78188372066103 129.08453905469122 119.63810552670836 170.92146928301563 134.41850787344788 2.1301355792012746 235.66554358368793
35.225009588309 68.486172760118876 168.46935882749213 150.11714540029357 32.353133806710609 231.52783127114185 235.65950600562357 3.4391578964675484 65.024424643880437 141.76448155625314
189.11316311650162 95.35201799628959 186.75856568824128 71.110879859993645 147.55536431104099 225.18308702345124 45.69584913313706 59.124023037536915 203.90789415301293 109.70043209052885
202.32619936404214 115.14005885099942 44.104464129310522 110.98240076338732 39.156129277610631 102.67684931060083 196.3077757348623 78.949785005981582 230.45588454665651 25.771786803567824
185.37787176600881 18.726362118428327 146.26330811785735 22.399835610826489 249.8394675766593 47.809792924487077 65.329979812679028 48.042525921999207 175.90128110196787 151.05991253718696
41.546952975968402 87.652356710480035 211.2745379757165 94.194261490833085 130.81932383809706 222.41279771837523 59.836174330651623 187.78776391383082 163.76424226899982 126.760256749758
248.30462530803933 194.72476826570917 156.68113961116751 183.79243921238796 75.746639429052124 167.10719552281185 200.51489315166495 178.27223395952745 123.56982102805813 39.239586235130304
204.7369518468833 116.14367770076495 11.413736283202841 158.61765421538178 4.5776654731874533 33.685533610468738 134.31859582796619 139.32410844154742 162.46132872569325 63.951265174726224
115.52606923836655 17.611051507584811 29.807273484045698 47.656175305981677 74.776812055211821 16.419804464425237 77.333175407772345 106.60412272484541 64.529580334797771 149.66314444057107
247.18962832598123 174.11965213879566 162.26230823333478 53.347433248336358 17.554298270680437 137.50158726709029 139.44602229226919 197.43247008072612 182.89410648277575 167.77273560058896
49.841843934862737 84.060707912272491 163.76170324586309 124.03388428406873 170.94461989214531 8.4570415687404079 69.584844836014554 130.34492641626949 27.442529539984598 183.18128858810687
201.95398697409465 39.833568957293352 102.63854739432223 144.50476619218472 150.00367372993605 19.914286540714926 177.8812852288485 66.431880573092968 48.952962057885571 122.53543661237377
39.784795209430371 17.782411104103243 98.088210422313381 13.586970601608483 2.0377311462099041 126.68091625590557 187.37060612153471 187.41931688918189 171.53992911595319 11.789488260675606
177.60545251916699 114.39967674521687 128.07353182819367 184.74465261216571 55.401690034969228 207.82080423749125 134.66719117222939 109.19489326120409 36.845211966417303 100.4869542691729
219.98340566217175 64.834328421244138 39.557378811535195 241.33900532501369 29.19335029441477 6.9475868472713405 90.566169134624985 137.65805909022112 181.38779931868169 226.69258420459667
198.39798487648892 32.428533693349152 241.52630769140467 183.64195414654498 37.353378947479712 197.32173392802412 215.95608294440351 158.28014053799404 36.003043324274913 149.87856493813479
49.819865860725756 3.8545276306176879 93.379035643276652 49.03900254944746 11.987209543374432 183.84484503109118 147.70506121754522 42.379522183582743 46.965684294478969 127.59654789146485
138.70508386214686 62.293601689919043 75.406231661245229 15.215807366088535 82.225655938957601 33.981843566910001 208.05051661456611 214.21306972478561 167.04468034592276 153.33183432243897
211.37551717143336 117.57530916806881 227.74351116975598 123.6519176517405 173.83312122881921 180.86101250504171 239.97691453832613 98.918580038856433 169.92352174942499 33.085757750313967
122.46323726645137 243.97151466563247 28.676887013422981 245.02455153888798 115.08656884425891 20.663555644145386 230.23389621411957 143.71134870567903 26.951565339601203 163.69182950562035
123.88938420011307 222.37974025454506 37.403153433433836 172.39971430524011 215.78387953157102 226.42202410509762 186.25728337347979 197.57441865840113 50.837135717604397 16.835462442193968
116.01957385844293 210.38384164164887 211.28593802832609 24.400292015450976 119.08894178620143 187.3855468920126 77.842847325020799 242.29156859386995 136.62775566610858 240.36715881263311
218.07969058179478 26.307503172609021 231.08273526163654 102.99677212557761 150.0992068251 96.162526826685465 19.815317244456907 166.4965388666036 108.21985705954961 169.28969476461378
44.681973039774029 172.75956462411759 133.93852836092429 88.981054733163603 6.0014377303898501 60.742913947434602 201.63874852399491 223.04290717903694 161.58364567900909 14.477417165613206
131.70310557683032 182.19542075703384 116.90581680026725 22.357720702289747 174.7078073587621 33.882873957328485 173.17767929270474 35.169718489036612 50.967219056723927 62.678720453655735
201.21549256040888 250.0895837971994 224.42511675426184 142.24309482960936 178.59741346036404 89.122314522158121 230.20083960027745 64.560189259944664 118.05735182840399 1.2804490753300062
119.51391049938695 148.97768814979588 1.6123068950878834 4.1476549338813875 24.335181283454098 85.566276068279706 4.1765986543016451 185.21779417470495 16.797754866806788 233.27175157513602
206.24162238003652 62.616690202598214 196.8936110269255 126.22678124566201 142.44412158676306 147.44984272201168 244.23768420426029 8.6590318281430374 182.61247653823781 18.311734087135616
68.828679358657752 76.961558936993313 125.69229163933724 151.94406786627707 140.94298537709813 188.1006659525371 211.57690011810297 32.843356874232711 156.82436568954793 42.022262418086946
89.810388440192852 126.41383083149127 222.96682037939908 12.142127680712948 177.19309323433993 219.84949252777136 28.712713847752422 1.9930683164746961 64.976887732133733 103.06215965716035
215.0911494863592 23.061723543955708 152.99721368735459 145.71630556588056 189.39928762755164 7.3376978835812929 178.59478486043054 9.6267973468912214 238.73313300813646 248.0623855709581
200.71641025569772 47.635181574412833 46.223320616419606 129.4372690784117 81.523392110649198 184.45632051839155 196.23105887296697 127.01482272332935 218.99404945624789 38.170153178067977
86.742181834855316 23.239022391487964 194.48538757616993 61.647118465566933 11.847443958015752 204.74807711461929 93.468585742915636 203.72241510398385 199.07641060727002 185.90931738777931
148.15697692949888 103.37280836573142 39.684575664372865 250.1799840406191 190.48680390603789 189.81753016351576 92.272595983417204 62.117090423715453 8.8916619612045356 21.370972595758058
54.852743836401395 135.82510956790088 56.189504123007616 75.660516852959248 11.982027212706301 176.00361852579189 37.859549323535774 129.49414311576962 106.02570580238886 113.19538003501722
27.438828957574298 119.61198629637377 224.47099184287927 116.31903160239801 41.629718653616706 193.78857487974346 115.29691793589048 193.5138729719863 6.5399241440132512 141.90287645412414
188.98386547336568 10.284744256637842 66.589767635897417 154.35027573042012 67.571343885913151 72.642761523981292 249.53794707173412 99.195058994334275 146.15581514725449 35.664350464755486
62.117710237308515 123.87821812792153 208.44861993797304 176.6602774540973 135.41873774286066 94.407927560201287 224.50244359566767 10.085454365668665 8.9407699876990598 168.36558587371854
119.53840281900861 216.31767304851081 141.13046741551926 249.79021024914158 157.50179159082845 223.86223252805033 217.21170221965914 210.96564665482023 105.47540681750687 61.11492207823175
86.339873436032605 210.39433451952178 115.54716081794616 42.626508066760003 85.808588235345056 10.619620332016154 160.99343885281394 146.43185584688445 120.82666780293231 242.40514884997572
49.073569142366779 234.52348934309555 83.426327352421978 7.9841611581182974 210.64050430541738 113.78885439513036 82.672711198543013 247.55979611522685 126.98086487052349 16.413876484936161
224.25037020349654 169.22194414031338 118.5819229255595 221.19243354226222 109.82739668686501 96.475553657301049 30.295321713832703 232.46293494654739 232.51401717850766 43.300853136660486
44.407717507847124 32.272392521903683 234.95406544967125 216.44635209668564 72.088764376177778 70.850993024228799 86.168630761264993 39.042046831431918 184.97284951867303 115.46457436856772
216.81949714751784 248.32539847406909 118.64789658552206 120.19624554870107 119.37776548973527 152.85127175381413 51.978507878650369 229.601136116753 115.6559456713445 237.91557697250718
236.1316133981403 220.98037816601428 216.2375249419257 203.06155428063656 18.526285153348923 249.30692317466995 172.40304634888045 224.57373582318976 90.79499737543776 2.4687694260259407
129.07353551331397 132.44816206845607 145.77987894827959 17.383072110706085 74.442257641602012 113.05554537122883 29.617112608511544 85.940582051750837 222.68499730880646 151.7476423307769
190.86501962892336 219.9775816405714 233.29024618990422 53.401084418138602 14.233209965204026 245.12732709169308 190.53877834014841 143.80675183244054 11.142999084296669 99.931437495680086
96.77700345591407 68.701387171284566 58.079534383815755 218.64361777065358 99.466477935220908 171.99453131716959 101.27828952536002 79.977270420676177 195.00320377189101 178.32618783905914
156.23541123067568 136.15172289181322 102.3096481526094 2.1948488583727919 139.82964020413132 140.89213634406147 144.14224117861798 160.60446022157174 66.776018626919253 14.56397067703767
109.7561824890528 189.4282955491912 3.197870271771122 133.04092078116054 7.8519495664472805 54.80307238033329 59.027225469133612 152.69646591302134 49.105534057343441 169.5886030777699
182.86979005892965 150.60143216793628 126.98562193412137 124.04083940488518 172.66962570132216 80.796819521805048 37.896153594585243 85.025536867851301 126.17523786530802 116.654850936001
237.8756972125058 54.448999298423473 179.86162751059001 176.9560939124348 128.39834687032911 163.56444966856242 137.26203272453918 241.35930205091813 61.084973487172675 95.21338924592267
5.3589257891817734 234.60346227974807 208.9026528760466 91.250720239388386 229.6948577150963 16.855758313214242 188.21475768600774 109.93872158405745 100.15421716625724 99.641081912981534
27.468530569779375 222.4514409774898 80.124683674940357 114.89101129103302 93.680155348040344 29.372456414793948 243.65207503235607 235.92629736320538 24.152864804065036 89.159802360053888
164.88256146446076 172.4541982313969 196.22933805967705 61.473773040734606 116.02993130753649 135.72539468435167 162.78352002735616 230.24035277078079 93.97975352613723 93.856132797885721
3.3358444312355906 100.10548682694585 90.52368234500662 7.2244602582969666 195.52875276929083 208.1578409700474 27.317139107452576 179.11227890251442 235.85437653503806 130.68234462636929
66.535669483851905 112.80253332904329 220.42733778552574 225.12570201471908 142.83345576428553 113.24024937760242 235.20670601432064 131.46162763139321 55.690612083558982 175.58824922871079
5.9091107846287709 155.41672290514614 114.95693688552855 240.23737273468259 236.92837854886571 136.32030004379089 219.13855542768292 46.521050389039019 52.407019498693785 239.28468820976985
200.12539217599851 151.87144020145666 162.54284334974184 118.92493269896576 152.37064129594557 184.46858760935314 48.603632737752157 62.296121237390352 235.60494094329087 150.5795318250907
190.95675409434762 236.36433232076027 33.100735163506009 232.19878591054336 43.842126798291623 69.424576357036486 111.95940268642057 219.75412651568701 223.05237433288963 121.38142884485869
145.53141994708352 141.56000637162981 89.100785788104275 154.55117964143372 229.71963884227515 146.1648370701985 71.25290187919849 155.7874428134792 219.25827704565344 155.66105495355671
59.191889022118289 17.041417858598262 35.975553877996241 101.58505698862179 136.02416422340528 57.750811795569945 165.76764729210737 61.273523152631782 118.21549200381949 202.39875595860929
52.792758953824233 201.56627953057199 144.76128869983614 141.64073591491359 89.341683764058814 78.912042236583261 34.91540801894876 192.5503715618687 138.94187656511485 220.06046665486369
221.33407961027353 231.1137586793559 170.75364739334927 54.512530964179476 234.31624085077533 223.85462927084652 77.499391384719829 220.29763688646861 187.48136744142781 66.390191540682423
201.71323532856948 205.70234428239417 108.52228782359123 118.62856242839314 96.313313498485883 148.50150056687889 155.20664573096212 206.54581137845912 246.58333237152607 56.652729965319629
30.989872631515251 176.69593157013745 224.31432877912596 223.18268717881415 162.7941766841555 63.690349438740121 48.923392025330195 93.815952879773036 23.567768190572707 24.84540701906873
128.41549114668607 187.21612614016308 138.55147005765264 132.97355000895988 98.796429188709453 190.3836812163064 42.479707836803385 161.83268935623238 84.593834600116367 119.61284220912592
89.375107383657323 40.745324347292225 209.11060876566364 82.525799485627687 123.17399831204555 217.47152747602846 242.90089982753489 16.017714836758262 178.2646967054832 129.07027535686129
142.52238772554747 100.78129663665148 217.31634314214182 4.5158545910919274 122.22699808891711 211.03049265736402 101.72338338962685 26.227913502837705 47.616641571495876 192.87755432120881
159.24584363891756 198.2395302537071 190.99683155509351 104.32032482234533 22.513338276926881 161.28442164821885 222.94712748664804 63.313132086065643 66.044673531459694 121.68573228518825
180.74285417805513 44.834790942488041 85.305890379796878 165.91782678581711 120.3784045849948 90.107961946907125 193.21143499733685 150.80848818318614 117.8400093589408 196.47237716179094
92.056036559580022 215.11526863747665 152.87321252030611 89.655609293603177 226.44702658530585 46.14033144189996 25.196602262551934 166.90041146914325 223.15683922783373 37.64381610808568
248.01659168171284 111.65614050436839 83.091030004107182 162.20291925472387 183.14722743247574 51.641301113624955 211.91745784869872 138.08259249424091 210.57858207457568 247.09376674187268
241.57226465041421 108.31730055156932 23.689380016145261 116.56980510456289 121.58259393769953 8.409988087946271 25.842518094306278 70.028960364668293 98.667818110563104 230.60669907053119
130.04243591002546 175.92987655817925 236.38574263916917 168.70134412704837 140.55864188244567 118.29907061821534 159.32829765103287 244.33389858638773 22.243691066552007 147.82478733582482
169.25509532866553 19.941510954806059 48.646183206429122 1.5375851992191187 149.26040039675291 55.866666718912143 99.168692206829121 117.81788826082193 19.461874581256975 243.9117294803776
156.67980053036806 242.23274886264656 45.44375756571327 166.07516542042276 118.71290296203827 95.964533251889236 48.056448627745645 240.3638984507794 41.584319757569972 233.23971553247384
182.48331802354971 204.30522308537215 9.6736678158275282 178.8698664647344 46.764933004897316 196.07984231938102 150.94860225087069 149.14037193297537 236.64453769224167 94.798662740740056
34.732094915538617 142.66350315553029 47.644626953770917 186.01241364791474 96.543032512355552 55.400423308935785 131.83872837948113 164.54865783305095 98.192531416797479 141.31332431019055
190.56768699016334 20.782077827537105 48.833552527177702 159.81266085137895 0.83296144202183364 39.393813745150524 208.33068294148802 204.39381775161149 113.79544280457935 226.61273194005028
215.0489094326297 124.17657547026451 46.936868752044354 23.286518502510475 124.65875141168073 217.89334988801966 75.384317472452054 180.0765603336279 25.964417751915821 174.64423569695606
235.50662304110935 217.11661374066745 189.89726728184996 169.51211666167751 163.5884813171817 155.65843595033178 33.374332348452121 176.38553353476661 142.85699456684861 123.31795034209144
182.96636765610546 126.37495086975633 100.10740566251511 86.60619268727018 248.62399433534037 9.5099195218933215 62.643822391568165 224.14719943860931 22.017295733391425 106.13626519940236
101.92091125789867 49.150967198219391 211.63137237010153 47.794029943037508 209.31762892870262 69.409355649485519 118.95267496428207 86.493092621865515 121.8741427778038 187.11073675286653
213.81686478331036 184.27951954426922 5.3911791252841015 62.519409923958136 241.90792652791063 187.47420581928037 32.794433757111733 67.911384529045961 167.55201618096947 69.804498199113695
96.75560167738324 14.139135647215733 15.240429613526933 151.48438935254535 106.46855663732237 90.276635105044505 248.90375226733303 77.361417618792714 234.70975168215099 89.808979117884007
203.64275706428541 193.92095156382766 240.60635544468263 227.51429082643014 89.396382158476058 84.489166731386462 50.406555484205654 41.32766900731761 74.697408051794028 169.04193106258404
136.87335131030926 167.66111181135639 4.3026229801287172 199.60259194850391 207.10532320234239 208.67313725526418 166.84968052692588 226.32292423773814 205.41127764632668 178.73972045417284
92.890625190354029 180.26222298194821 106.06701108645825 220.60369862869598 35.919614669670125 1.3084647886335068 131.71702179488886 157.58308667747045 121.60766017867503 67.793270222514849
94.106963476096936 141.57420432410737 174.9353494406385 109.7533826763586 246.08080590664773 197.04761226326644 105.01458811090684 31.669769745051273 127.4785517846651 146.15498649157837
110.61910751004557 22.109242455191218 120.56184470052952 194.86745144566541 173.48152791993857 8.4708456439172721 243.33592391503561 209.61102851840363 132.74815553990263 62.762589794633932
11.20763972304025 136.5710666060815 226.74423024504753 86.307105494523057 65.170920071619264 150.77187233304755 113.66993949970302 193.18508135580555 184.58269021394563 178.19846295811539
142.96892529998237 84.445971208857642 201.38796497853039 137.33527771509591 174.74145242500407 121.04665184018977 93.808602287688529 38.084158214807537 150.52870447866604 185.04053279144324
20.355448996179732 123.73463500658129 192.84106558130296 132.05581851990561 31.329732448285476 162.47216369682596 115.58211379961313 189.91897225067584 186.52098271999941 121.79351016398869
137.7107908534206 225.26838758654441 243.46209993795935 95.049222069604099 243.10941677006355 77.311817257484606 57.050457970533969 68.641783106878364 114.65311679376734 207.42399868848602
147.61695564347423 44.122982631991817 38.979065959175429 162.98454668610597 193.56037426128154 26.907713931607066 189.96995304455859 36.694156452506753 179.14619948492231 145.25648840243181
34.292857724272174 175.74209403061244 211.64618550982951 174.16152231784355 179.73676323034462 145.40658537720458 12.181711793782949 141.42878295341393 161.21759097992302 83.975860403248475
82.974179056768449 115.92314337596028 232.48702807587983 241.12456246183297 101.36156672591247 153.72945288342248 225.63885355606462 184.01313141966486 174.20839543714646 131.55020021916783
153.52719112082795 34.524760536436922 216.3320100281592 186.86730331714637 105.97431712901943 73.636303523107884 233.12460122245639 97.183749084998283 129.01625114595362 82.813400499742713
12.712625241322888 11.497639376754782 249.06862467276366 151.96940488855574 198.97127797215697 164.15429818687716 52.117051186117763 191.66718983376504 196.92300641307136 216.93890620312493
169.20105456686701 222.60492205938056 117.50858463111545 159.64458340480078 202.62981523644805 141.60581819108074 108.22678212439456 189.57841649660077 158.38412185086537 125.98217175187283
163.78719351421302 228.57660820694107 229.58378479684399 87.733324062343272 93.703131105724069 104.51553406263511 230.95588973802947 246.89111241723481 204.2469811976159 224.23562885483639
234.5717587902617 242.26079014732255 14.910704936885267 178.10582956646138 222.92945141795587 185.20731193039464 83.312060167383692 150.60681855126177 166.98063248024087 24.961743417279557
57.556803531854811 97.197625003589479 155.91692507113927 116.20447696569151 36.955207158649706 233.44858231221565 92.877086847511649 36.099161699723453 86.480826763526011 208.0607498027116
162.21106186418771 218.32180854801217 23.087377905368243 19.626396700768492 15.32100179165981 235.04149916838003 250.31995055362481 168.01977904468265 233.45392568834353 22.487597096119675
28.783158449071824 208.92000148677556 61.596382440758561 88.284761711088365 188.96555434589843 210.85066076927171 29.525039673931438 182.51663483281749 83.670729025538947 84.659185453600529
190.68464153684209 92.688938792824814 16.266249251301701 158.60145030159714 122.18893499102643 127.03040354710436 153.25586814434038 69.620991955585509 106.80151720199297 190.77567954586291
9.1820541084342953 243.97282427803037 223.844802481372 153.20025042559189 225.39297493156971 173.17978302614861 30.789109404078651 25.373158646586802 249.07185445599268 88.702478380282543
95.964220237911249 188.76862338938591 222.70744489794689 96.505430490587031 75.751049638933267 216.11414833837932 227.8748646862868 26.686105602246528 76.444519913685568 100.1340513213768
97.197795383140928 195.47557177348236 10.081525607485775 187.4938575038872 228.57926455701534 221.82075607092932 167.90978497082548 208.14177618713543 63.49738885002089 178.39734879157655
23.402182393985175 198.85606128084493 135.7042006877227 170.43566134768378 246.18827581274715 19.363584327744572 72.234495287481323 240.63252769573882 93.217219414037274 235.03024657280571
