0.38818048782958675
0.84776011481767255
0.030077473421986568
0.64462597690507673
0.18424874941090313
0.83211388752618687
0.2750769441287168
0.079636898777896412
0.074502444815118515
0.0055748141666769778
0.69310114790905797
0.15793007275680054
0.75019418347392486
0.73920423911557387
0.2977894929211829
0.15990506636658225
0.90136206157545073
0.26478059551012062
0.18833004579778362
0.79708860651708624
0.30840078044487756
0.22338404339080603
0.45276529729119924
0.095057797042818401
0.96576696980533572
0.28357972838984308
0.4388549533153811
0.51072919938811667
0.049127232604978352
0.31641741705771526
0.80284185142512432
0.82367059839388124
0.38762461802955767
0.83109734712979155
0.98536921861169569
0.17518401153048252
0.83403967684249303
0.66416391030605004
0.57114696159388934
0.5503245516229992
0.46665945256251312
0.70513639568330255
0.23554820789031389
0.28706942344548986
0.56880374649268095
0.91172275097815891
0.42822569169756647
0.85820313706797202
0.98602977622698817
0.36847710449667231
0.071203961136018831
0.065833625669201742
0.76936536820653068
0.1735457179012006
0.94583769555658037
0.99405153017094561
0.52289567514778956
0.94680175012297196
0.65948707270854745
0.33806075765191285
0.23292883331708242
0.098632688064808891
0.055419719281719113
0.021237082825131082
0.76308817682008601
0.32771335632339499
0.45465222524779852
0.72618821244421694
0.80273343221479865
0.54132558364785466
0.6517528239151803
0.83781549849871151
0.27676025957602507
0.21081577498883425
0.94846600283529092
0.70110853768770443
0.87224138816686614
0.9777344200389082
0.87339211000333183
0.17152844247896021
0.93176244007549425
0.64618111158702796
0.48739652899183866
0.53587594170186181
0.031682420375141393
0.54155240946187844
0.14243772552042772
0.43291545452169738
0.71363854750722899
0.14593651716993811
0.96719217172252858
0.55025514523338992
0.74236600169977207
0.65242272459947415
0.13137013791951729
0.58868040311757508
0.14693809853882517
0.80017116399208799
0.37880359472366248
0.15700304486786726
0.84945073542324323
0.55275364512107217
0.74267555728727941
0.22060697947040259
0.91406251324970256
0.4723328888300144
0.74536435689275027
0.16698141374069492
0.32367275860145911
0.16994334916367188
0.5275750719219876
0.15234311136825113
0.3350840091959662
0.83135422189551789
0.28945310969158705
0.25644132186442331
0.29385515158634795
0.78146495743887634
0.00098160798876627546
0.099902256962985533
0.34501750903739697
0.23574704179048206
0.73973217681565195
0.44409260123032407
0.25812961663305894
0.34995626335834012
0.56148264840806528
0.94546896639361322
0.76037936538029127
0.45729025407158214
0.28135027184482847
0.42869489129960964
0.3437203091273226
0.15117679103917864
0.32337330989655583
0.040158528820888592
0.68493732850226707
0.11482378654731877
0.58178656405771922
0.041619567904972607
0.54030095463210437
0.067350377963905569
0.42008047970828261
0.42099567130701715
0.7488382589896202
0.78615022163897474
0.26672071535888381
0.77733347813589737
0.98911258648753397
0.40509318864777571
0.75239406797447883
0.83481599729710732
0.064876142051782978
0.10693694320962226
0.6857402733670972
0.55657685227848352
0.23858791763944814
0.43697042053347307
0.28344389727126967
0.37880965139842199
0.61901552779263325
0.96764096408872979
0.62683966103862088
0.99106101612887409
0.66993674273299608
0.34340048433758935
0.79562120106724521
0.85950706269141175
0.18120749224643312
0.047903482216598389
0.75871469358264776
0.78820150677119616
0.51077146423178965
0.26921150627074003
0.35372682366601899
0.97849241409954757
0.97896923783261081
0.61808305891355619
0.59014082531107726
0.24377683569209913
0.40249028518831126
0.35678081575442883
0.81359068545023616
0.23251466351199551
0.2300175866035154
0.99294650155746111
0.64576798068514485
0.90331779789478428
0.9664033930561382
0.66666409401052251
0.075669273839637105
0.51144112235004213
0.16507830128547657
0.84738872795093267
0.32825740928341157
0.081240466509403239
0.045713377008968201
0.68181289409262802
0.11904162818146395
0.55955356963695946
0.69120781424991962
0.43756095518022659
0.72402725895322562
0.42945584953990262
0.0048485954152349018
0.026738618681932547
0.077516496754845551
0.73565797597843785
0.27140227819942514
0.030183778548408414
0.84401490092767384
0.61767745190165924
0.078738305773744896
0.3222672680320679
0.15766980360952249
0.40835839345596742
0.53351150838732653
0.45797678505223843
0.50084108742510802
0.08162225631349633
0.90875881495331656
0.8918141013339832
0.60798720812233109
0.8003210877319229
0.57360075165893631
0.64146480477846901
0.81503333975557901
0.31379125573953043
0.8416464777722179
0.9580913697963841
0.51935135020529266
0.65091027185240269
0.25950695718584998
0.0024093370039556692
0.7255010225758457
0.96138916367083849
0.08639660144750276
0.69071277076571069
0.65976937889023668
0.57093939495465706
0.89865018239901839
0.79280617644349771
0.68050677612964361
0.67574643207235452
0.98112617040209504
0.81329950851641819
0.93407886232600368
0.61902666246315374
0.314475528160506
0.1153351465536057
