0.021751073713364644 0.1877067821368768 0.21815941414189127 0.58451910257584105 0.57855665569367754 0.69727095928902882 0.72410578658798486 0.35847314908954603 0.73528616629778065 0.44007075267404433
0.88690658355662222 0.05992918171419008 0.022894367395545446 0.87061305042480763 0.26086997707999798 0.68925804420059389 0.0090333169755730143 0.13373232641352401 0.79838616060572953 0.90056181068213403
0.68604029138680211 0.45301413949345298 0.45428640184289321 0.11241979172125653 0.16919066140871769 0.49383678304322148 0.9527618378267857 0.24230605421725898 0.99766857642886253 0.40762581501287182
0.54408721744209299 0.18566778098334807 0.3193381639366682 0.37752881784393771 0.67551285841273212 0.38853599934901034 0.23417581720959973 0.22758831523091322 0.44047613326625829 0.51646699201686885
0.44088415742957104 0.42230761684186174 0.35833277094940891 0.69613225619313224 0.54304581800031493 0.91239257763625881 0.30493661664352839 0.92696536513216532 0.74255611753871964 0.22396663412463519
0.99507953096834811 0.41359451670360964 0.0081515215008140414 0.64616853466010515 0.33172432989685191 0.8136373401016761 0.049601832237568907 0.66919072298148641 0.75724007327967235 0.89170836962680922
0.98393984008181479 0.8204481887756806 0.68697673316666008 0.17169921870501087 0.43343185121446653 0.30874678413583162 0.39220372449747815 0.80341019247153889 0.39288823347097729 0.82542302355082819
0.38151842477188908 0.7633246426941922 0.46284851708387248 0.14914381460060261 0.48906714911462951 0.020450477853020611 0.069505642805931009 0.24870455416249354 0.91900540221091964 0.92016447825579051
0.24208174861482629 0.88802329653987266 0.29663517846900761 0.76864556442702914 0.15184689722235362 0.68921694893214491 0.82274994830707182 0.95408479529895096 0.15987140230458491 0.67068051030755582
0.56699164301112748 0.8396084914067784 0.76352157535832321 0.11397051529638096 0.14757813112398571 0.02002656982738198 0.59125287244799218 0.67947914979568746 0.70732213855578474 0.29585827250465108
0.60004419288211974 0.36819910051894583 0.78928829056990146 0.20959712637125555 0.53277653290299187 0.73441785454973574 0.014713589774671677 0.93327371861070407 0.83565844954807567 0.82980239348959994
0.91210529048403477 0.14369563377196198 0.88597993313994594 0.26060331341667226 0.31632392911292334 0.5548796615028917 0.50743962986043378 0.38535067729234923 0.54263395229107525 0.29824960323282917
0.52161641401598224 0.18399859036682703 0.1973633464864461 0.75777218662564305 0.65166925062934244 0.49365153991205329 0.18364191861438067 0.33504450905504141 0.14849846024617314 0.74792199984259589
0.79380448994748221 0.50658015239972332 0.49945729640682551 0.46069441706736175 0.70914036768683852 0.1970705249904337 0.34226043026137637 0.40962744269867807 0.27884725141495098 0.77357302642410708
0.96631474855839838 0.2013160661565398 0.62694399551771529 0.66260570700229671 0.86234852072096579 0.99144116196421361 0.28911087948756459 0.4669633261224852 0.32315292552888081 0.92175478104096464
0.73175143288992461 0.32862194130285655 0.18694606672136077 0.33662672634540131 0.89984927491551991 0.62717095287795022 0.15368820146810042 0.033294852804088879 0.84403500861805003 0.71191782424567418
0.78888552872675455 0.088677729651053402 0.83017293961371919 0.66138808223741818 0.48699618520054483 0.43040987922255497 0.028580849181553392 0.34253967027866256 0.72470672603953079 0.24680889141313983
0.970736264319632 0.61904545748773854 0.71392568753107155 0.38702093428265644 0.79207637337625836 0.45572229879243425 0.45524868690124581 0.80923378480324493 0.11794307907795813 0.42056972767582329
0.093295223828652782 0.13894135723749673 0.029502571196814032 0.24273800590187816 0.19018968263792074 0.95980753492239423 0.016406889161710448 0.38945783339104817 0.18724861695481138 0.47996084133273903
0.98241946953904224 0.77431216266140557 0.82066592809260475 0.28263482553340552 0.69955717812912876 0.58186324815018309 0.15335071409510775 0.44243808486090114 0.84835373830775251 0.9430834843909921
0.15412236033770882 0.6829319044782648 0.65013871850092197 0.34267910120186568 0.8936470988435764 0.66133072882535626 0.35601390566365604 0.43522021496815205 0.32078653234250293 0.31451453568497562
0.82483333960023786 0.61838227315164063 0.34157251543657746 0.3833007341715185 0.22969720783324615 0.73320286657019662 0.88715362604315129 0.90270927610719032 0.23091360430878 0.68972125797374828
0.58465070031583721 0.14561131181308223 0.98115492465893417 0.78637393441653969 0.51576528919376485 0.021934856861192609 0.074472927025718769 0.86980205944529831 0.50013392281292512 0.29567601193946996
0.31655417766317345 0.78850793764899374 0.22659544786743729 0.009211492727880289 0.42519421410825492 0.26777653668688534 0.98256825332934106 0.1621617725242947 0.11993240090893469 0.22888897796252189
0.91173253481025007 0.0048468497157374999 0.16287687915951449 0.18144067563833749 0.32633408239707978 0.055650107506012 0.95641768451842968 0.6578422897477727 0.10446384039654426 0.3076090008494467
0.26831698662807485 0.12734832703055293 0.084100010289856961 0.50191723742467065 0.43883353309438627 0.38627875673965256 0.12377999351791417 0.46727017164184709 0.0012188899681792487 0.068521161126088123
0.8133202006536 0.15662076998116764 0.26366136720013361 0.91304695243096523 0.14294856804628914 0.8160452101977157 0.35974527934345263 0.69145884078161224 0.61925903296711815 0.46421802849983446
0.51919127886617134 0.74610017585797272 0.48326751528961637 0.043478432552093868 0.21685784074425069 0.34777164416803391 0.44278936292458831 0.43132104093731854 0.43363726656246077 0.90895234583997397
0.52421679583061587 0.71854453615009661 0.25757001004836882 0.59531081075794912 0.82631969798978988 0.64505862298763761 0.43387687710541095 0.90340307185405178 0.81358358287045496 0.5444197287749194
0.75263993456456635 0.36735141478444294 0.98783216354788705 0.82537836769731421 0.36346166797237384 0.063808997314191804 0.19102421306117784 0.17214813328321271 0.76957677156213555 0.98029886177201131
0.54289596274114704 0.002304868369478119 0.66935885681236662 0.46235678545442277 0.51431091431448528 0.63084030224968235 0.69666414553584477 0.74694163924613954 0.53096412732187426 0.71033177449435292
0.28494560414989517 0.85092307897348951 0.032845363756977816 0.9843727708153871 0.5895252122578224 0.86553739040634103 0.25134954892254263 0.43190866514059983 0.75966681521757196 0.067388065592323507
0.01953057323193268 0.84751114207964418 0.57250957781481537 0.88748589142399803 0.93763735580511964 0.52783301765662494 0.037118551407730946 0.1920726447513727 0.83231849238885025 0.72828792573963108
0.68520802235680534 0.62178856875195543 0.91220220476592806 0.84551331441857724 0.88357976191865562 0.73524491966724881 0.2074768885783021 0.38797710454119511 0.77517652661145642 0.030009557648947683
0.14761711749186829 0.59041190944650412 0.012706283550029052 0.064832759147854177 0.81965331766344496 0.31252023086325437 0.57413945969426483 0.24618370032427256 0.51254775056940372 0.94867091220997257
0.53309710161713897 0.50987217780089689 0.40118023053561053 0.3586278112591576 0.093585025167465738 0.4587569163810496 0.02220878492316285 0.58446900309870009 0.67823268942211878 0.89408383966049743
0.92809324457430253 0.34413835780614738 0.31178467698885742 0.074399236294488122 0.30066194488681514 0.9235665349215948 0.10357287832943078 0.77618161326341595 0.86525515384619678 0.70393376512601524
0.3170011170845019 0.040706317617510687 0.8357350643175584 0.39418743791556604 0.24307740000159067 0.69120057801211099 0.43100152177832535 0.19940896348535048 0.60988170841218803 0.44620515659116905
0.84154901202641275 0.72911639177362131 0.12055764050177091 0.68303958128342668 0.81426072301865593 0.55956035066818555 0.99539676268987332 0.92838932388778306 0.32834956794804832 0.53672231851832697
0.24924975632322072 0.17111749101598278 0.52479973215943898 0.28105071864151171 0.83142535758012948 0.60212256544681808 0.26862081472953153 0.70612389100962236 0.98892545181260616 0.24203615469113821
0.3854839129975009 0.44761061061251978 0.89945479426482655 0.58136301873385754 0.21831005686011901 0.51640127442545802 0.081938998888494249 0.17746373473293681 0.084965179681953204 0.56259362060245532
0.34437468739278326 0.88979781905469779 0.75655709856395281 0.30865199078993583 0.76090533473183142 0.75901620861532648 0.042064412222898515 0.24980986307934744 0.93636334975720614 0.85865251018716449
0.09199081349424891 0.35161065196802715 0.26191936534127463 0.70516828550856181 0.51608248892171682 0.672964761186437 0.5598446769376888 0.16837830789377856 0.30350425537262454 0.68823415960147905
0.02188947742742069 0.57537298045437091 0.50439602665197114 0.18400059992345169 0.53958822703034459 0.42656569311164744 0.64983939602537455 0.39976137637875625 0.28950556957048851 0.77037215643346735
0.8645985131440822 0.73730405452320846 0.018702604801328949 0.16001853954322282 0.34060795888838041 0.83549449372703677 0.12132579709000839 0.2273726859312683 0.97661579466267134 0.41356251273478523
0.4590141884778341 0.68055608088770181 0.32975643992896359 0.30203036241397091 0.16160427938469807 0.66687566684014488 0.81985618774616342 0.083554973888320158 0.65045647681103391 0.51266067426290107
0.4644874800636572 0.5455436390437558 0.25329073977504452 0.54222472557322787 0.89550252979667411 0.49530108861125038 0.13318035453255556 0.55741176465055764 0.92260039840769881 0.88313721774671183
0.67962826309849067 0.069452302070292224 0.20147390061974041 0.37040397276155707 0.54808471594338526 0.05044837948510654 0.61252082741815961 0.82635392298336829 0.8251755207784236 0.032231752551286116
0.2483700710746562 0.36523032696911734 0.026420947853964139 0.64953155051236633 0.70956478006251145 0.6164391669963919 0.83304645167917724 0.9377361232821555 0.98668532978883883 0.6610054053348825
0.58756281817200462 0.3772632532569839 0.051982349801118752 0.13799144188324503 0.1075690732272591 0.73552059920785551 0.55457406712247093 0.61252579518491546 0.98849023838919436 0.76388221774206644
0.48164985662949428 0.12728146838922522 0.69221353995093537 0.6574499965204601 0.84646414039300755 0.28168895489029483 0.87997500158388242 0.18138103638573005 0.4424554639003348 0.14659935438415911
0.66373894212493023 0.38171272186575694 0.65385306796503118 0.48039849954674091 0.92078661262351102 0.12974979530893987 0.28497680987507185 0.96132288025353296 0.33407407606097034 0.42675564047100295
0.11785117488981749 0.19048290164360654 0.83265576390345908 0.34100338146919124 0.38522238859024854 0.53891189285868835 0.95961396343944094 0.002821571507535081 0.6047495790414964 0.66826621682895648
0.49084677705387419 0.76557635187885498 0.30189993840013657 0.044622123005928535 0.79732944036349007 0.53883059877307626 0.086313711817572344 0.2727423038311359 0.1096356001846082 0.069246499809724679
0.78650556032679997 0.78926515679721621 0.71022158993909812 0.53565524687228161 0.067576271702198973 0.45618935597909543 0.66663938682788026 0.27233928491665521 0.66651108141757587 0.22602118608688254
0.19377977323119405 0.83328790018087029 0.75169515812773879 0.74095667312843438 0.92792435433662013 0.042275717354511119 0.18958846640824206 0.47351658479998543 0.34631333399373193 0.86814715612347959
0.37705315253562927 0.9752717565410588 0.96476938751665486 0.49418401305787335 0.83176813137007077 0.79543487923527967 0.1279933008089123 0.46214191590083026 0.66691601255972255 0.87462661577869727
0.90148293735325224 0.75584468023158702 0.14484952681721402 0.16024470654855444 0.85259110392629056 0.44446776137503624 0.26414385419166536 0.46952332951730263 0.068189294655783536 0.78705909286554376
0.15766628742868921 0.41822985447972488 0.60782559862766927 0.39179778778209956 0.90274401625924428 0.43304713956539381 0.28379782228692491 0.32393252322199012 0.40708249576576633 0.62045094189396965
0.83719064056078563 0.25469345997526954 0.36217180145902722 0.50825565945519746 0.72252533712606792 0.10997864929839633 0.39477164076164079 0.77447347360316487 0.092386660204870671 0.64376520358513367
0.94730902151586904 0.48874526452863037 0.5055593877148481 0.063253275699083053 0.46828505504182422 0.46595528649241574 0.82849760763835045 0.39926062774701682 0.97736334042178241 0.30875005727449806
0.060071076898214934 0.68157106063602635 0.65778554275979306 0.6583858744398553 0.55566131793855167 0.64114086973406248 0.078424666196746304 0.4556896073472842 0.38603504216115442 0.53769616981376289
0.86044004445970002 0.68310882493932179 0.43178323208017816 0.48368234604866583 0.91132231168424171 0.027028980643863543 0.12762907526018091 0.57065266704536466 0.014624555083314995 0.4706846111709671
0.54118486909522234 0.53159086737063943 0.94214867363532739 0.96240353186817895 0.52869066187988212 0.67789019364876346 0.75566341117455038 0.91236853215805214 0.8060587056894809 0.76874019808221961
0.48320815420778712 0.35607344649292244 0.93523474080561508 0.90714313098156141 0.039177760593865837 0.16427850393115567 0.98998952923110739 0.044007002578537666 0.86126471600035814 0.70660178758751668
0.8014456150584981 0.1589378748987515 0.20479797699070518 0.54851709389322145 0.75532563682729437 0.43809118602532754 0.69253365531287658 0.086919370098235402 0.19099503669111889 0.28391555231297633
0.46801221958580691 0.26632135330436996 0.40860481760725881 0.20081775775552752 0.52861909060615486 0.22483359604330139 0.35402600471785334 0.46275362842373252 0.67830237501800572 0.85689989922677523
0.5980752590658498 0.69795118352165919 0.10380315660942689 0.60169283315012456 0.6930879799642401 0.4571216726692538 0.30697425057015132 0.76061313771677908 0.64796011149839428 0.61609128082635234
0.27133233147388752 0.10936389539571671 0.16100316567641965 0.74962965534183179 0.5387295238595422 0.23997348419646086 0.85866226177016303 0.77508611117638715 0.27385368754197897 0.70865570589001292
0.23843961179139167 0.75582261769488135 0.99548124571489871 0.19656773728460702 0.6285886186169175 0.064211207088094399 0.31701261119580953 0.36521355646852499 0.54289886889179517 0.49189797241827588
0.90912974484909626 0.7580876677316476 0.98923317151974366 0.41140862913123216 0.68958381623620024 0.92706048396699881 0.0092690130460478144 0.37539919503842095 0.8054791679869524 0.79596999362585963
0.87606010021946512 0.28135414179533064 0.91040414523229529 0.53801667631865957 0.70849049759734284 0.067075615090954985 0.28172341281981345 0.8099951250282178 0.12866544177585054 0.40904445655082328
0.56204018087648522 0.84658007120556555 0.022121790175304735 0.69601366461321368 0.029561210389473059 0.12365262696980643 0.022942573532517985 0.9916564680590495 0.10794202494885145 0.30731333707145286
0.67938099242750183 0.57007397656948577 0.077237389595569292 0.82422546225391047 0.82773056297297876 0.95797560397705694 0.95222743979330693 0.72190902927241229 0.62617086887178885 0.22702862720762834
0.87997654733507868 0.5143605598014761 0.22345930960267574 0.98138144420830042 0.89179045837781101 0.15373563814018948 0.52628033425862986 0.24506890009446586 0.013511892559106387 0.29309114212497972
0.58993898046156978 0.88865967002856661 0.78135662773280545 0.98912836728457942 0.77508904948471513 0.68870676618609217 0.89836049208935032 0.41758975453213493 0.030915074306002533 0.38186711895772657
0.23165093241976281 0.2195466301012276 0.65855978848727048 0.16363616595564329 0.97923855801165915 0.071448545172184727 0.39422934028749629 0.64005182786710713 0.26300179097851023 0.94754648991797297
0.0061601183052113926 0.14938146900681942 0.38398277025364241 0.043086343180664108 0.45437737091230673 0.63017653363002268 0.60700634951308297 0.84254271668946445 0.36991592391477618 0.62678029559558224
0.79633308892289345 0.81695294642329863 0.26164046578036143 0.037575469205179887 0.71526835742245776 0.982949429343979 0.20253659311932343 0.91801086689794253 0.72465996245277198 0.2451284713791278
0.23209082489999772 0.46789656833375387 0.23124485066556005 0.68942099475592233 0.26733688923736604 0.030890619760044636 0.190166490503968 0.55822732902926586 0.64770274459869315 0.41105346201415366
0.84780066596282155 0.034557761855213129 0.77135254760550565 0.13512809389784469 0.65910974265453337 0.50324117131261981 0.89373016899980451 0.59848276073571838 0.95909758026536485 0.50116969459222427
0.25172129840494822 0.088706463580906655 0.50068036379782122 0.43697982575607114 0.098322860533415254 0.69679898219915259 0.34278623007561487 0.082851033082518663 0.95559848085800247 0.52171795394294662
0.65619860770837002 0.36576986005727069 0.17370773174345672 0.79051111256572504 0.99639383563185779 0.5029342544520371 0.81783940634898344 0.89151847224103553 0.17529671465786739 0.49124644116399913
0.67180759907794363 0.42011002331244934 0.15837345960756571 0.32193339086668754 0.61888336467903604 0.72567469027669029 0.92404956586085196 0.99458133641079749 0.78778650679676521 0.91836199967648136
0.65327231641485828 0.87951531870448552 0.65242576972083588 0.53028772200101171 0.71105486186504951 0.57121033877055261 0.57049338763357993 0.93899754689864612 0.59240815800551339 0.11068229161668779
0.58741266873943332 0.22883305442599372 0.83592725267388857 0.55735931561706886 0.5497931115260617 0.20632522015084592 0.57776690248402751 0.97484405475702673 0.30248430729708425 0.23716100770165643
0.11691807452978102 0.45506400437115085 0.57363923248342708 0.73482177682779881 0.33944295649765838 0.92716480509655652 0.75601369350626169 0.55377612005744226 0.93727149502351359 0.42042945206452015
0.42043801128183628 0.92141258536426418 0.65671755755993155 0.73729797102657735 0.50381396180219862 0.89592366051568328 0.78449172993490524 0.46289585397450411 0.64325816187878004 0.76623509271079659
0.85698819387633862 0.060268886573920863 0.72420890861187837 0.1520759955977839 0.151583455226662 0.71135471970469888 0.77949995396440641 0.54331306000985269 0.62245288648923935 0.58270293531553241
0.77268514754094308 0.87143217192674793 0.36440134093962478 0.65201508400733332 0.91082407763321371 0.091798645672913223 0.93387288696805459 0.15030257477581038 0.72275429315081419 0.70668981155248645
0.96485168624818241 0.24608487580049992 0.40925957310072431 0.47529377136853007 0.18679425635321895 0.018107329147396701 0.74047053710235766 0.89569306635661794 0.21490570336979492 0.42160623209398679
0.71784467467357149 0.032036002547786421 0.74666401003639549 0.50548606288657261 0.49166258680722191 0.81913800466870412 0.51673350193762846 0.30315885415740768 0.75330647212500945 0.53404725756833349
0.20844970941813451 0.59666635507500188 0.65728493108097585 0.96792328414430384 0.92657649716986079 0.043954442541255398 0.66866000433665507 0.54484782439611767 0.026061907138183283 0.36289494729701205
0.0128458925956773 0.62314417437486158 0.79570639902775386 0.86551628808043168 0.20406424757757141 0.88641716705412232 0.023908378600249903 0.0056669152092661433 0.67654740149593751 0.29054786431873719
0.028515559157934734 0.47009106405324369 0.81412230270573738 0.10868876680490074 0.97432150459917954 0.32074177001033649 0.56216422774527786 0.35799070784651837 0.65575860659460461 0.59509706646513771
0.59079146226210943 0.22554749421049641 0.52443810220853759 0.75815398439889381 0.57788790793111677 0.32939271568867895 0.50280305230366884 0.80440618229010585 0.85179787407730279 0.64218279932887001
0.18663585150601086 0.28014955699399796 0.33300294114961898 0.36568208871114777 0.5585641623191212 0.8747038370242195 0.77000026918897924 0.54900210517129822 0.46821123238408618 0.85191071413823538
0.3389537423248899 0.24138031437083957 0.79661683985851683 0.26869200026501344 0.82012387656240049 0.41622890208743663 0.0080140056855581461 0.83139907266575119 0.094216344844568242 0.35076651330133107
0.51722456806674544 0.75737915473157136 0.56212777526969049 0.85856223864126069 0.96121221831365733 0.55998984924282491 0.44113640091761658 0.83135835951404191 0.37941443467427777 0.0041460847882470063
0.56022419943419133 0.32994183343351796 0.63461316005467439 0.41967602001528209 0.47854071364245859 0.74229262165877663 0.49246479840728025 0.76103730443989293 0.19817506552534386 0.29177957594741738
0.30413455360579339 0.42517107828123474 0.81343256090256244 0.40751698739811998 0.3603412547615607 0.77892950212310819 0.45424925048383197 0.80598627423378588 0.54685647128163928 0.95075926695368951
0.55119612757217484 0.097783913529623165 0.54930695441979505 0.25851802531122775 0.097806300895585216 0.54027803563852628 0.91873022675943894 0.74381096771563726 0.7163369538057287 0.47179047436184046
0.90328506201863379 0.48858757468233543 0.82945075087037812 0.82488050737338359 0.12558147524184043 0.40600533997367388 0.96950208791045756 0.49900262754382657 0.36294121270497232 0.15012983697575516
0.79372439570161846 0.39965713651070861 0.53386548824260449 0.40212747919803588 0.88015285058306647 0.62713759759237142 0.5829511282989962 0.6900750476889862 0.95924248533046208 0.67578337012349154
0.64764991112082826 0.57383604202778304 0.84929895830548008 0.49476570499277867 0.51275450115026378 0.10611027957152568 0.0082854266767492975 0.65968786570578108 0.18168460018890104 0.072250745858119567
0.94687315101696468 0.38088779000391398 0.27616172387104782 0.79017330955200504 0.58849413038982068 0.98560223250826084 0.21830239976955762 0.78715833817834857 0.90078928343101794 0.17331253465078739
0.67956870938663527 0.15180189112911785 0.018181390129088527 0.80082144621280527 0.059617152174247276 0.36038189114320068 0.32162615421881996 0.85838051284519334 0.79627044840100469 0.78132159289285719
0.92402439224764932 0.72590175949237967 0.85211651515732467 0.16068192878008897 0.12117163058145956 0.40644689797977934 0.92599336171730517 0.43265603729843755 0.28657427220297021 0.81815159659226055
0.40234290405436418 0.10121774770314733 0.36510333198402084 0.9477147674158285 0.53108071223666209 0.78925198760766857 0.8869276966358185 0.15319595940765335 0.63477184876014248 0.11631828631089829
0.11642429322380136 0.63551059306358648 0.88690532859683424 0.73065896531360697 0.66568202676064425 0.23052127913135129 0.92452615648170389 0.58588979802255692 0.6895459451894298 0.07808724296644047
0.88835522463829253 0.32359074204984045 0.71974547414787171 0.37019674619923476 0.30011967465089012 0.85133573702298271 0.76429026736892425 0.81961087130034782 0.46316117797729667 0.6197668567251895
0.40495944266086065 0.23285182765457696 0.98389696540681093 0.63163322256715915 0.090435167253319945 0.088371294129260633 0.44361976057037383 0.24335279212922417 0.45056218725071867 0.77713275203847165
0.45848354303090727 0.042204826832141926 0.31213281331916271 0.2718421716359633 0.26564022260574499 0.01833359648876114 0.68583803122960341 0.670641833197825 0.78365977161827993 0.11804515408779141
0.46424375241899368 0.64902057139528047 0.77398445440678287 0.74899336842605591 0.15457515719510156 0.8888168415307115 0.18129828585252078 0.63021483101898101 0.51784506539943154 0.77126294622870539
0.073281320863192542 0.8402332726575209 0.54035646325989872 0.57634832797356383 0.61647046928969218 0.23781034103235782 0.40401737897196704 0.62398128275162235 0.036452644589707914 0.51190724063189319
0.95539031905494098 0.48106373596635582 0.8317212286326886 0.45833403372476206 0.51909230168667109 0.13032984119570062 0.37577656102693907 0.081671353886950279 0.41846001962984608 0.13920755100787346
0.042586487231304024 0.051347217425052258 0.15364091305513811 0.15891755082203446 0.38644997972592338 0.033652911078103906 0.24402934976839091 0.42959996593199951 0.60398974546297302 0.141568094635044
0.58752677084817817 0.22477531144911117 0.4641565129602267 0.7743852651892057 0.1535086681158549 0.40363410411806161 0.80460443252257929 0.24820245766716392 0.89015580666082073 0.142991457595049
0.59789905767307971 0.17178327427754375 0.81356928757792879 0.33313635887270904 0.53335321581394013 0.15904550856343763 0.79307653893411889 0.14344567045539941 0.38111261097000776 0.28698646986316795
0.40437038145389831 0.98740682433233629 0.78561292348829515 0.65792703449689505 0.49290306857338423 0.53051540325189739 0.23384861902665294 0.86499757790655418 0.35310065183620115 0.75699223190401677
0.46571084665672052 0.8686795779126989 0.08093651187091204 0.83154138410707024 0.48056348794237952 0.69350338792367516 0.65339750199302782 0.19197888620692832 0.82046989632434575 0.16385723117740197
0.35842018092237954 0.047716810754532532 0.26648466027938761 0.31531205485047681 0.8767964281915398 0.074960430543528009 0.71677649650379294 0.55803573669881212 0.95154986931012675 0.59504901307687341
0.40801106551178695 0.98940748513305643 0.13414513325756966 0.99592718214247788 0.84212890746021196 0.93158607792595827 0.92686523035408497 0.33815132456100577 0.32936290056309853 0.47994132441732379
0.8328482182671525 0.2247706795630186 0.93497392563636916 0.27524917540642485 0.68413431453757845 0.06327131340101326 0.29785433902057296 0.28699331544371737 0.20328838411775624 0.48117864148963058
0.77596223819837939 0.51085640612098115 0.31224121078329642 0.83632667777260272 0.88965094262818467 0.20253153652611694 0.55167530470373083 0.34508139020388601 0.32339404805564725 0.59826004737011351
0.24051303387077821 0.96197439908305993 0.18519402428102177 0.76965653529831157 0.98536689457792159 0.12568291023859685 0.85176684624053911 0.87686690310638771 0.29070234325263672 0.202054191511089
0.19517824114337684 0.0009728129083896198 0.99338805484340253 0.55866536992208782 0.26316664586172694 0.25236768021590389 0.14660381841305864 0.65018451895315499 0.83602053946931709 0.42013886254452121
0.69074104846289186 0.61408161304754805 0.2819474726603392 0.36752447213562617 0.29168971268137606 0.62528272559890608 0.57199281881388198 0.23615568354606448 0.50286564592711847 0.84396493623868152
0.1989602565560617 0.78291141228252648 0.45507259701077013 0.19023744499613487 0.77202909356617266 0.76682227625341715 0.61890804351834072 0.96913773640018952 0.029287977151136225 0.69957986499480773
0.23547818497536449 0.9777993554237977 0.79154332700840502 0.80738292201856476 0.93727539212462763 0.53700878475366298 0.29115912964231377 0.30453006123334309 0.77604995618748907 0.82280528024657151
0.98446151830862683 0.70077555007716474 0.2708631032373528 0.53407300521496415 0.62603001413194359 0.3326159764988123 0.81006733917893203 0.043213147844798169 0.019834894209940269 0.88109268466423218
0.92499598660916793 0.3430786586804882 0.7653519182228562 0.49304631966043805 0.762976004111099 0.40026929820811136 0.47850897658076103 0.44826255752559191 0.86833582057249337 0.40671635412452284
0.87817223787936538 0.98913920661168575 0.78817366990219928 0.83606090817147982 0.015771879391633648 0.14804589532211404 0.08269781387139212 0.75851123402786524 0.69874665822970294 0.68008300653222253
0.21511962157078651 0.33306456494340003 0.27336470758997461 0.71141986426297621 0.49490491086866989 0.14092502650100808 0.00067286173998586389 0.21568189378934138 0.73191453100573112 0.6136555230365337
0.28748701103740887 0.45218132190898158 0.71676437467439535 0.14710515355457571 0.30854432801635795 0.43131930441372551 0.70842832567092051 0.24207071040460676 0.96556354468646155 0.9550113924386342
0.14865587691633969 0.97851684221038593 0.88493740073507676 0.22228342259437334 0.26613750148283638 0.22234149244839158 0.19767732828091639 0.50260938584641301 0.98412453756345375 0.72588421220929067
0.92159850858889092 0.94868831749210192 0.60660081068092053 0.89020429982623928 0.99965901693938508 0.40724557414279988 0.87927159457979931 0.88781432843128127 0.34605639002518046 0.075078770973759743
0.95146407236433017 0.94258296871984293 0.5460056597504257 0.76444387922070178 0.28775665943694079 0.153699369626288 0.97813563734796793 0.95882363598423315 0.016622771139934867 0.77783638498034224
0.38058741519462508 0.61791737239733868 0.55493556882851724 0.29493625658478956 0.90413828761511861 0.85284830616819052 0.6467427710707635 0.60035055856285824 0.17458125102034122 0.56868984522145227
0.82365490306224531 0.80953621998361769 0.9364204371473116 0.50854060278495761 0.51283438452215668 0.47547913799081859 0.68105329882271537 0.53389827335388207 0.0034732370014100454 0.93833028478369696
0.140900038353236 0.27394469104047553 0.67387743530996846 0.60046858160117422 0.12941253522684243 0.92611132508456739 0.9426380240224943 0.013756631585870194 0.26009769857552173 0.56705792622501261
0.75643530774752976 0.38098746650370657 0.74595310282713545 0.28432220350809906 0.58894209097387618 0.89895799344266014 0.18107428094024142 0.23412378929790628 0.81459002395957547 0.43703693631832147
0.80691004669966016 0.45897890560911353 0.17483208565488412 0.44353718093978861 0.15603392575671365 0.40898356844600153 0.78190531120308371 0.31495332584372654 0.91834099115820278 0.10166425377618886
0.73755850169099557 0.068354733346751725 0.58109617114490675 0.084920185332568218 0.99282277176771883 0.18714827252896499 0.25885205478057943 0.18822858041457263 0.69706601187468109 0.5962652621261908
0.16618781190387361 0.35060942684192015 0.84509815190286597 0.37677704596333234 0.52327729535238821 0.88965119087350097 0.23934469732260649 0.75115105565532325 0.65505696907599931 0.50704102699903197
0.99310865109304935 0.77873418262212812 0.62652855955638842 0.73495452366691261 0.30265779799273423 0.6679139488617255 0.80160636580849609 0.71276580415072499 0.49400370432092072 0.15645692728844346
0.81894780738753326 0.46457471080305984 0.045654945132811361 0.63447061686152706 0.018310661892749814 0.13474213444187494 0.53727438331186472 0.55729643376618965 0.64984531490277297 0.25580506069890491
0.46146701916860583 0.069840246453270291 0.11741743556025601 0.19017454797157124 0.29641342183383496 0.065482667206458942 0.30824820042276552 0.42465574681015289 0.25739481922770563 0.59604593434880915
0.98813239379543716 0.69550064271156053 0.64743147681791646 0.21244406889973938 0.068099633159361003 0.54879347983723092 0.55689255102314494 0.78881916149106113 0.73045055004064052 0.66948789171314949
0.19830346268869664 0.33580580494805562 0.65438162950833934 0.49322715691351898 0.68163232206509838 0.032895888209100319 0.27499453486275177 0.51834194834728853 0.10869442041096748 0.72992419668308117
0.80764814619311909 0.15868116453451081 0.40973089822003411 0.57696444300696381 0.59952752382589203 0.078326472234784436 0.71044010435480986 0.26493273862403105 0.19446666910578153 0.48953834292578285
0.15831880454120389 0.070050134672198269 0.39178351217736346 0.05357370010156319 0.0071681997684601038 0.50603763418300207 0.74895863591731771 0.74875893099590973 0.68539257611381799 0.046547019906552009
0.70948895203232454 0.45623270992517811 0.51128028255464719 0.73743012118435824 0.21987313299697725 0.83027322812138049 0.5378731380585221 0.43528014826632294 0.14669654199665599 0.40194033926379164
0.87813969639301792 0.25840122651165526 0.15431578164496768 0.96270552019343358 0.1164176407425576 0.027401271521548854 0.36029996742809817 0.54945766495147019 0.72366087017547542 0.9034771622790938
0.79359193950595563 0.12971413477339661 0.96610523076561872 0.73456781658617987 0.14941351578991885 0.78928693571209652 0.86382433177761397 0.63312056215197621 0.14401217329709964 0.59951425975253914
0.19684658981153341 0.013500595956242135 0.37148383706764182 0.19545609042251338 0.046216447616229714 0.73393844802012631 0.59044048559194839 0.16842243053175404 0.18576186529579491 0.50805072997079193
0.55389409276802304 0.24828719107624836 0.30087211414150311 0.059400742332217413 0.32776175215575648 0.13401055114620158 0.83156143262181892 0.85490484016694546 0.66661870350328345 0.61285681129771741
0.84494462556061101 0.4694840522519787 0.90985542763209493 0.49276959470061171 0.69411280990314794 0.72181900818666367 0.9587336726588892 0.39502243944102927 0.67851876968693747 0.13165335420055252
0.48985294906580551 0.97588605866252986 0.11470754805369192 0.98009820615555188 0.4603462753770356 0.082654222576581546 0.92093558485647831 0.57484539482271613 0.10780626135840481 0.65476731802248134
0.49493507142012622 0.88766587470282488 0.14664977598055223 0.68771584492618976 0.85968967706494304 0.9035221626176192 0.74330303659051256 0.78902499450356123 0.20135667935401608 0.064546666805271255
0.46407829543377171 0.84153536656659544 0.84514375211330439 0.097601168061803897 0.47635576714480571 0.74954218756805036 0.31137138930008318 0.96916627437547986 0.5465110226644343 0.96146863525053239
0.87106188901170034 0.10415152793568531 0.92099346681497274 0.41105795081630742 0.59594849851253062 0.3838225498779651 0.077925105442560191 0.66266178931114428 0.43186260791012793 0.67347938457108092
0.17532360135259534 0.69102016098947372 0.53514595234255846 0.3552467430278054 0.022787261864586728 0.24276386551997148 0.80298385474724676 0.88971533109199663 0.64594452831093863 0.056761096626678539
0.52504170483291868 0.72729703220695641 0.46733874979351026 0.089116125767945184 0.6971565466388604 0.13465846007981203 0.69219187857832554 0.13975662337350431 0.20373493694683714 0.24916891878928132
0.80422974782686141 0.99998599029031054 0.89698429541128233 0.56849876788382814 0.7138496126117978 0.35565156840259587 0.92024760360802016 0.2573819136645154 0.47200576342497108 0.0047925181511195179
0.47716218577446784 0.59553939675949408 0.0064419085396258289 0.016010441688964084 0.097042878421398401 0.34153456030932466 0.016661858412501718 0.74027032762367762 0.066511113153428433 0.93228636437472712
0.8246083044887661 0.24822829336218594 0.78590414817344201 0.50392900390723649 0.56669566416317707 0.58620990715112076 0.97512710819382431 0.030730903682152855 0.72842017637831535 0.070907839771238532
0.2745089556540195 0.30650652931133665 0.50038531218422333 0.60615228638273955 0.56076584144947672 0.75108862586016045 0.84541233042812147 0.1299060640861141 0.6257900192400413 0.16605635494771448
0.35734153738126867 0.50297342060428651 0.88966799106146566 0.045913852888979576 0.70726457057369041 0.87610795666187935 0.1119018422954398 0.0040803522408875857 0.25907979114568142 0.41011726703224954
0.85823988896217474 0.090026632224605871 0.61075712551480699 0.58074910637996535 0.75513435883792557 0.027066780580279604 0.71134494519168956 0.036907286011877802 0.95316425626116408 0.98855420571970121
0.8028656410227909 0.19054072629765134 0.18489328246567843 0.51774907631364686 0.32609356844259679 0.73782528207356624 0.78492423549186785 0.50805929089331736 0.87597619782499159 0.1526806127122719
0.3442047037330131 0.089841961936043588 0.77525996524067253 0.24300147611805184 0.043371297555282171 0.81337798477420253 0.3686934966792636 0.81179915941433067 0.79327820986253494 0.73936535213181531
0.59146660624446301 0.41291447788164332 0.15757291399084578 0.99995620877950009 0.76096966681009892 0.75817002588693028 0.36824736675209241 0.24732035300242644 0.034868270403766541 0.084918936338196957
0.21846822855427733 0.54158106556613417 0.22358755168100525 0.30140413691670848 0.046740608445080364 0.70236711216961767 0.14983425021693469 0.51704057563427264 0.42293876272378944 0.45025501828542952
0.10872247986084919 0.47785406412527548 0.89537456996266607 0.46366516629102023 0.16628822264342363 0.77492891138962539 0.4600562338828606 0.77343482845724421 0.025010552280495913 0.5656294538508293
0.7549661939582798 0.039881471950895239 0.26498729430860174 0.61556753162990063 0.26764479662396873 0.28842944640422424 0.99671590395487486 0.39436408043026311 0.58333235351796253 0.14123270668207583
0.24847084094923405 0.49551287251168613 0.83379447975189214 0.70664110981638917 0.54167495097144258 0.37763171024080516 0.89800977438267071 0.040341817462674665 0.035763079950796237 0.67346234349487422
0.47812546175007559 0.86390518076834633 0.56277821831451758 0.9972642134918861 0.62955999527016671 0.89350650198830761 0.86879441785021805 0.84385016856614825 0.42041909201613531 0.24382300350585634
0.34250010679963044 0.8389856271624172 0.46015151809087557 0.16842897760515924 0.33946707678358096 0.040202255488917024 0.64172508752492741 0.5820162934058325 0.47903894738073755 0.96533868782501941
0.19519934718295012 0.93632885516626441 0.33217031653114154 0.031786898396759897 0.84148855051241966 0.45356824331130913 0.32893642132856354 0.98818755670383163 0.50651151263113592 0.062898561776173853
0.89543042999851485 0.6757330543524076 0.47220924025049144 0.88274166612348426 0.43703401921887414 0.38429366805446868 0.11944111964293729 0.92900473855688737 0.92904413506887829 0.17087561565767423
0.17692428766896934 0.12649762913236845 0.93895045020248424 0.86354190427342747 0.28791185044767637 0.28139230230857998 0.34227310036250974 0.15338342766306029 0.73942476928598755 0.45990073139540216
0.86727798859007132 0.99330159389627637 0.47459158634208826 0.48078498219480431 0.47751106195894105 0.61140508701525653 0.20791403151460147 0.91840454446701203 0.46262378268537802 0.9516623078900287
0.94415945439601145 0.8835400620887599 0.86418456039240321 0.81147994407093382 0.073925967999779393 0.99709608243387526 0.68884539506372178 0.89811563606518241 0.36249440596982402 0.0092155706115261589
0.51493449893631116 0.52760741275205181 0.58233535825812954 0.06803132924113646 0.29747083142223257 0.45110170690959367 0.11644141534629641 0.34196235252213086 0.88886045780007483 0.60645702113954658
0.76324427414939944 0.87978623897273045 0.93263666247261667 0.21326773802091831 0.056884646629830879 0.98046221498131414 0.76191870676966111 0.57509732373787881 0.044331890101715718 0.3993116131003252
0.38134654633006998 0.2722792816561253 0.22641185801928959 0.87092425904581372 0.39343528932740873 0.68405375316279005 0.40239231919817947 0.31712446456315418 0.77506495980115941 0.71166564693974166
0.62173372157933382 0.54327355140344535 0.40921231385050677 0.0066962864340834203 0.55824915260509933 0.56094555280618585 0.57640905902798478 0.64026051328119682 0.26466289465017928 0.05538120585531707
0.43664713186928289 0.75641892092627772 0.0090722069909220833 0.5280480674746395 0.028589747570454561 0.21778208120330539 0.23436978512528622 0.60681184354980733 0.19301787781546392 0.67635420301160087
0.73147388789247658 0.60239720698123045 0.50790523696665735 0.49614810204932264 0.6906612689961299 0.3231631686247643 0.15154168384158667 0.34010202124191719 0.50467389659852757 0.46658950731848675
0.9483339032567506 0.21721231875770924 0.71543434114394644 0.7045468177053944 0.51119428994942928 0.65413567553267304 0.54685278875814136 0.96075548189206916 0.24051127502850628 0.37957598624597327
0.021435703156727094 0.93841384911899228 0.83561061150418636 0.36500288095755357 0.91877943086038527 0.067423033252856965 0.75285903074403093 0.43975488633622978 0.40061686866502894 0.39856432765192612
0.10906193299724846 0.88655726929079659 0.3198733523694714 0.45696498939310221 0.37139313257542322 0.11706540661224489 0.97173196577018273 0.94074409462620456 0.09562978548488614 0.35595689195387842
0.65953024585784303 0.68981679292558762 0.78491735223870818 0.24589509216293842 0.46411972523014594 0.54290157873740663 0.65113408010942464 0.92096141108312313 0.37591901410454892 0.3754245311915429
0.013343377724942363 0.40042194730778341 0.36209472938002646 0.028897841033187866 0.7821150110771633 0.83263136388018966 0.1092685564298103 0.71644911561005764 0.94341750614015218 0.52272937850547718
0.26614267793540763 0.45121013331617316 0.88170935114210292 0.90050280805887628 0.57133382305714209 0.45296099751040969 0.94082682405728257 0.52584651052557285 0.22276244833423592 0.70235299691484321
0.023310927210478161 0.62119911124553029 0.45952475463731596 0.96092223138546384 0.94757755143153488 0.54506315874399103 0.87627660728178347 0.18581377738949983 0.20935620163050966 0.95656886948694841
0.79926006052867038 0.60644361325902518 0.64754585906305739 0.47317392662023833 0.60850465758165184 0.73745606900897365 0.19342293884566314 0.24830293883877247 0.94026613002357273 0.59962073250780978
0.76325366682467177 0.94276462620991985 0.13031240749138878 0.92800157640504588 0.17472659217235958 0.27706302187756554 0.44725199389918452 0.87752196128431215 0.88979124657008735 0.48346937767860471
0.58198233452479986 0.56508286851264622 0.35543702973813457 0.61783166171659132 0.91783603199239194 0.58372248081998279 0.28368242499162927 0.62228507756617746 0.87631248326610123 0.62105005519446665
0.23676755608847316 0.068165671434393046 0.14390221551198495 0.40634022795448715 0.54409665689362108 0.23100324718227977 0.66307058916842943 0.24509409261052711 0.47286196801527797 0.80959502383443716
0.21085280087621533 0.80620866225075938 0.57872801058073975 0.56641368740780296 0.35731026625928558 0.31533623760436974 0.1391312000877602 0.76977204448226899 0.55535392670963712 0.87996947680146176
0.88533631844109417 0.92445503471742363 0.68301458957339711 0.2180501238567179 0.93726496340310128 0.89541851708338605 0.3099975655388793 0.88119054754587445 0.74992546976571128 0.26556076616272967
0.80685294131427787 0.82280937712957669 0.43408915129436493 0.47451424971357253 0.38525325399394356 0.59400600226751554 0.62082658292384851 0.82618324551383648 0.9863333294861043 0.22661091986127851
0.12158944233066164 0.70608816797740792 0.89390952407637081 0.89216106582384458 0.64914797250314671 0.25057464952969871 0.19140237181348435 0.3707834387798547 0.091252044644752048 0.095559449117274139
0.51149479064227388 0.74848004113830724 0.55204613407205438 0.53087776777043483 0.39480116531061854 0.75941047829846764 0.16630659949391596 0.64440626708798754 0.33555886944487429 0.47659639930362635
0.3566643428416279 0.16267674589230968 0.83576503755702491 0.32975478261865693 0.49241353184161402 0.86908486456749612 0.97088427791210552 0.063299472266811249 0.71262287685384618 0.51569780005508903
0.56685118087113617 0.40135572017373017 0.86820088396009631 0.016715166022664586 0.48716081286504559 0.83768468501271687 0.40645189376818719 0.1010527126004233 0.18696079465393206 0.76765067011881516
0.63515645271517862 0.79152291455318724 0.76230257602844698 0.41696360927218751 0.089813780321302203 0.64433408582091622 0.88995769518578638 0.25239710854085412 0.26361209783119216 0.48512533221020909
0.72029194132907404 0.17762216077161047 0.3405203868734919 0.66258902767624817 0.48062658845756728 0.35734119905577161 0.77042231577534404 0.60050791801577963 0.46716515670809738 0.78265167989737161
0.36516900045040374 0.85934821241417159 0.60901757071917639 0.35734929215484984 0.90475596364149002 0.18163349383851152 0.098157935522573167 0.6647829190522857 0.89103449756545794 0.14844382190879019
0.98771498494082255 0.44216758466760847 0.32839347463996199 0.64801765603784889 0.72984792981472424 0.2038253006524024 0.84129707770313777 0.549003677220819 0.83862788246853825 0.98474653670739865
0.96621975636185309 0.43326212009925741 0.094736975609129345 0.46624145002767431 0.48627448711214155 0.033634808090013443 0.10330761313653229 0.28003157748549429 0.39458712863169271 0.92242350958443153
0.52016974364010182 0.70371950623271695 0.94554297055667669 0.6748053765081935 0.56223456752978263 0.47319628247286133 0.6373131906041315 0.97733559434555095 0.088974764266208026 0.5912991493432993
0.67698465084774906 0.079741513773774295 0.19450950170115083 0.0061100515963915967 0.59692241504629873 0.22338035136337014 0.39663626147920733 0.47117032872637593 0.077705733820794418 0.97561222153927707
0.62671920212147225 0.96893099545058625 0.18177503026285308 0.66430066168169111 0.47485161184815311 0.38385813300755695 0.19222579451098259 0.96145559380311763 0.16633727903027989 0.93295886212989532
0.72440729812751992 0.81391053255483548 0.034498243763641454 0.71099385340772359 0.1831729164013764 0.78086982233546975 0.60039626492247622 0.5943692831613725 0.94301868715019976 0.37526096691357874
0.13736731220814485 0.5688022134925691 0.18811410695358138 0.74130194552963413 0.38492174832941911 0.22031665578943399 0.52463611708922109 0.65749019347721205 0.39156478147956825 0.56371350855184565
0.76187268561434196 0.082803776871722953 0.19488834724065701 0.63890907481905435 0.0031264894911837036 0.15732453452586831 0.83282624803681216 0.8172911127109298 0.45444261222977794 0.90566942659398719
0.85770762491387631 0.49531946550397071 0.18708885266754655 0.090148808004509792 0.49485712406582 0.86966649689135045 0.29843638716764337 0.71692600041483723 0.1031930239516337 0.6967143551087458
0.93523043638738845 0.86631832366742589 0.75536510183969729 0.67382093069723004 0.64859171838528018 0.62011742198120556 0.12820069123209604 0.69755687443761372 0.5659644298108425 0.48874120242379021
0.73173399234965231 0.50518097489768254 0.40038639546290727 0.34610384124796573 0.99422460809369784 0.037739481988304943 0.25027661472205515 0.89647983121768782 0.087963048395560503 0.42439040357711028
0.40768364503159465 0.19660386879287756 0.84652548948040607 0.19117611977215004 0.83727051571481048 0.27763742259794205 0.47581069985712826 0.34597237048746204 0.48749657111121519 0.74844294701146608
0.85046848363658312 0.73301399463561179 0.019669235879217362 0.24609268241997923 0.9637769578695683 0.74628654230613922 0.12533033442238567 0.26492389707606395 0.66702267201681442 0.2752279032671196
0.38702240670953297 0.056556542588862932 0.060961718454107736 0.6059375574101814 0.42587422654928947 0.36110654042017803 0.99561500906933209 0.30944567047517085 0.93883900672860399 0.35923591647153602
0.81226105796824588 0.77418266873208919 0.96159466498975443 0.90880553106113549 0.35575057807379767 0.33594153212436756 0.19910148073048067 0.16372339056358781 0.29651171614027633 0.67540695735719003
0.54749340524123702 0.6706444472454256 0.017210491920514871 0.79841036779401564 0.8284212928093696 0.83469254902105672 0.66739872210770357 0.90529169695095257 0.82164511058530676 0.71495888181669132
0.37066836355184335 0.71990899856562063 0.42309730696288456 0.88206083880478292 0.14291851620420465 0.0043500913226369063 0.52659362175993585 0.62969355270863991 0.48477494046268083 0.26995431234609552
0.37642785390438777 0.56629681729642944 0.69974139776255406 0.43901353070543442 0.98432322362659086 0.78819044905306579 0.42005835244362738 0.12667907898020508 0.50991420713866042 0.5846199459663135
0.44174478303567993 0.088016203534791934 0.48152662910943062 0.77894025703863956 0.69291111809695338 0.033740357896766479 0.97302956247303396 0.83738443690077102 0.53062436849613037 0.25057994156976099
0.043536358331106181 0.54277172115444128 0.9062866990601216 0.34167664914648482 0.25759285689053241 0.5999065472477153 0.45174315496360579 0.77158546943171835 0.73690418988103712 0.71094166784316648
0.5715713136448406 0.33612236291161807 0.80323307457223447 0.54743082658983133 0.69722540553709134 0.48358391692040675 0.37281726536920462 0.15080484290170987 0.60031202230761493 0.7399579745906113
0.081421795984718923 0.49493854002632515 0.77136426232521182 0.52822327407962244 0.12531892979314191 0.64988865478730384 0.4623284551984525 0.75967588900270333 0.74608393087999769 0.48717404065595477
0.54995131474568437 0.9004846344151981 0.9732578298866853 0.38005074315725956 0.97221772013557839 0.30860528388315461 0.22696324664646766 0.274252135867669 0.45731550342211985 0.82916608339928299
0.59042049404855823 0.17443815299228577 0.15452889881989101 0.64978753822012447 0.77196931625320997 0.10635175561737946 0.75978986262683235 0.14631117531218302 0.71456783681985547 0.57926109022666672
0.13694038867504793 0.70212084888493387 0.84630163415877313 0.69591249584608228 0.71880213061829279 0.58096855455767227 0.047941616659702688 0.56480455564514032 0.64471778304880611 0.33526334579301759
0.33189671622707378 0.46369257350384113 0.92994811230351937 0.9644982498473319 0.40544626690364988 0.61491781153368996 0.90255541422425845 0.73605252567865942 0.6968335817485859 0.52620080087667132
0.61410876448331175 0.1380990421457477 0.86532804011263686 0.74746921326858551 0.42389726851607773 0.29454521409243156 0.93249840488982561 0.38873499633999314 0.51606500458381444 0.33125360199897086
0.050636847725571463 0.045817623522201242 0.9957175142316641 0.60774081002356128 0.79543444102222494 0.65583943280392443 0.20756870024660218 0.76562079771509517 0.78708480650449686 0.86700680746710557
0.67661226047697953 0.89033475411289908 0.46955931032067172 0.63851337678018716 0.81051056967381518 0.56580971415109749 0.43199903393904099 0.7574058135653402 0.63270546518276372 0.5038722498513305
0.65345531263209 0.91103713717239243 0.91351107192428393 0.34662967746447665 0.37079821569218591 0.41517239718797411 0.92023853007847201 0.9830989600215112 0.81497332218506058 0.89250164886240846
0.93474033875569906 0.96490992072020376 0.054861511197803733 0.70669409361823332 0.88512543394490195 0.73743446191083761 0.32794370371346365 0.59739419338785582 0.66360538679272474 0.095715452998098513
0.23022721412741926 0.38879050001435794 0.62366770028455709 0.46481790786276606 0.14782082863459883 0.93379432924886263 0.37150834739004662 0.1443966467988938 0.34592330705410407 0.83224299921084643
0.64594039126164693 0.87122703882499808 0.091117257451427 0.077326409172640706 0.058819103069786591 0.93715420770098823 0.99798885889264455 0.66827957534034865 0.93007186200964442 0.086096613499538052
0.10888120525688764 0.83230191217645977 0.24056876883539374 0.34739472646174979 0.75193524418654878 0.83707484037493796 0.11498031133226265 0.72680091691620552 0.32986338257243725 0.33590933273160278
0.76039229193611846 0.37050963847568669 0.06339529636397305 0.6328181371173266 0.4866913378138949 0.50804761845590274 0.61107878284472228 0.27838306990965983 0.42460028837022606 0.76040018795952147
0.036728216433737179 0.97589129711212153 0.89537920992548803 0.61280100170236751 0.90157189972627882 0.69271913210459446 0.1231564376163146 0.10149263458634721 0.99628741782397068 0.35480991352113017
0.383856880951645 0.75507449355754364 0.89082977959178755 0.38602172196234813 0.30300419855573307 0.86445659335351732 0.91149945874514715 0.10674442240898611 0.3057780796547423 0.40053620528550721
0.3887911815325637 0.78190228709392939 0.040326102429943098 0.74997543001554878 0.91431705822806131 0.8872830242837173 0.67163913988330193 0.83256710474854179 0.25398955540008356 0.71358939516630615
0.093452634703618795 0.79472169066172271 0.54196007530264412 0.68083041038389702 0.98455597863458266 0.076494682504329822 0.28881086004372808 0.9623875948391305 0.37219738234224381 0.93985500734828153
