0.311903983687333 
0.576710807158501 
0.389333036322938 
0.535549318227623 
0.652878760614862 
0.401516201290266 
0.077618614735416 
1.6549475118603 
0.972114738077556 
1.41770855809095 
0.0805959981368288 
1.15220596262092 
0.476606110548799 
1.28666088048046 
0.862314481116093 
2.04504016829948 
1.18092106163455 
1.9098752621831 
0.636179858864894 
2.19698723846677 
1.45225885881377 
0.626707757190359 
1.41653744624791 
2.45267503890772 
0.864248226407899 
0.55920684321874 
0.789882317987883 
1.32455195535294 
0.823675691916025 
1.38154974703842 
2.50824814912269 
1.46826715759104 
2.07949388965823 
1.7755853775164 
1.74948799374742 
1.38993866450937 
2.06453375990923 
1.75296304928381 
2.12573122490855 
0.887883938635834 
0.675114583158459 
0.743751264611432 
2.36296673245898 
1.49055610245743 
1.94503004925591 
0.818206065787257 
1.03631527856883 
1.60177521714384 
1.95099169599442 
0.985655352712193 
1.17262534043854 
1.62963875456882 
1.27460660493494 
0.383945323103203 
1.06772104817577 
0.328975130912485 
1.82415316651447 
0.561512029796213 
0.606988973222766 
2.14383015158114 
1.72477714194753 
1.97832703107649 
0.847625168174055 
0.464745760158835 
1.68742453016409 
1.723692596048 
1.4523118224288 
1.9704764693558 
2.40872449886712 
2.04117669088979 
1.21850849969144 
2.35949500598877 
1.40788916754293 
2.37119971088373 
2.941475207362 
1.90759092516958 
0.937915530211703 
0.742370645226727 
2.10766985460714 
1.03877303731643 
1.95804243111102 
1.07580663024561 
1.75068809053669 
1.84452867331014 
2.06421329967781 
1.9174888710759 
2.2688762197773 
0.963477680304027 
0.0789848612668217 
1.87556719302229 
2.63694561466507 
0.799857405470609 
0.619349934122229 
0.627175911726306 
1.76174351740552 
2.55456627879466 
1.28130987173364 
1.90538374283033 
1.43404538077724 
1.0958822313356 
