0.910142427375294 0.821577113355459 0.638071311466191 0.21943800823126 0.172837304195924 0.367593625916807 0.769331529890422 0.882327083355459 0.78895621829547 0.505260100551218 
0.715922972737159 0.0720176720261972 0.008412884373238 0.480696292645008 0.541669972920774 0.285079988385613 0.579582977175714 0.196829215583002 0.695435122915886 0.709970508783409 
0.357144822551868 0.705929772583914 0.528761643716521 0.228911560358747 0.492110510794252 0.711937750860412 0.792660200329339 0.355587891939486 0.0238317752320667 0.617223501003164 
1.46874391308794 0.796115746998185 0.548892349875943 0.103116229853935 0.763178289634807 1.00573132381023 1.22750502952838 1.50714987915157 1.27617248540306 0.89820153825797 
1.09732578830408 0.524799372389562 0.425895193950007 0.344700149921923 0.407841221173397 0.497727501806976 1.05774229444471 0.272778576394904 0.207617057585217 0.241670947436854 
0.942375701988555 1.30544111562049 1.21717363915736 0.911495628713907 0.261057673630385 1.16203783059838 0.906907594632154 1.2246331827103 0.908697847527797 1.14122542602367 
0.430766288524852 0.47527948622277 0.675382605044196 0.455315601490929 0.155117478733297 0.0111828110658605 0.214932855461677 0.383994332414157 0.21813402455233 0.71616106282269 
0.736117467388437 0.708365899380502 0.414558055315635 1.6543559741451 0.976650918942831 1.33668369998691 1.03473384375055 1.48092492854345 1.05323647964376 0.469412312770741 
1.14227673327385 1.17646859505557 1.60682092760985 1.30250192398071 1.2427049325186 1.58933153506507 1.48054452285431 1.22060133735544 0.846972034958932 1.13059667272818 
2.02884123500044 0.802219834360937 0.895670367875383 1.43014806915784 2.07574723898964 1.14353375203236 1.49839076869317 0.597444501623601 1.39869506369238 1.40970864527305 
0.781662639255807 0.758777895929652 0.396760161524234 0.820443387720243 0.740931990088384 0.0384567637430511 0.742599038339911 0.920024295634937 0.885228372845694 0.153795869800532 
0.656633705855751 0.303724423334684 0.561773894408716 0.41873559720532 0.633236390641661 1.0911851347446 0.82569233502841 0.84774256264123 0.314529865821386 0.996445118775092 
0.752044272072474 0.568743703424775 1.19681660871523 0.84583880345 0.481446506743977 0.223635377659162 0.711512241271123 0.593837639483771 0.855989456847075 0.655075312287963 
1.22975551596656 0.688008633152643 0.449917248114288 0.405561340211147 0.894495398859916 1.23696552339752 0.883722006010005 0.782984380654808 0.991159786260787 1.01644397876486 
0.488114916356072 0.70664200457919 0.80413968511331 0.480452206232145 0.570533295192715 0.0377623143087562 0.636569350130196 0.612282857091485 0.809592662167445 0.1677610590992 
1.30972488634518 0.829942320322899 2.08844053456042 1.18375106752833 0.768970850052192 1.55344245279071 1.94789869114877 2.13115533236902 1.69061667754787 0.55077853454909 
1.91299436725019 1.44982947964623 2.06439826592762 1.62404569989309 1.32015430520583 1.74500236761362 1.49360470785557 2.04068364739361 1.78864452809219 1.68877483235242 
1.73405527766698 2.72747653238836 1.33692802953543 2.08355827746029 2.18097755551929 2.52715825913654 1.3273655678174 1.76998449681895 2.24065109857915 1.75842300000442 
1.30640877527358 0.918009278601828 0.778211225332447 1.38971583351831 0.258668028372256 0.841923033329112 1.58241966566381 0.702575316222596 1.09254493035817 0.662832143868053 
1.314164396938 2.37556345572333 1.33457650332663 2.3350365684471 1.82243290602599 1.34842292949533 2.27110693771826 2.25293780371365 3.04706374706258 2.65754568554366 
2.37776494995568 1.60178113050614 2.28836896966479 2.73960081705852 1.37833508243722 1.82498436158729 1.89232042632193 2.27207613703355 2.73642087724745 1.58500838732365 
0.7226180673557 0.47583177681331 0.747532552986473 0.799770252613975 0.780424230770018 0.718937182046249 0.324643553822102 0.512043260517215 0.519102115163804 0.190576895064995 
1.73037718726442 1.02041847819536 0.906934962684889 2.04629786892424 0.541069928352555 0.814636680874331 1.92533807253657 1.05615884693605 2.02500310803117 1.67806836350899 
2.59259873871663 2.09735009031379 1.88482242119554 2.12079162496518 2.64237617885199 2.3718641057841 2.06683452547451 2.85972356893204 1.42064603751775 3.62766531741498 
2.1075086733841 1.44657411247309 0.645441009249939 1.29868211378721 0.9724418137431 1.36866235874001 1.12258379424994 0.645877151265405 1.17975977544887 1.56045514046923 
0.714182798046782 1.53429844088214 1.10340170777172 0.70426836318534 1.19910663922948 0.88569643638565 0.999334658613741 1.53332422226318 0.591646738149503 0.586866336720049 
2.23390295746639 1.35708540350055 1.36468822620266 0.739580639493466 0.765551861111229 0.914489124616249 1.93419037225124 1.84658279354221 1.43403911714925 1.27028860230845 
1.11088054534089 0.866374155334469 1.46341545643018 1.71617318339555 1.47631683920112 1.51193803510777 2.21605821616716 2.0754915371351 1.79531506760445 1.72465759634751 
0.996360357732871 0.988815557776419 0.521274612136791 1.21184577884657 1.47183437969225 0.803778607302032 0.599396657231674 1.08782795971857 0.910391328022749 1.12862319289245 
1.7415556763783 1.28022375884196 1.34883289654386 1.2315819610046 1.46447941261245 1.9106259239565 1.93581158825476 2.07673659780403 1.28261836325037 1.94778641148009 
3.59225693971374 2.77846868009099 3.79582268587718 3.29980006906837 2.00256605566119 3.00374979276868 2.75656897225967 4.45109837127251 3.66151581967346 2.53858357943305 
1.42138436999451 0.975264443273595 0.397695043776969 1.10023392774513 1.30069181847048 0.92345550642766 0.759396488808652 0.641513446970861 0.970188942108039 0.73701896039187 
1.80081691409119 1.6575857188122 1.91386576878918 1.54892182512649 2.74404302449234 1.79100582159596 1.34540739548704 0.55932688009013 2.11458493384691 2.58160063518793 
1.61277035488064 0.86702010025542 1.6792453624233 1.51444722037476 1.64711932133975 1.97325652572137 1.75355374266407 1.88049838728391 1.46053616945207 0.977058928190757 
1.10114425621113 1.69618306452927 1.16796057768154 0.941279898007933 1.04363840635958 0.424189286578751 1.81549332355658 1.15528344063801 1.34517198729234 1.32052114034474 
2.37982264323218 1.61183700288987 1.70520407466774 2.05854637831221 1.31009518167491 1.67148467630746 1.80422585956497 1.26743635474176 1.32903075319877 2.41958185614883 
2.54056995741768 3.71328850152166 2.41873320056005 1.74011870939294 1.85931083836559 1.30646781092071 2.39645595491248 2.63774676799205 2.38981022044959 2.50810874481034 
1.55460230539178 1.67435276354753 1.83150601149944 2.1650443075602 1.99065232350611 1.4000106784519 2.69476526050621 1.55003291784923 3.13903625847037 1.33075139055101 
1.09771821882076 1.08830385001196 1.67241069408722 1.10406984286919 0.954674228198597 1.76154313435916 2.25457345473569 1.93564145610133 1.30315232055019 1.68557707289067 
1.73709890929435 1.18495852441256 1.73996972803817 1.61383147913254 1.25239151377177 2.11746826596332 1.64345030721996 1.27515926890824 2.71136994900194 1.0640337721025 
0.43634681401854 0.498193633912079 0.578817507068363 0.379742971539591 0.449368389065568 0.16705734220834 0.523301168273991 0.440742586960444 0.533055373905477 0.268836135428328 
1.17090087013068 1.70316766119133 1.0430174300671 0.857849961560699 1.27346817300542 1.11551819147377 0.792255313663746 1.40970463395135 0.830009988193807 1.35090504635305 
2.38010756803517 1.76318322623564 2.25941115692308 1.57878970132394 1.81832225942015 1.4752741172378 1.2856546037505 1.60953198454031 2.41465442311737 1.55615556318676 
1.29973087660402 1.61752771557424 1.17848651905479 1.84055074961051 2.32186554001065 1.73509226547476 1.35570679754665 1.6101481608285 2.20747378114315 2.64694810800891 
1.07281651323408 1.5709534253763 1.80398084556964 1.38284496256088 1.45038336944757 1.74615487752901 1.23201786666292 1.76799937776348 1.47725964907896 1.41613829596388 
0.814289400460155 1.12536400439572 0.574471531729986 1.63666826033347 1.43451062122201 0.788374566210824 1.28920419264673 1.28753560683191 1.63084523199821 1.82965990829708 
0.628393426788472 1.97114105356829 1.20225535653221 0.747483095990273 1.1878922491871 1.18867446452706 1.17515987089378 0.96556259720803 0.754949430841477 0.571781020659282 
1.42070882229433 2.4169110110335 2.34275726996096 2.89123526504138 1.69644396829643 1.85144286830605 2.33333085490555 2.1836985917047 1.18116304451338 2.04102480502573 
1.46761829728362 1.99069569488922 2.40012857363598 1.95957054879599 1.37100925242001 1.52458342665576 2.86182317711605 1.85199738390677 1.60351204731141 1.92484812051248 
1.42956544234486 1.24498868413838 0.575608500491952 0.676755013162056 1.1325983838379 0.823820030188138 1.40439818475234 0.600826210698979 1.30876112991688 0.92573893042281 
0.913582360790287 2.16532576361761 1.40823429330449 1.62997521192912 2.09969754619799 1.56563504245912 1.37096529314677 2.01177608891037 1.2476735181837 1.27535439152572 
0.723844015278463 0.508368039700974 0.459498176268984 0.627506183753116 1.17421674490561 1.66103328552564 0.454650433658422 0.613625197162115 1.46394446479309 0.830066413560396 
2.47210198155847 2.10342408231618 1.8788447844884 1.0271790445154 0.764763822985712 1.73948611840538 1.3858461880679 1.32306288009802 1.8417720783344 2.09625407798552 
0.621337450621582 0.53934970883675 0.768578752435622 1.03212081938601 1.02424319723955 0.780169839875646 0.401960586862931 0.726183422050378 0.890023471500061 1.1200578688086 
1.29097095125517 1.57381339315872 1.73124872662501 1.62598732684918 0.945510366369032 1.97943359502866 1.32488039396966 0.824758081888572 1.10802021104281 1.81139749674696 
0.334389040831545 0.195094591592254 0.0554609710647798 0.309397966091083 0.532016251913984 0.212271519714678 0.2921977999841 0.310938763034539 0.570271951126371 0.309066909530927 
2.31738297122278 1.19469610676573 1.90130659677212 1.46432450741056 0.423482841097302 1.92210054868294 1.86153483959295 0.841914059246861 1.88447942086802 1.72401553306451 
0.876695959881197 1.12277246052337 1.68638550499916 1.49783445008226 1.47645913919827 0.776223712863043 1.29933504009895 0.826459263840131 0.944196423107705 1.11611070156106 
0.564354279393533 0.649315704228388 1.13730843265875 1.06065823029941 0.792611051270975 1.4819049588908 0.901425076368473 1.26638163215673 0.746711053167026 1.16606874114538 
2.07278970941345 1.87651843098438 1.88192439676945 1.61759323749622 2.0068601786215 1.68901133105849 1.15949127882352 2.18701411440927 0.833337376073529 1.72291675905545 
2.25863602676438 1.85040691879053 1.67888163908667 0.750556078010637 1.52591497834738 0.677086816092032 1.48133682551988 0.900463339610255 1.02996698375885 2.04551284534035 
2.20260732319394 2.81680627243336 3.08700415274344 1.93780038635966 2.87218633202593 2.64640684840467 2.44439925487862 1.85351922718481 2.80698282607294 2.58335376116919 
1.49595912907409 1.1511111101254 0.803943853655706 1.09578068954598 1.41166741030836 0.905768979499927 0.869091387914337 1.21206147814317 0.914926463172036 1.67224150059269 
1.05687045957193 1.7247292620679 1.11640882914945 1.55091540530127 1.51482182596543 1.39857701144109 2.01669436436784 0.735130499825736 1.82077198225924 0.872777762701455 
1.57723580509238 1.86977535421549 1.37974380843919 0.634250168078668 1.60263566292466 0.343371155145281 1.29749820111143 1.29528456727117 1.08636304256359 0.794911977025601 
1.73900244805322 2.85524343309471 1.65002219737309 2.61346485592271 0.954994782812219 1.73002184985331 2.58717891227607 2.492810728577 1.26564973248984 1.86264834095314 
1.85329046200603 2.36294381000506 2.26769506247453 2.02838538993712 2.73193221799765 2.69474285855179 3.1687058370107 2.39418351059517 2.23283233441117 2.04662121865171 
0.844582582279263 0.965723888283467 0.932077077927731 0.95409335771302 1.4339391164142 1.86251348159805 1.17595322756006 1.36802772298635 1.18092265035362 1.33262904046537 
2.58035180283916 2.29796209765254 1.50679751003677 1.58811456586376 1.93990903009753 1.84750128967678 2.46998246849793 1.11693495469033 1.9414883557774 2.28212728241753 
1.57631292561098 1.28680378613239 1.56207494904383 1.45507405783047 1.40277387624416 1.01586977373556 1.66848061148455 1.73508786975826 1.93914025337955 1.11175991973692 
1.73155896949017 2.57648769024058 1.82347887629713 1.95891141460306 1.28678127804504 1.60994043771688 2.26784277068911 2.11667392328795 2.5497667729578 2.177876554 
2.28563300177747 3.25246601535973 1.3405177731756 0.661320319655508 2.06842788191575 1.82413761639099 2.27938101337531 1.18554313199117 2.25459037498922 2.09949979224044 
2.24388028695638 1.57147636705526 1.64112533906456 1.26223605393632 1.61963967493213 2.1844051201891 1.447727964519 1.03491811450265 1.40420350031974 1.17425449614226 
2.23064713865378 1.93256682197679 1.60886451052662 0.962691866545579 2.08237938560408 1.78352555866568 2.66517071006694 1.66708921705622 2.33310386914246 1.44980821714745 
1.88362721698463 2.81557609188631 3.5633682021691 1.68495532740513 2.08659783555326 2.30912955621107 2.06330471558298 2.36931543513796 1.96289719669017 2.76333405491756 
1.56173841315155 1.69544065529073 2.10229060484425 0.859190218081184 1.90832525844392 2.35189815514476 1.52472169825272 1.92182494010321 1.99489558656101 2.06527057376508 
0.835944271999214 0.435627465240344 0.299467026191834 0.289194679340689 0.489459168479248 0.544344798575485 0.0488784321577531 0.720826235105597 0.136430760919054 0.355626329568338 
0.830163124334178 0.442483962081995 1.0635730284089 1.05861525579379 1.08738716770807 0.881633070587188 0.321690087078993 0.807332683705111 0.67794531080924 1.11734590583465 
2.33058216194893 2.0025503275862 1.42512226495163 2.06174992476322 2.19798298702296 2.36637721414263 1.24833593898805 1.83051561637269 1.52391774676835 2.89052431759117 
1.13975221339943 1.01194897270535 0.717341937345273 1.5369498761366 1.9410627097359 0.868477035063029 0.515902559211381 1.03837996189814 1.14456613370799 1.81337147602077 
2.02761746226695 1.94230129679637 2.45552391035127 2.37866037244745 1.75908311542188 3.28559414855708 2.77864682203049 2.63475817434188 2.48080311353392 2.30641331449789 
1.76410874742403 1.85865021793105 2.40524164118306 1.73213052798593 1.56122740193141 1.55750802664769 2.06973331952864 1.97051508099884 1.61478811994413 1.6699875200107 
2.73119208709649 2.16561740694087 1.59229536787946 0.999228514864504 2.02435079924218 1.37736119365945 2.01349003816677 1.93006393484342 1.4746981187516 1.87228782909298 
1.88342721821508 1.99876615204218 2.75709068937934 1.95038608445938 1.84136271517728 3.05079452861075 1.52123158489411 2.7129657269905 1.48366280253985 2.45906533139178 
1.92314050320523 1.78850124693004 1.10931701130241 1.64137781284137 1.37256863185119 1.51117788769328 0.822836482656082 2.07159041115983 0.962424499276778 0.727664149349416 
0.674946190678491 1.62088140914055 1.80372295518425 1.10281181614227 1.34290725311142 1.1568602483518 1.76950754149701 1.92776257944556 1.07811268497799 0.57533069967537 
2.1636370645099 1.55940731632009 1.52532667803721 1.66127517324513 3.00895150731378 1.7513458110043 1.70420722789452 1.85360985233338 1.73962055096226 2.00075633645657 
1.49276291484983 0.620802553332621 0.431545921194532 0.796124339357273 0.454256996179127 1.3366746057815 0.242318341287091 0.286569150665972 0.316098602780291 1.02729684273943 
0.120552537786762 0.685589386448796 0.377690233697576 0.531963581786574 0.902603303740173 0.646137756268231 0.942632086587692 0.197201384825103 0.830321152147776 0.172700292753375 
2.57674152907071 2.31350128235015 2.39761594782401 1.47854309984136 1.92719569053596 2.65348639299041 2.22425982634357 2.02988279666898 1.86997620003367 2.96639463297246 
2.39932893642718 2.07225458823197 1.13908610953536 1.77434918393598 2.79020997637455 2.64289407431555 2.51027075760572 2.68741232566007 1.88337488133569 2.86483903893648 
0.935243624976769 1.63111864101072 0.912477014708798 1.30657370882349 1.1016760813731 1.44459553443153 0.905543467982967 1.24068747800755 1.51474153792718 1.10696968295882 
0.530884056678094 0.535710433081965 0.258651532631994 0.710223672045587 1.22391292228054 0.756526228834409 0.505567514640923 1.07622241622633 0.929063648320743 0.898786258463322 
0.775952015081779 1.30703100158274 1.9960937860198 1.58525456547076 0.946625136202055 1.83747415816749 0.910045477607451 0.616105867583298 1.74693858000865 1.35495562632111 
1.18302994351752 1.68222943333616 1.20816405984585 1.37641248779832 1.79055903268553 1.0126500594488 1.77655197421677 2.57409430486139 1.69403429481191 0.566880275327472 
2.11262070410335 2.70375306503922 1.74288492842237 2.25723011323697 3.01914633432244 2.19805479662355 2.18389361615252 1.96188134200725 2.98478658866433 2.39562048533655 
1.67782594007562 1.37294684023121 0.926870409174825 1.30237307341395 1.58900295443823 1.56044402380156 0.677312558191564 1.78004020154448 0.974190665786249 1.90527859972763 
1.22175653134529 1.75593904430236 2.15257168797416 1.19544669287308 1.65883340700089 1.82206035005193 1.67158892565264 1.20790190976983 1.81627072726865 1.47725235307932 
1.28485435881295 1.23720371817497 1.49811388679803 1.02519915948349 1.4365858357008 1.04316956909143 0.845855477418306 1.61478925309569 1.19164604341116 0.781163795241977 
0.972079248527696 1.90102941554459 1.53632378031857 1.35634612523287 0.84129651252888 1.46772505369351 1.37918026923864 1.61548517038083 2.06809598519173 1.92688814460729 
