0.554607616089762 0.735386581771103 0.0781534366884206 0.876658273764857 0.773417343232986 0.0948825505829701 0.722297193015515 0.054316522099497 0.533512663268054 0.320327119924404 0.925765307375609 0.365116998403199 0.243603873137168 0.989003249379475 0.565548006158203 0.00850257698994443 0.0152810891459319 0.829249490380636 0.268812486574834 0.106231779843189 0.0348120753574969 0.776877652723151 0.597133381421426 0.974523228328425 0.798777305605947 0.191110203432818 0.082037666020995 0.581834649771257 0.33673987397903 0.560519602428549 
0.374074390744459 0.398332808279748 0.500114118018132 0.747814826918442 0.411065386750226 0.674586154264167 0.0909849752188839 0.832474838929177 0.283828718683418 0.647545524851702 0.701096031439013 0.332181914726387 0.432762838797877 0.328962774255344 0.113772370967084 0.16785796651003 0.722089293353582 0.437191088639327 0.600718461133497 0.27132582728235 0.97565043831439 0.933739233901084 0.31873143791307 0.233259551310171 0.104094031799355 0.106753012775887 0.474604945408984 0.00485532652803315 0.497558377583241 0.311967994063933 
0.87667826568255 0.439092965477733 0.529653117769607 0.580803379231132 0.549000550011174 0.409618805399583 0.912820548092298 0.150184780539745 0.00421814558555482 0.575235591738911 0.447562765841081 0.201453941071914 0.944482160060094 0.741505949131132 0.719250253557993 0.525592545540567 0.385691467598765 0.319036138366955 0.06162773470168 0.0700245012775638 0.0480955599707529 0.0875480874593539 0.230320378412282 0.356381460407729 0.979463135971308 0.983183644614567 0.425375839201405 0.641200976857923 0.678245353488037 0.761088029270703 
0.419252097261909 0.77836112752518 0.690691014595249 0.583764062177738 1.13448769930945 0.238734505439853 1.30632259669971 1.03340922333531 0.94656276088438 1.30201088869084 1.04616900905432 0.985563918076117 0.798657003842246 0.477909512282549 0.716719627823307 0.509892594550415 0.191616456924989 1.00548004950186 1.55526092253392 1.72836129696496 1.54685879543626 1.01285295341618 0.0300775277478182 0.640874076747268 0.292997646075677 0.898103625914028 0.913484927968159 1.016428803806 0.763726927436574 1.30429209718667 
0.693039859567299 0.844579137694612 0.99155380298932 0.394166773383377 0.596556607634123 0.307154836380702 0.125843533856638 0.225557904819046 0.527341817741345 1.03895130582454 0.43998379919698 0.929835884040125 0.537681736139213 0.797044988073471 0.683508631270809 0.583390313905295 0.326273027888203 0.655051891544374 1.01049116503683 0.22978619552698 0.313457573631829 0.342438796065056 0.525781043325783 0.35494417684085 0.420285371218065 0.204426757368243 0.182786659538617 0.0863290444811507 0.958902402084723 0.509163869544013 
1.16188607806625 0.853489787350735 0.963160935862784 0.695309752416317 1.40682535440655 0.641133014384874 0.280702302798732 0.619491928513927 0.767766369835419 0.895616650665412 0.782876414508482 0.268939508934711 1.31275130484646 0.803503174850008 0.503506893944816 1.1270899353338 0.861075432060147 1.22399544525771 0.393583806357533 1.06746552280525 0.633373647864927 0.459743395540031 0.250138368623798 1.17423862346893 0.338371845069015 0.498675363343016 0.80138757707295 0.973545535976335 0.155764124422681 0.94835271704149 
0.0793308700038476 0.312220247944166 0.9170914390639 0.49143919691331 0.660568866374772 0.507111124995956 0.85614033714307 0.989257117404013 0.0727660471288711 0.177897079629272 0.392451301273179 0.910811481976827 0.630884392727755 0.578443751121416 0.609438336655137 0.641005259778787 0.113605254520447 0.745639592710265 0.437815302683619 0.431519901983596 0.152549612876749 0.353278813962786 0.886304046409688 0.816781713399898 0.696317192496938 0.322854242275518 0.864559338466097 0.655235815182221 0.569215050900068 1.04071026826655 
0.828259298045036 1.56420594906045 1.43584912579868 1.55750425335966 0.992066550299602 1.01227544105087 0.63293705026847 1.7351165379432 0.891746286776172 0.943772811247391 1.15486508022062 0.613385959816285 0.860473087602735 0.99947235245707 1.85196484981532 0.508785432453055 1.16552143043936 0.563052020274366 1.57685624770886 0.32886534477459 1.12814322438912 0.762579624830769 1.33757442762818 0.889069694226429 1.08840636198947 1.63678747494458 1.07934328415709 1.83529016045514 1.03283031050452 1.16659480550774 
1.49387325242402 1.66512581460225 0.600540717184076 0.792191355608273 1.70090946564306 1.24199816872827 1.32173604428374 1.18137844211361 1.11322093193314 1.47661263516388 0.944451966142269 1.18787083567584 1.52916386332028 1.1167921657651 0.771136325546953 0.204516661197752 0.681148850312803 1.33346409559795 1.58780741465909 1.83037376983383 0.810043017813548 1.68952916067293 0.420834556009109 0.442604114539593 0.929718999628941 1.7401423859224 0.706616987171053 0.939970568061585 0.808039433642606 1.7906614160513 
1.57563138929888 1.29351787795019 1.28376944486711 0.963164391127538 0.898749090675137 1.76410855338572 1.24471950775495 2.03374653396096 1.40965721977941 1.47332608670297 1.24337107422726 0.882849003970268 0.603602759188687 0.922228906083852 1.67709767745508 1.12467904685281 1.4281680203536 1.86051397498804 0.708256883686363 0.993839221443002 2.21260999671243 1.41740608969234 1.38726838953997 1.52640879231128 1.40724596334678 1.02553354744305 1.06852364678311 1.22358283473034 0.605583634043641 1.38518651321459 
0.975951429902129 0.0350104634856067 0.471607758510661 0.70747976328369 0.683017909782271 0.666103803796065 0.299574619225361 0.228803585885962 0.622496267604909 0.117356565754767 0.619682877651375 0.720185716669404 0.276268845673077 0.563290108209387 0.140160190606481 0.384149582453362 0.768957865669057 0.327979843603214 0.197179589656178 0.187751467574557 0.6781699478286 0.0250347393000735 0.639328259698488 0.529637871742187 0.967532498429967 0.230232679422399 0.773454903988936 0.17914272779042 0.876448587186304 0.635579678722158 
0.758362637991596 1.11172798199093 0.260554285580431 0.412774320655056 0.343959276495554 0.24247013181774 0.728478672464751 0.842497455650923 1.03443815018455 0.900185987702678 0.472871922122744 0.528041480554343 0.74749890322115 0.229528546133359 0.471076757971222 0.201468718422752 0.547843509052523 0.988707969685488 1.04295974475055 1.03838738031817 0.83528877754915 0.531817934514645 0.918887434897306 0.637943873865404 0.848782229483492 0.621238254294397 1.02030893844299 0.0682437151603512 0.433669386442047 0.995829315299515 
0.982916269907295 0.389468729150409 1.14719898658973 0.71057177001273 1.25660261259205 0.754176231871538 0.96023080308097 1.11463674695749 0.615113511714791 0.331346833940255 0.819992436044867 1.36180865376145 0.562501112727198 0.732506371622626 0.510196605908637 1.04277451542883 0.595698055762809 0.716169669586852 0.9318158227515 0.296750017132872 0.820216015826477 1.23659975351218 1.33480175477341 1.02981371731032 0.610820632199961 0.350912699252992 0.212506461766511 0.546761263719253 1.22270713632007 1.00103841816662 
0.45769219627201 1.13317060311051 0.813307935671265 0.782067083122736 0.806977973722711 0.580475722838276 0.658900528325203 1.37568071612322 0.993972577382331 0.72198214787186 0.519137809925947 0.536196566331009 0.424801377859561 0.822620289941396 1.14032166689692 0.626735226795264 1.34575284619352 0.944442612664598 0.956821484789173 1.42514841185537 0.828359602062736 0.434628088068276 0.833718391628927 1.16820957668225 0.655832975188484 0.985170618023783 0.509585350201116 0.462957879125209 0.759627165781373 0.814775337861053 
0.705926966674742 0.299996995918169 0.500431684222557 0.505740615013659 0.757065271916421 0.677487200187529 0.0409780965744932 0.0736838641854323 0.374318434362467 0.282218927364657 0.351550105322372 0.243733186354608 0.6863239356315 0.326828132849131 0.649194911413918 0.592901989181764 0.400767361414218 0.395722922686721 0.539079490040566 0.993054448981131 0.549695333325333 0.40454558179844 0.609732660466556 0.207581370738546 0.974060474039836 0.271254278616581 0.658612329639792 0.552920565884416 0.105487152845144 0.429844399826678 
2.05815743557248 2.08855773999332 1.59019700882445 1.34623776157109 1.90952345261405 1.6382314161702 1.43509407444513 2.12012664990038 1.86456642041931 2.47051185634467 1.93581061192527 1.88200147489806 1.01667848610819 1.96108908678049 2.00739822746871 1.64457092731941 2.32179949471311 1.20314612079654 1.46474949719779 1.53739981830182 1.42182927871796 1.1194083328169 2.55074177360408 2.2535286371838 1.45962843703911 1.63380049281839 1.16328203889463 1.66690536658805 1.3936522183305 1.34273413744936 
1.67237244370472 1.83852755689565 1.5529207076815 1.38126426594478 2.26515303323993 1.44692984545307 1.18559910852134 0.559007631333394 1.7714248088044 2.21430767233763 1.09148137261282 2.1342435721912 2.09972106471242 1.592437147221 1.95416805152365 1.41332105614357 1.05738233857384 1.59976116289946 2.90547104489214 1.31963869161215 1.84610929158352 1.56115689979014 0.837985272094672 0.930852856402046 1.64989639713798 1.45204877909654 1.2194624685911 0.559840845149305 1.70853866410851 1.76212208670511 
1.93346688362966 2.72323143144231 2.02595868886363 0.934634865215306 3.11539271323509 3.04177429708912 0.942129611642845 1.59889358731395 1.5056894371286 2.48047126807224 2.66353117319618 1.20473717963961 1.77932364122739 2.26504163379691 2.49655845756661 1.96642890570619 2.07674767318069 2.2278391887188 2.46641599617757 1.62922312122061 1.86894035859284 1.8617992344482 2.60467333907298 2.36639932557387 1.32967681975683 2.7743306161188 3.13649413584402 2.60774751514693 1.24516937930268 2.05270360625856 
0.911579280387541 1.06928686765959 1.38420985590048 1.10448889306675 1.59028149197631 0.604298479056689 0.740455985742829 0.360371748185215 1.2877513389382 1.23038696264892 1.20118844856819 0.501215264463556 0.580934068488418 0.41554115188428 0.904687943712328 1.23985682173069 1.52821397598081 1.47934696113243 1.52295473744937 0.672623762076654 0.866167836890024 1.07834347273145 1.48715659775673 1.30797503454887 0.299386451641922 1.12823667020735 1.26554484257096 1.14567598670623 0.436414615304472 0.558995749383089 
1.93090628618482 2.55241572895755 1.21304893891055 2.21176938257001 2.80164386720053 2.0397070809536 1.80238746705505 1.20554319026996 3.06515602258958 1.37750471662359 2.38964446636151 2.39211378357154 1.90432288365611 2.41780712010637 2.3156960798916 1.36675502017489 2.45554122493842 2.24222142254637 2.16643281166965 1.63035750048419 3.24002121221696 1.98025405911316 3.16335327957689 2.07675042120512 2.40271061477571 2.59802823579149 2.17819376045699 1.9177639547932 1.74514825446774 1.53171108745628 
2.58505234184939 1.60573943372463 2.7545631995829 1.44630914261151 3.46994532174896 2.44795074212655 3.07540397915051 2.11219272841138 1.61054704631828 2.34871916644474 1.97308855325595 2.90265837333201 2.01150044826115 1.57711105829204 2.61864094726473 1.64913482552805 2.35014364738704 1.14830775447615 2.30263238033359 1.55089550447436 2.21378283218898 1.9931018513299 2.49667834959937 2.18587720854497 2.24244468021525 2.1945411014788 2.16000567524884 1.44320783288 2.05847193301031 2.46897071896481 
0.237525619428295 0.176237359199891 0.348540794083285 0.736830852860983 1.08141572417441 0.546358849407029 0.438957314619994 0.566907785135197 0.576221742833401 0.242450945571135 0.17992025955347 0.327626183105418 0.0391548193172812 0.127823108235627 0.978463116591221 0.429961563880527 0.891036767355786 0.566787621011311 0.898648071763301 0.420553013592246 0.617227216681366 0.947978239380814 0.300788167045705 0.750786660311005 0.492847663405424 0.670819742574888 1.03263979030794 0.419867104307625 0.479984796222665 0.471587809692975 
1.04010343336375 0.655504826147021 1.54487623677696 1.74642343550311 1.94929098158874 1.77709136456076 2.09113136816696 1.54060143574439 1.03620547890538 1.16174807940988 1.3625234099314 2.12641577583811 0.534716340115252 0.71966253529112 2.16938517191388 1.44379461397097 1.97053141585532 1.81133540514286 1.52309773047369 1.52173541565462 1.80974674443117 1.28798636844777 1.92774647927046 1.36367389689049 2.04896151195268 2.22064240449095 1.12441643755787 1.83901552712136 1.8677013337072 0.806551707525121 
2.37576699381672 2.87897199463104 3.01155007734986 2.03593230372166 1.79052887702128 2.20189288331817 2.00514890099108 2.29314897113994 2.92390248728624 2.93203646764661 2.59756388266781 2.68690989413661 2.33917005437422 2.52897985311961 2.12567095935899 1.63777417378278 1.87072770645665 2.41468962827529 2.90318189346774 2.65160175104093 2.26925374243187 1.8843898730812 1.73465715765274 2.7689403529424 2.05944161360207 2.52402086679877 2.52456128948174 1.75969051271843 2.60883909116661 3.37336116003498 
1.20339347241855 1.71476200625213 2.11342342786025 1.22667259563686 0.802738482612702 1.43287914027015 0.498996846727937 1.13872015355846 1.82031028490032 1.3031750831475 1.43759270133423 1.12496991030188 1.10088030897395 1.05814486059252 1.26014401141988 1.555704650733 1.32825509059065 1.30326580894299 1.11965944472704 1.4733214768109 0.709812580956463 1.21763212144615 0.817516924799662 0.926652482741081 0.849857583917077 1.31944047099871 1.07007177003682 1.37181489377673 1.13099703428838 1.31525757945537 
0.882263906124271 0.947525556932232 0.800329251917009 0.979759812426883 1.12040985496906 0.267280328194858 1.24742971614739 0.981594513955339 1.05350577466704 1.2525807019113 0.816816355572847 0.907996660833263 1.47848178394829 0.690850876992386 1.25517937901602 0.942237526449915 0.547538704376873 1.09043198051557 1.63936959824136 1.62417351978663 1.12149035217952 0.984077482539156 0.23974061587701 0.297564330317785 0.402581836991244 1.72852331255808 0.454434911222632 0.813067861379537 0.604846656701155 1.05206153255296 
1.50817309780641 1.82369540258488 0.538364754441042 0.848618327568491 1.91444880264307 1.67411497891577 1.5337304631193 2.02468165039426 2.09471861589338 2.25258473422079 0.672915594673104 1.63221106648338 1.57242334863405 1.29200541739804 1.66214600295598 1.94773928575441 0.909844407479582 1.66457900691128 1.7996322762141 1.31810168259862 1.56204976717392 2.08086025672645 1.19843794139468 0.785601990312919 1.72509803107404 1.57858595341505 1.28792695368732 1.11177655259791 1.3023404885407 1.49967871594367 
1.68052103795347 1.6116648608742 1.44715732730119 1.40974703754825 2.45224403874961 1.37397918493545 1.68894717063796 1.83485044254221 2.49735682760519 1.56241380772956 0.875146954745051 1.47170943530193 1.97201261589587 1.81085846598969 1.31296749410544 1.97522824908087 0.523403358044694 2.07413616786169 1.42074665278718 0.805087888388804 1.95346799516725 1.62202009091691 1.59362527337812 1.47754162111924 1.81815376456563 1.02697210536883 1.78602138177651 1.79607407189002 1.98077650350316 0.514919139857811 
0.756816449261582 1.48091240206717 0.90097744772084 0.74727591913524 1.01651849015693 0.823529623309338 0.825368369783393 1.3502929864151 0.810885367316496 0.667737730232463 0.595181300961808 0.502395216939459 0.92314186398621 0.741960252148563 0.463004432832592 0.690397198577413 0.532387080165489 1.27140411602435 1.57155508849544 1.21414454247595 0.747698044676727 0.887635011886615 1.24372064092189 1.06328513056681 0.851077344663367 1.13895735840197 1.10724794644242 0.815990336289306 0.256088833139763 1.6254338106099 
1.94496844198377 0.898921130505001 1.81778471217464 1.69147091364449 1.00164421641237 2.23532326137779 1.61855366771894 2.28112883512091 1.23281811016634 0.603491928602817 1.46334494715601 1.30779071959413 1.7333181889499 2.11271894190984 1.58856234508704 0.920929267607391 1.71668182858122 2.02655662625021 2.15343683367035 1.49334324421421 2.29394662575919 1.37118285702074 1.25568369701777 1.0281768153625 1.40997836446088 1.88862906769169 1.48223352998526 1.81648183513421 2.16652621049209 1.07907603386025 
2.71166737467785 3.9477090899875 2.4606089867376 2.50509657165392 3.87055291531492 3.28699033219694 2.52559746845583 1.91800619029291 3.66462387615943 3.32014743573548 3.0945983526854 2.08601860978919 3.78168497732399 2.34303922918253 3.01130293114387 2.38668658599363 3.63844834761847 3.12253916295362 3.3424363450636 3.04328311918004 3.35930931479115 2.62411545114608 2.78103515060794 2.61772149004921 1.90572678450638 3.90668086163399 2.55559722694177 2.54714426900154 2.70663382665777 2.82808614486686 
1.08161250045334 1.09177440819838 1.47442442000783 1.39627369461531 0.715596074729759 1.52322607089425 0.892328650935659 1.61032131960742 1.37967172817732 1.82305809680299 1.04665747306687 1.18823801120663 1.30446098159163 1.79678795407541 1.64824881476945 0.20955278630494 1.47626301563346 1.49679316029263 1.92208195664064 1.2241309906695 0.865429280794472 1.44855040426042 1.16587427708592 1.23563948467359 0.957307766610753 0.705612108533031 1.09081521945026 0.486660206407665 0.725699340655018 1.78721534840321 
1.56822137615043 2.7205522701583 2.39769277268255 1.33157766493375 1.29423166304014 1.62769756074145 1.30807458365441 2.10397036150388 1.76974781167984 1.51603417179545 1.4855909723827 2.49501199993032 1.83527511885958 1.81681679081932 1.64580156350669 1.37409752478732 1.99503321790717 1.42545681759697 1.83920545857953 1.38272294803827 1.60214992312526 1.30397045676685 1.54769544591793 1.24209307298247 1.28349694920403 0.91206926190783 1.66005018517376 1.90992245367876 1.1570662249895 1.49964922483538 
0.878219745306395 1.11661317094571 2.11102004683509 1.18951091191876 1.05910316090306 1.17964039003168 1.6313077425711 1.29829580365561 1.43516116566482 2.01891371530307 1.5611516565831 1.75176393034001 1.25864067557241 1.67697068530773 1.40129358705737 1.54427261589602 1.36487335628319 1.92743528923286 2.07639274287819 1.80458147622896 2.02021760032764 1.59577940347189 1.71773294930481 1.75767228289577 1.73661178506834 1.0670748027452 1.19713556397866 1.93683353263971 1.71621417862431 1.12429629658004 
2.23823931280952 1.91211972272859 1.37544783978972 1.04766355366779 1.60446688395723 0.8075535853818 0.418268987173505 1.50074547695864 1.8495187400093 1.63259362958305 1.62659000087244 1.84468683812371 1.83938521156444 1.20130130676894 1.04298562387849 2.41801019218704 1.46110183529188 1.71285118060697 1.27235153549092 1.54030859083007 0.758539754224219 1.31730688445954 1.65120161542875 0.808152044641619 1.41294322361048 1.21219364912177 1.25788203567566 1.40453647553494 1.66555787799151 1.44223550296964 
1.40867460922854 1.69833728058574 2.04489944823976 1.55255012822836 2.01208825478862 2.13209753742355 2.15843216814016 1.43379328112845 1.45411921390728 1.94950113686026 2.63396822587902 1.97313758106215 2.63374925335621 1.75408887169304 2.25796548977907 2.39382111088056 1.74279895408591 2.10299927254196 3.07457933720571 1.64884926026248 2.39153792089899 1.79838796032313 2.44413446439769 2.40998586211899 2.33336114171678 2.69957805834903 2.55682411745242 1.28408093948563 1.27235943431803 1.23968359200824 
1.87669541672044 2.29908343713316 2.19644724929569 1.71530426576164 2.33875207490848 2.38908179834363 2.0918966413287 1.63832825529828 2.4421462608503 2.13583240592441 1.85807314444959 1.77076546698104 1.71925106554093 2.51917064413494 2.23071147245663 1.98085012780815 1.30541346794162 2.43585998959771 1.5906748145032 2.62363888758685 2.55825930367262 1.46345021390611 2.43637030953875 1.93069180245165 2.32252200615799 2.14505966627297 2.02688548257232 1.64388127324869 1.74853971965009 1.91794478892119 
2.58298392234261 2.32999455984872 2.59399107846087 2.0887880490298 2.46526907388935 2.08356978965886 0.801355802300193 2.13996975223966 1.81916807486954 2.47682222597193 2.14434644984443 1.06699009473551 2.49777496387642 2.89086917615693 2.51910558440508 1.92471738027327 3.01563484696415 1.838977718925 2.22172316218536 2.43719786709586 2.10098472771465 2.26545313489403 2.9575830321967 2.50449954874827 1.94245697505761 2.58191998577184 1.79687006255292 2.30765245619373 0.965467776727716 2.82983151340198 
1.9973386938584 2.49595983359348 1.23495841960497 1.47871676839898 1.96474624833919 1.22745382986539 1.71243605087569 1.40462005587148 1.64995978963566 2.10812893372597 1.41960827428497 2.04735469651157 1.52983948634591 1.48236130890583 1.56186278650804 1.34320723727799 1.25920940913191 1.7121995179712 1.45914988601623 1.21947207686152 1.69020780260648 0.926388532186798 1.89242122880813 1.68500354133886 1.37697739437523 1.36455179430148 1.28784068047375 1.68515697223262 1.81873366543977 1.11938961341081 
1.62423411999764 1.89718080089126 2.10664242903492 1.67594196587073 1.52214693900999 1.42945638937172 1.59171027740406 0.997406381533961 1.25110147855786 1.28598959232759 1.58864518520843 1.38758345008034 1.82827648231437 1.66946393260424 1.90743159698921 0.943412959756943 2.04406720249606 2.46235761836912 2.07804206758309 1.27319666496905 1.76115045128747 1.63919806521201 2.72483544470807 1.71638030605326 1.27870957889284 1.73207347777604 1.73374963967092 0.632183766907717 1.57688543860846 1.92917423777037 
0.637387980254702 0.342233693279952 0.405044198030825 0.447556418978775 0.585113534905396 0.593148684446407 0.0844438009573929 0.120622511076313 0.396472520026702 0.312291780855972 0.345136503586966 0.269157409421546 0.556363701830832 0.308481601427612 0.512377005901432 0.499856306170931 0.408989451864665 0.439132945092256 0.465414946295944 0.785156886929989 0.552968963502892 0.427059722896407 0.556682388574929 0.313042111025999 0.828429480065272 0.250886317823933 0.566390515800565 0.47682724297361 0.0838962685485158 0.373602708988678 
2.16454303033502 1.56294251410259 0.94627800611397 0.771230855641111 1.71247943348677 1.3143740970189 1.55654602797764 1.7006612338563 0.838396319964737 1.51889253329945 1.56005075638991 1.78015422666355 2.20661496827025 1.85037679839279 0.81189558961651 1.74345756921302 0.73417574915197 1.69399171106713 1.91420929727484 1.58227932359881 1.08638568734446 0.646184066446701 1.90581174016306 1.49335954897715 1.58047031763809 1.22023980335368 1.25336826374614 0.64868209336572 1.15395994398342 0.97427375644025 
1.12642861077591 1.90577257613799 2.46631321797817 1.55818323792755 1.52565923265882 1.23244208014633 1.40167437677876 1.42909495210481 1.92142920753301 1.09599371979832 1.01074027046548 1.67828832787331 1.92449151925466 1.85486649603633 1.8843419337224 2.47201070965024 1.89607288985599 1.44758438178742 2.32423377137178 2.84171039312786 1.89515491564168 1.66350089911997 1.88618673617249 1.83869173857301 2.11327560108845 2.0733402463937 1.9870207164381 1.75064076912227 1.80112904213612 1.50313928426469 
2.37282101172416 1.73483954920822 1.898353688605 2.22826883636151 1.18614169137679 2.00215938590792 0.697929186362353 2.05031812633969 1.65483746758816 1.89692298200117 1.63531099610103 1.26646422596186 2.17871080774471 1.93511918193184 1.30736897090893 1.16244883097798 2.25299784812566 1.44856235103045 1.52948197938376 1.77912950667118 1.73972709680077 1.77196785203203 1.67390177576902 2.20731900489521 1.81276121408621 1.86051057725448 1.43792208268191 1.99690847139872 0.893077391093308 1.50825119077024 
2.02118630396179 2.268225749686 1.63383168023866 1.59413088543021 2.21193490072156 0.621322621234279 1.66429005907954 2.0402707527319 2.45603233690545 1.0980753869813 1.2676950416693 1.19997191289543 1.60752277049577 2.24779258131147 2.09116481540398 0.948153822785008 1.52808957450693 2.16254812785074 1.14688284739966 1.41354228184758 2.08026943837482 1.55641426217965 1.40354921482753 1.6890019194794 2.12383458921235 1.98523327669753 2.11773169165854 1.85817985481825 1.62733317381517 1.7909775604649 
1.02897968158503 1.07868011785867 1.23104036099151 1.15577886705851 2.03980616789837 1.20617977884492 1.04284061692991 0.655936808610462 0.867106831732561 1.20950429773277 1.1150011294313 1.83465512002172 0.967518963653831 0.751176948780363 0.557874626721711 0.761054107763918 1.00169295495892 0.852967491823923 1.09022852918518 1.85535369337442 1.46226613675424 0.479086047398538 1.13670808976761 1.02492586949506 0.918498634415073 0.957990938073681 0.79852799357481 1.40921595612781 1.23343162732334 0.676172262825205 
1.66546612420295 0.969242439220202 1.75706597367403 1.27242145028888 1.00565119418491 0.782253943737018 1.52127320235153 1.16656405414792 0.822409886556736 1.46300640111116 1.35794383583154 0.693456824243451 1.70755715295508 1.18132842558017 1.18108792425947 0.854400850922209 1.4016690387188 1.77772443560893 1.36139003222584 2.11601750554669 1.00201744426603 0.295913169212285 1.25437089570839 1.72957516747231 0.792833762030279 1.82152754366778 1.10842002084358 1.06599219079568 0.860245226399379 1.44861700150695 
2.86590887414673 1.12596307222794 3.04466540486977 2.44722244916049 2.98329289607145 2.17845444912002 2.82245921625879 2.65483095057708 1.74068931854616 1.60042890829515 2.26848966205693 2.00097190639505 2.37254474924125 1.84422323246426 2.04650838053968 2.18414337940986 2.16890612168863 3.14143486399044 2.0178902407226 1.51402184737488 3.0315263399381 1.83588848494633 1.63491376482406 2.02181491021811 2.45241315059089 2.45706768861723 2.27076892017468 2.69782187491592 2.04610107630697 1.62994148126395 
1.59037680784377 1.51499999347595 1.93418241073927 1.78634813766639 2.12841658291226 1.64366787932218 2.62864757981557 1.02228017567771 1.85074989361087 1.59825104985567 1.91990567832815 1.89347923878579 1.08510534071486 1.34735486703904 1.5252255676773 0.673149636275002 2.02314539328866 2.11476900226444 1.79982204467661 1.65485042077189 2.03581559136209 0.833554972762733 2.41147001645728 2.45871938311682 1.33510280617606 2.54820169930852 1.58866356275751 2.36536498475814 2.03663176255253 1.22442125352485 
1.39612665482663 0.855450206004915 1.49339960300619 0.626334613400114 1.39670560900741 1.0311981259591 0.561752986947897 0.64966078679808 1.35858446152837 0.985427753163068 1.4964996416932 0.802877652429992 1.27722810087819 1.60940951634034 1.61526464408311 0.290162627478512 1.6389466627316 1.35817956783847 1.28592764690739 0.368852720424799 0.892152174850666 1.45019437646184 1.31019399197144 0.856553369407328 1.4434757081797 1.64029086985162 0.790263828874964 1.14209177759037 0.994039200885594 1.15840453820111 
1.25601925762374 1.67253296731605 1.56342324340744 2.13812596661129 1.26160218268245 0.863758905852687 1.14374231005972 1.38921034926835 1.17719262797977 1.24029599596327 1.91300113782649 1.95317368813979 1.63243686764661 1.43347384861101 2.16953875057492 1.23978389483613 1.05046247311016 2.06574286294259 2.38412095117233 1.41667963583853 1.43884505952839 1.639843471655 0.937005487989578 0.838217141705674 1.09394341835706 1.90535818892481 1.41747741175782 1.15917365870784 2.0260916446596 0.875972030777134 
0.834686078960585 1.17964941218862 0.816087557677406 1.24009258561572 0.995267635257763 0.720016038696296 0.318963630865927 1.43427252341275 1.29945778522198 0.569902690574485 0.90610041617027 0.938010710405139 1.07600842502729 0.708926608151265 1.64710963247166 0.811697190442413 1.87779814892369 0.520414750941232 1.01817458722043 0.888234329615281 0.615948213768968 0.815636537785833 0.907253513553875 1.42538318023567 0.838507033589091 1.00829519833239 0.442181230340714 1.23895471290139 0.512051965017034 1.19625769241671 
2.88651877017348 1.53281895297421 1.71432939801487 2.43960362623942 2.19306997042103 2.23901043350358 1.7534226060882 1.6053213404033 1.96551167590647 1.13874109524114 2.65505518411243 1.21380690799649 1.72258292289148 1.81486573443684 2.74309925492135 1.84984716030022 1.85606722342564 1.86524752466169 1.61953793657794 2.03685204204335 1.73480746240403 1.94844076130339 1.98509691300901 2.2083824876309 1.50299254084912 1.68015338088624 0.831929182361098 1.70361492846462 2.02550879316683 2.05044659474035 
0.650198390289875 0.611070251457651 0.818490883804842 0.906846770511445 0.579322647968893 0.896207924317558 0.461570842192974 0.572001520627486 0.690602554525919 0.542531826128 1.16013099502214 0.849644209075301 0.752791418099388 0.849170664793542 0.96865208964068 0.561702111091515 0.709645563025768 0.642995160023598 1.33718462820736 0.260549011770504 0.521847025303884 0.741117738822961 0.455835506050811 0.874301486476013 0.516910318417603 0.250119883124233 0.700518938101683 0.44014472293701 1.21783685569957 1.18347354555778 
2.26322171734142 1.35971989858289 1.78075790797951 1.76741142327424 1.39571917477069 1.74939537368123 1.32492777113918 2.23107276286598 1.82246461395094 1.28649989425665 1.79631304448871 1.84735133075489 1.55228964453822 1.63196539986122 2.50863208069085 1.9487372146054 1.30149589307867 1.82020070327886 1.65264464647013 1.32944094871583 1.44693474208813 1.79915278022992 1.58615723611346 2.23709809140292 1.84440601655904 1.95647358908465 0.909271095387365 1.37021059804079 1.96851009277703 1.79412579235782 
0.46519072527626 0.441215100274696 0.477074999550369 0.35856838870155 0.669712066173433 0.432394100596216 0.399225642541917 0.299023529471302 0.239193357958258 0.25177436608286 0.40081199633646 0.480240978462821 0.243857828191829 0.131828469495262 0.468644160914654 0.297141213358045 0.109710944533048 0.244060962370042 0.254843481496594 0.293727287151921 0.324684563980068 0.447487085412845 0.288829623457036 0.291038075284704 0.382348926901478 0.168155801173566 0.520290048982534 0.580553890144765 0.196914251818329 0.208903345267866 
2.02049313205051 2.00116463066014 1.4765282771834 0.543295117788245 2.54416702385015 1.88491013010771 1.46897881329639 0.948154448505023 2.08006929044675 1.96745800403475 2.91777183837064 1.45151800219695 2.10048228186321 2.02240618538399 2.6484058555362 1.58766332967531 2.55304117302123 1.41202446097892 1.93948492337469 2.27998839775195 2.29680268317196 1.74959394974518 2.16804491121828 2.52905512856869 1.90173680499469 2.32045754517406 2.16576425449066 1.72735069481221 1.05229631554759 1.71915842955703 
0.955135962569018 1.61136727731252 1.45791492461431 0.790266108913028 1.02008919595075 1.04079058162015 0.473801482990457 0.975287307590903 0.827178319685277 0.448891670258525 1.04348545901514 2.01128982496749 1.25336478825737 1.30969578760886 1.29138144430869 0.914130391289762 1.06236726755235 1.78247028559291 0.872312026746052 0.473875105058682 1.3702170117731 1.24159024962005 0.815465053263478 1.19353631794635 1.06712478397702 1.70290422426514 1.53943797943051 1.14016303721773 1.82240091076384 0.958212385960759 
0.874697046976709 0.360943571354419 1.42954369537953 1.41585673570183 0.824290704038503 0.841985955091164 1.62630052051826 0.311691380064901 0.739603743063909 0.872773189868737 0.921496277288882 0.843821644390163 1.16261262109203 0.272888735645502 1.38314841168777 0.958104666208949 0.666552593810367 1.23036202434169 1.59684251341394 0.610716929342681 1.4461987270519 0.816777800095597 1.08088085514259 0.412986315551563 0.222651681063027 1.28209730976804 1.07438146902641 0.244005293468339 1.33775403960641 1.35615264109197 
1.90038540753163 2.38016261309059 1.60013026476367 1.89114596646773 2.26043206180258 2.6020495418444 0.958089034367601 1.20900195184431 2.27729906093238 1.46007307776087 1.04914712710358 1.91205291602412 1.32269141503802 2.11073616919288 1.18641419800113 2.53161466571329 1.5319441841502 2.22674320016298 1.50095585987431 2.25891051554348 2.46169564022143 2.30349212577447 2.45948569419715 2.17387630052321 2.82644253488219 1.69954557878211 2.25209231014653 2.17280247746972 1.25841162157265 2.06085703811861 
1.37314102221172 1.78359384663557 1.2435712024603 0.475261815959831 0.628672586295858 1.25687576144719 1.36866170559139 1.87337564109727 1.31063824834046 0.958798742527823 1.14810872076736 1.28393859638459 1.33258270687982 1.26495665976594 2.12650846505116 1.91674505555048 1.19890541939033 1.46603776429395 1.38184262606819 0.833083621666747 1.63111255371931 1.63125940585496 1.25790017410777 1.12960363170719 1.65684492831245 1.52908667619467 1.88854951442854 1.22507045599155 0.951185950699481 1.70621914373593 
3.65712659064364 2.27091325875069 3.11836998537716 1.42397965082363 2.30161261940196 3.49939509664144 2.41519606882945 2.14206451845367 2.01242545854156 2.91529582618521 3.41468771169547 2.75648524120085 2.78418204866677 3.40500718736869 2.93514991431337 3.4366281461661 2.64001399865661 3.20367855566884 2.14739592119915 2.59160558583149 2.47690152131413 3.22357840759223 2.13688253419489 2.2111708380457 3.14516447554293 2.79007348944016 1.40785929453643 3.84462022712573 3.40950050716842 3.01756156754025 
1.63589045027255 1.27275214094623 0.849312154015615 1.09888166124249 1.54875949473212 1.53006194676077 1.31559379821324 2.02624417013544 0.708360941115783 1.32674613941244 1.78633572110474 1.59710652947994 1.95387705963901 1.51883361588161 0.661818664259267 1.56859194718897 0.765092910384682 1.50995311611686 1.78627905751994 0.972120899763749 1.45578211310936 1.10899218236688 1.25178551232599 0.993547588384761 1.28556900207474 0.850251652662101 0.983928228128989 0.347372232493532 1.19190917887721 0.684836273219154 
1.73020770324393 1.09111895944745 1.56029238721636 1.47755200372769 1.09862730520188 1.87867257927771 1.61332935892677 0.8801131815394 1.00059109728104 1.20119627709451 1.18486557031272 0.765793030698695 1.6641085782935 1.38695652531858 1.81381367544553 0.988317184727609 1.0659512789657 1.10819170704085 1.24062982682053 0.704374100162023 1.09542474132277 1.10419978718595 1.05325852564387 0.768638496055554 1.46155776243879 1.5760656274662 0.657638805726165 0.548124759874027 0.790613661592977 1.37640912296093 
1.3859022323147 0.918565724751245 1.18655515194435 0.557478816274095 0.832997040080463 1.28665812715695 1.51683429038254 1.03644616703559 1.24595240714222 0.90190589999725 1.3411429407575 0.576546346650692 0.931085798842611 1.08774814347545 1.44188155902845 1.12383683128626 1.19846893808057 1.72735179541137 0.704912642519787 1.02700337982865 1.46441972925012 0.847437904546073 0.919977185314925 1.08439881475103 1.78108786165911 1.00153447370989 1.02372487728928 1.24959824457032 0.77103056667701 1.28330626005999 
2.06958045025039 1.49974922369405 2.46776000970504 2.25242827782092 2.24737231926138 2.3785141333298 1.58626706521649 2.91856048376321 1.86308503649195 1.35393808985127 2.23017285207914 1.91647300524165 1.96066460722683 1.7194693690953 2.20579549689324 2.57712284545496 2.00973121472387 2.48317988465045 2.15072220572627 2.07660963488536 3.30931568470085 2.25276854280198 2.89811856753528 1.94618868900135 2.39060521832134 2.59369999223803 1.99118549676162 3.19423249449431 1.48007841897179 0.773338725560241 
2.30373601380379 2.21300229513672 2.82406372664912 1.93432037853513 2.45857231120175 1.50965840552908 2.26765397229333 2.03587169174811 1.84783316141104 1.58592789302464 1.96338015398572 2.59205747904877 2.08139970404364 1.93778473119787 2.29607854062295 0.763749478866879 1.73060354901804 3.40508580296261 2.69153957386389 1.58109678054044 2.15782521320621 2.66407489436111 1.99008716200145 1.71190057020287 2.01066901774181 2.9828595476599 2.13627936404075 2.22589244490396 2.03650138193373 2.10866364897593 
0.759341282732009 0.78666703759186 1.1476950493684 1.23306461551083 0.994188227810095 1.33854143760836 0.728173756278504 1.15880488383991 1.13209831016319 1.07338917910676 1.28290918274452 1.47633649488331 0.870605497467958 0.383104633899179 1.41725204028833 0.555207069355373 1.23833118087984 1.28032839741833 1.11861814955987 0.72104418180853 0.522027134248154 1.66037971837093 1.30644652965872 1.64025604281977 1.32248958993122 1.66412900619535 0.99865336007247 2.04474014950048 0.868622938955975 1.04978076098406 
2.09140289130739 1.73106979474689 1.7818469489442 1.58458571350491 1.27541207192092 2.59512576513248 2.71969760607105 2.17871797299899 1.8725888319284 1.70121356237326 1.98234424346929 1.59796327573277 1.89944152460467 1.86750148850058 3.02440179893614 1.69131072339907 2.4352137735887 1.96377090849111 1.93322804924931 2.15027899767243 1.6739359165224 1.29374220748485 1.6382384485632 1.58246607068825 2.33505079002652 1.96233778710256 1.87652027082532 1.02352358381348 1.3978879444029 2.22701225503208 
1.73123610644865 1.12888239885532 1.36920086455493 1.11795655312227 2.6243368525412 2.36563283177071 1.54986861523151 1.26574858670836 1.65053789584025 1.75142341511228 1.43782560695355 1.70634025875783 1.5664645538725 0.885483331765889 1.70392362929328 1.63870627200215 2.23024841315868 1.4176386505351 1.64443273251293 1.79913096535348 1.30594355977665 1.14932981780095 1.43906154331623 1.43713659794074 1.92409352792319 1.9921347594006 1.19644621716527 1.23988382359206 1.75196630598166 0.481275732327632 
1.58922880174323 1.14635264386473 1.55995854833271 1.05332440144096 1.97187981118887 1.33264500098466 1.45854934450765 1.6176247985622 2.31054400200944 1.31389566464992 2.39759336929913 1.92232009193816 1.58065060670802 1.50823690613414 1.14134237801701 1.85781293236928 1.60717664985221 2.6918380372266 0.826667329180987 2.67447630428798 2.70166981952299 1.16121117408172 2.32805110023884 1.55956695986844 2.319152546072 2.34597534719881 1.30214666986339 2.17145125042764 1.70587777511348 1.58743029022961 
2.04890968332314 2.21019731339032 2.36767181964874 1.53315802762791 2.16662129140936 1.28852317609385 2.63979859732306 2.02678122082214 1.87434285242561 2.30148357416855 1.73388064448717 2.09921586008642 1.38044276335964 2.40606135947699 2.83094946737114 1.00685328157004 2.2847504400878 2.65472016849435 1.47935286644932 1.92903685075708 1.44788578639072 1.57480229705569 1.84479456418798 2.75637670547288 2.9102486753795 2.11369515401554 1.73579997526032 2.05085247005209 1.11839097308637 2.16904111607287 
1.40988334195428 2.40294112968632 1.32622647372619 2.46800922876383 1.50959693785858 2.85285747006132 1.40698726453394 0.942271128172722 2.41060466430163 2.13225362060752 1.32314397913964 0.984345981097337 2.44831426515106 1.53385864608619 2.11542016214436 1.58952895999245 2.08126937304933 2.29372439365689 1.33409001255228 2.08728212809515 2.27514592991287 1.75183051839426 2.34162735753383 1.13881676588532 2.04006741490487 1.36091670809796 1.10602181311421 1.58677594657747 1.18169425699608 1.63267590878638 
1.54314671491588 2.54507751613327 2.84480712168221 1.75603152727463 1.75011776006051 1.37068504733685 0.933830664918868 2.16556772067399 2.04730436870091 3.01921569974409 1.86079052962136 1.57346130474849 1.07661541703476 3.06693320936939 2.73727395812241 1.87446037194456 2.92533029858678 1.94048453737828 1.72539470131735 2.18094834283935 1.72573363715077 1.20242971051421 2.12030135318566 2.4391190073274 1.70745245611313 2.12403839995267 1.00497487993699 1.21320089417429 1.90672625810352 2.60633673572503 
2.39741743905661 2.45884882095521 3.25977278982891 2.14651577881959 3.12550498917833 3.20580149080966 2.06808205267406 2.52184294785789 2.3945985042933 2.86664956366992 1.99088113358555 2.45900534191804 2.52545223232665 2.65451495384714 1.87535009839374 3.17164289041559 2.39616465056475 2.80058617891457 1.67295130622361 1.67996300547414 2.54346311328628 1.99304643030603 2.85346839069688 2.96275271949588 2.19149376001782 2.44180838817396 1.64825992386956 3.18705882883704 2.30099273198866 2.03415096340477 
1.19277460422195 1.27414018881418 2.16991053160398 1.18938747203666 1.42462780001178 1.95165535031886 1.18545230943542 1.63460420707261 1.22288681670022 1.94302840569075 2.31324557895402 0.990493077770056 1.55180161432023 1.58481853289516 1.21753703381227 1.51601796284469 1.88772029363853 2.18919347596966 2.29572840565382 0.9941506095792 1.8798232414367 1.39760329725185 1.23945991215091 1.09864562382686 1.07983365801863 1.70213768449771 2.04142138638006 1.87585465183889 2.04334281546374 2.49162480023236 
0.0268338504028807 1.00850439922359 0.589631867583191 0.254546107848852 0.509592317623858 0.566366897999848 0.51602243367718 0.155299050541996 0.533547087552985 0.179938467639822 0.265071231204918 0.755747419341212 0.0932491017365711 0.94376427944972 0.143931001689861 0.90358714678425 0.742157243989978 0.401634921361636 0.0885739412477348 0.745597397323501 0.339987269100916 0.380200322291209 0.850695039166236 0.928629483008191 0.965125287511638 0.96355587091627 0.814010904074435 0.539091219476549 0.75236920612302 0.561574605969819 
1.32465101971844 0.637344159104663 0.425964314777976 0.499183527524403 0.951348286078247 0.974710633436497 0.184462302444463 0.758781960099719 0.73852427657368 0.716665151008013 0.772505741297836 0.633467133166231 0.490961329831272 1.08013454717797 0.79592766144003 0.334503659473002 0.636337196228569 1.17936253400598 0.660517519475997 0.309546886670563 1.16481890599258 0.790990794062008 0.955180475392536 1.07359123317961 0.957114961635346 0.164444903257875 0.908259359084091 0.782482511931941 1.0146142707546 1.28611381014402 
2.17707620016582 2.77958795008369 2.98666208352101 2.53469002009069 2.42216142219778 2.36718203573544 2.96399158830863 2.60084510210416 2.82213156419188 2.00822741760266 1.82203327422987 2.29419929327396 2.223485168605 2.25686873275703 1.50501633058413 2.44985148071257 2.49191704834707 2.18400984163066 2.56663936574064 3.19938843293852 2.17981667808617 1.68659813532044 2.8452461742999 3.15082085296453 2.57089389571229 2.57701894088606 2.45381437589936 1.8538980770225 1.06595466061373 3.10417475171655 
0.321882828021192 1.16321864105599 1.07737015923336 0.683366862808346 1.58075860681468 1.7224798949708 1.28095992749587 0.978782313064152 0.653121194243144 0.955182639355625 0.932827005981216 1.56322857503781 1.22888896955517 0.740408094429596 1.10019949830901 1.59496094668927 1.2478733098165 0.718628761702086 0.953618709881176 1.85681193680796 1.34086146798615 0.480930655848767 1.19143605848234 1.48481189614178 0.942422305287331 0.671159393834674 1.17943535994952 0.992400218358811 0.722927585258931 1.4253235384509 
2.94426571900155 1.77366227499869 2.5244096427461 1.98796537188693 3.14664822385057 2.75771261105326 1.86811505885485 2.17199231196332 1.90937656837954 2.16746977887177 2.03177093601784 1.35313621352094 3.01406506913317 2.77260068641256 2.75888754189124 1.94491588071221 2.49642117733537 2.60375918209201 2.27048058510903 1.99179648822892 2.86776206615543 2.87745243756197 1.51855365861829 2.34551949681383 2.8396298108481 2.40394442961264 3.0610718983786 1.86189152181671 1.79293781518503 1.87141153741049 
2.03399033113491 1.01090940273482 2.06054869591773 1.71134376983069 2.53643728030215 2.13495587738401 1.88179780791301 1.37854713200617 2.18138239618678 1.95744445063091 1.91927562156459 2.15689138451877 2.0322241544047 1.14658191376606 0.727010504999367 1.79537306082917 1.43725789967324 2.07954779047503 1.11690564919524 1.41766244350487 1.91663232828731 1.01552003815827 2.41618107546361 2.60403258028479 1.63078129804636 0.781397490297878 1.24985546573737 1.53711637926812 1.96112088363979 1.45175350709555 
1.7027608899354 2.01029304847354 2.19926954224645 1.88530355368047 1.76737941898446 1.92125233817021 2.65475233463638 2.21615942040228 2.18262879782012 2.38527899404756 2.15082967972331 1.36040137468962 2.17983672570507 1.83678188443615 1.83647330583106 1.40565617365158 1.71051990764714 2.43064777892438 1.36222492286276 1.8213212060799 2.04712673940575 1.40652081974156 1.07638813403592 2.59798028977461 2.63289937267554 1.50949596507482 1.50747305788901 1.79212321791245 1.0017494473543 2.36789970020206 
1.83932893691604 2.66982014435113 2.41221868095637 2.86383249617563 2.46585046303895 2.78583611592622 2.09823966602222 1.71126394003153 2.20448310054671 2.72586326617866 2.1838020604191 1.88497968378622 2.90758768618075 1.58283421819729 2.73873910510416 2.36471171958725 1.563544603382 2.89976274522845 2.57880215437432 2.61036975549173 2.48258893663165 1.72287806369824 2.47103815088285 1.40574596875559 1.46490879075298 2.56240539149445 1.31882644606248 1.99991949986683 2.89150299770969 2.20075150127672 
1.20188168230701 1.7910147193833 2.69692411181956 2.37463262868675 2.12570797367689 2.93040681111661 1.09816990077325 2.34290589059373 2.06488853473378 2.43071695788083 1.53707683684342 1.38107599462049 2.07505493495011 2.35430677451615 2.6776703327538 1.89635923427318 1.9409839558361 2.3588430088174 2.37320783295263 2.26250350809063 1.93893055902647 1.94416486639479 2.07022133048059 1.21634949734746 1.88226948411814 1.86408179720881 1.76349357028432 1.97909558547075 1.13299412884294 1.72481041425215 
1.62953303531507 0.612484130193458 1.45977048027098 1.84631767704116 1.57619542097785 1.4587938207072 0.661051067927157 1.31002443670203 1.17682401797111 0.714930114625956 1.01821340042402 0.930476054724728 1.78148177655827 1.35055883906537 1.4538594860259 1.32602600175634 1.13233442703482 0.8649059703915 0.986931589782442 1.42322808699032 1.55781842657998 1.41019740622845 2.01502577684341 1.43106076911511 1.63984737871464 1.14033764507149 0.846925469498187 1.67184972049821 0.470376824964841 1.22690088074249 
2.31100831847363 1.45954178209791 2.04223704299465 0.991484355846068 2.39710173728513 2.21943522152304 2.16938946293166 2.20847267908573 1.27544719578012 1.78842364885081 2.04374093385947 1.71557767417559 1.46559557632532 1.79399823644726 2.72976696705622 1.86819576872937 1.02942157468205 2.11620462423576 1.24370226429817 1.05155452227458 1.8573262635112 2.36579910585954 1.28313597397453 1.86171092127543 2.51571615643326 1.50355294069356 2.31782908600309 2.32375887272171 1.2159364390849 1.74705138182818 
0.642480336225746 0.870521086052556 1.33384071673835 1.40811836933854 1.34702364713265 1.52339328260676 1.20759904262544 1.33173737497361 0.861470062433316 1.15085333947086 1.08681025695278 0.781671915151878 1.28121064266537 1.4162605796304 0.688007346063552 1.27501392724455 1.09179039086561 1.09864972390702 0.858175730690141 1.48360074773143 0.925773372117031 0.883404237812564 0.718750854587017 1.43376642760722 1.01164067009543 1.31219891378392 0.900708569980381 0.856038591270317 0.666461971940927 1.45990635252394 
0.506832892050689 0.357837680202527 0.379977319665102 0.99667047232434 0.58415083615402 0.519596341635453 0.620092293410799 0.144871982739388 0.0888485694842562 0.250789869113894 0.636125723355786 0.264648891645422 0.170460617036268 0.00333784838488076 0.700485955482003 0.847485962165465 0.253005055820744 0.311237029442007 0.777836687128923 0.218818883319579 0.368828031280925 0.287432872274786 0.796678270809478 0.512644634706149 0.640675459543325 0.302854253284682 0.0481053924812081 0.324786669572333 0.690038839019183 0.101405863968854 
2.5581710841936 2.01218880244346 2.07906267090295 1.80192234641228 1.91317659424558 2.15115574486059 1.91189530977339 2.31246698613355 1.35911036439934 1.21344308848957 2.40540870488692 1.19682454795519 2.96881966870371 1.74970970563862 2.64801659446135 2.06245770510782 2.64283496785287 2.42310146314979 1.79043378345936 1.3190057876423 1.6880637823504 0.890383282691652 1.92044629592903 1.81082894140867 1.35089177201677 2.25466030888488 2.1608003845082 1.79659955805993 1.66922900835722 2.20690072696765 
2.73588338177664 1.88170583314512 1.50179267489261 2.16320131763373 2.01311447027165 3.09260841343297 1.91355498919665 2.32240123369853 1.61562272548064 2.39266002655165 3.86875959442721 1.38784385533278 1.46170673568571 2.56901667639932 3.11805291356797 1.47537287432445 2.46270264066388 2.06014447564086 2.74127954801558 1.78013779705751 2.37025032677352 1.46100367188291 2.04413705121936 2.05853950076874 1.51249927855596 2.06093523623837 2.2026000129197 1.09506077742597 2.8129849127817 2.17593640418459 
1.64582005772167 1.14623494595137 1.4874351883336 1.01480140765995 1.7446152138369 1.49853847791381 1.40342881502066 0.953184092256085 1.32530068509744 0.852982826216015 0.954752434506564 1.00365074838814 1.87684131742534 0.655953747599941 1.01371391845771 0.859081786106353 1.41498055656819 0.9306381670063 1.00442021375559 0.448947595936457 1.34682596278986 0.89026619581713 1.01346182903532 1.19203805397037 1.29615034370275 1.33102556903204 1.4335648738227 1.19174888250772 0.676336666614425 0.991833394685 
0.559029157845417 0.684478675259215 0.481136641843289 1.0381902775098 0.333373586539168 0.634887324830705 0.39854537402675 0.149051793565156 0.834354066713111 0.405965463497966 1.09499141073099 0.966553935191752 0.770242439919423 1.03814408411825 1.3417302772186 0.224768797077281 0.559988970929873 0.375565117247031 1.50704012356442 0.366857204849707 0.443455085975968 0.955206354796371 0.626032835166906 0.478865680773443 0.258193222912515 0.273658909947103 0.522965200555296 0.314473536188436 1.03128655047463 0.734425442979537 
1.69003903928316 1.67556193540624 1.69069274273697 1.47977734056234 1.26460897720444 1.28452261705212 0.426968310383736 1.37282681005253 1.60753487553183 1.28192469562992 1.28113595865127 1.46668407901871 1.71081993295695 1.01295356301971 1.20198561876933 0.906749908524922 1.55459190545733 1.53861547320699 1.42218978477932 0.882303354703514 1.28109948633125 1.43259615829888 1.25336531343889 2.2630315942769 1.16999015954049 0.814491289690302 1.0884737394577 1.09521522906282 2.09607665101476 1.69731386599975 
1.01371198804558 1.49508559484928 2.15945101082821 1.86578988679437 0.933613994209817 0.933695560181885 1.48600858532254 1.63810477684985 1.35595800866206 0.963731074896357 1.18989179631969 0.973528790776451 1.61639643109207 1.34544270356966 1.85845403821763 0.941765661013738 1.00204719268094 1.50337140526462 2.24304274719421 1.04434925391407 1.74908164710174 1.36459050506607 1.64710842432291 0.48242877984871 1.06496857361978 1.93834255278704 0.934147684142555 1.45336406612077 1.63274465649145 0.597711049150019 
1.72450265118539 2.99679681301508 2.85868033201413 2.19596079385478 3.40320141554154 2.35427610217379 2.31009898047275 2.5318962060128 2.32000636961742 2.16681426641809 1.66511629468454 3.26515515009907 1.97953071095684 2.25243669292446 1.94495836914 1.73940118677003 1.26081982446645 2.40195844118707 2.24384132198995 3.0992515355672 2.28225948154453 2.36444705510998 1.48414087060561 1.81996458462837 2.04759470264901 2.36613514973191 2.23768046279081 2.7836616881224 1.76581582223766 1.94312761019239 
1.23426206550706 1.16319876166673 1.98913825674751 1.44799038157327 1.22625489201481 1.72254150475951 1.51259547627309 1.19888825283347 1.45032260003151 1.24731667676366 0.793466935419559 1.41272972287843 1.6925351182905 1.40246861235545 1.41167482983408 0.996047178155955 1.22895763045633 1.3430561376167 2.1520443915362 1.8798458955355 2.0659082922556 0.992355614815062 0.853480440865483 0.884773503993692 1.01263945664267 1.32813741345562 0.997191538984326 1.074164490868 1.12344043528303 1.32038585595862 
1.60590609192169 1.30279443101944 1.86232407669132 2.12269626407188 1.64741740536639 2.06051725539916 1.02275685502086 1.48468729500626 1.37271881725905 1.61451045937097 1.8217378456186 0.909322424462615 2.25278958380855 1.1814972241871 1.24764272358049 1.32401165672037 1.75896795252255 1.91951085557989 1.98793001635225 1.2730430451919 2.1519406809238 1.45942046788803 1.44220438600253 1.90559469321444 2.02028000308193 1.82841353493511 1.22195835503801 1.10740125656443 2.14884127011146 0.861229738723829 
1.88970008721112 0.912879630768253 1.83407481620749 0.686824795543113 1.74244782366524 1.22503008984389 1.04792426303313 1.13191070334005 1.89171701987354 0.595868071350649 1.46910455989118 0.537046913601366 1.49434982229384 1.14277809323552 1.28022118900338 0.946581751643578 1.52809920746208 1.58149406989743 1.18250038029904 0.360769764438117 1.21961598552888 1.35941278745312 1.22058133395659 0.98895476129378 1.36531817529307 1.95565006594846 1.45550607290317 1.80967962331208 1.94158087670714 0.873031488933149 
0.973227131886036 1.50606392233054 0.852326937141043 1.3007100715994 2.15591274788237 0.560420812551273 1.18711593200788 0.926776334013174 2.22890427453436 1.33687949286796 1.67876040776207 1.85060068337658 1.32657106805048 1.36379388977812 0.994942914012841 1.3113895575948 1.37771535793473 1.83460639899579 1.18022795130184 1.68907654304737 1.94772093957676 1.03222341496908 2.13635970567273 1.12336720221761 1.6814121975774 1.31741932813244 0.96967289487635 1.26328533847214 1.33321109213108 0.966598094765934 
