0.110819 
0.111174 
0.106993 
0.144206 
0.173464 
0.97435 
0.411211 
0.467487 
0.323957 
0.0647984 
0.979165 
0.923671 
0.395575 
0.377631 
0.889052 
0.357121 
0.901406 
0.614174 
0.137088 
0.342162 
0.709807 
0.0261756 
0.0897234 
0.100438 
0.0443704 
0.345887 
0.845267 
0.962166 
0.145457 
0.730091 
0.937188 
0.490069 
0.167135 
0.954964 
0.106294 
0.501891 
0.332491 
0.50686 
0.555695 
0.0103282 
0.259544 
0.833101 
0.0889132 
0.281011 
0.962042 
0.277748 
0.872955 
0.487786 
0.282528 
0.685919 
0.00253401 
0.368364 
0.521209 
0.934626 
0.156402 
0.0692259 
0.788753 
0.848139 
0.914951 
0.536756 
0.652426 
0.180825 
0.265469 
0.00954994 
0.763604 
0.664542 
0.0603005 
0.432295 
0.441461 
0.627258 
0.256764 
0.211281 
0.34809 
0.245977 
0.551132 
0.622687 
0.484813 
0.459184 
0.542476 
0.109663 
0.730783 
0.56779 
0.357035 
0.475755 
0.105233 
0.180892 
0.902937 
0.678371 
0.473406 
0.37998 
0.0853969 
0.832242 
0.0483689 
0.1222 
0.596673 
0.997464 
0.457096 
0.238679 
0.831482 
0.0775468 
