0.910142427375294 0.821577113355459 0.638071311466191 0.21943800823126 0.172837304195924 0.367593625916807 0.769331529890422 0.882327083355459 0.78895621829547 0.505260100551218 
0.715922972737159 0.0720176720261972 0.008412884373238 0.480696292645008 0.541669972920774 0.285079988385613 0.579582977175714 0.196829215583002 0.695435122915886 0.709970508783409 
0.357144822551868 0.705929772583914 0.528761643716521 0.228911560358747 0.492110510794252 0.711937750860412 0.792660200329339 0.355587891939486 0.0238317752320667 0.617223501003164 
0.912921682010299 0.341215369714898 0.11410500627568 0.029962584640577 0.610322851945006 0.539903694697207 0.939388960761396 0.745935477368971 0.9625969812501 0.699903455150463 
0.966042633967444 0.511593053397683 0.424352472121476 0.256551944068031 0.308511900335149 0.445450648655545 0.95146063518668 0.236684804758343 0.0800908850085398 0.111479332656397 
0.887297235619123 0.947311007068689 0.933683166891584 0.700263779613796 0.0965232836631075 0.894821010183479 0.514248025967165 0.945919612933436 0.862266077045581 0.833605303892524 
0.377655637352785 0.424749451105576 0.61739580153527 0.440026226535952 0.123610402520695 0.0105634025069408 0.193557250537129 0.325159346042982 0.202583505219599 0.695484472754613 
0.696072792720938 0.235830949671736 0.141304881241503 0.943342903569832 0.462196513543156 0.313782310741471 0.922170062245827 0.913808131937632 0.411883529601654 0.0179103129464738 
0.525833316515059 0.40561613699608 0.939358842830326 0.808861405098689 0.67817660642076 0.820263632943445 0.954457279908458 0.556565259295115 0.218375910528884 0.5410476333953 
0.846661348995377 0.154739437302637 0.65230489758375 0.823983993734032 0.977041683677611 0.826039570956269 0.433590410666349 0.0615685402603775 0.657918142776829 0.541356746674407 
0.772920640697288 0.756014773622251 0.395593151600894 0.814120354971551 0.734288737139764 0.0380796717729404 0.738624516855074 0.917807576338811 0.881464269646495 0.151893247454764 
0.566590984222473 0.212101246434842 0.467078638413224 0.362099949923372 0.432694319217561 0.921001845988628 0.680099647319055 0.661273904686807 0.164185573114385 0.929165605495999 
0.609884069317954 0.238752008947503 0.8176765262978 0.718348851472594 0.297860228468985 0.0661734576853199 0.277861744032417 0.206907355202841 0.505982909934948 0.458268797225 
0.767009144131036 0.400900922400442 0.168309261160232 0.205422493164964 0.6884011649691 0.708078228774324 0.372364937304767 0.367343404568954 0.835421938655509 0.420939915946097 
0.488114916356072 0.70664200457919 0.80413968511331 0.480452206232145 0.570533295192715 0.0377623143087562 0.636569350130196 0.612282857091485 0.809592662167445 0.1677610590992 
0.241512157898227 0.140708406728886 0.520063678213215 0.124814680591309 0.529863124645739 0.31641209394682 0.460961868456646 0.727105756462155 0.436313185769105 0.067266092516811 
0.1052181593608 0.310415445924984 0.643717571883594 0.58082729925635 0.902328130533842 0.469025879723898 0.120431468751243 0.548919625136202 0.619484489027194 0.981950286365875 
0.645897953381623 0.662766058938302 0.25048734770127 0.792137692820535 0.399963050039638 0.744448804378545 0.528098467132116 0.021966223234801 0.871924247859813 0.759420533541637 
0.788367446827897 0.422826278539892 0.135102009703902 0.682090057422931 0.0340338488681078 0.0528287087632147 0.896290386848955 0.228164991754948 0.547243837133878 0.300304981987821 
0.185566695751561 0.803307129251243 0.065375756301732 0.604496529235438 0.908176612155855 0.116952580054747 0.267827091556711 0.824634749899958 0.672085564714283 0.825721840208884 
0.653531879372678 0.298959184230818 0.733953594179597 0.996711033609491 0.00945900369356294 0.492334814148371 0.4063172463394 0.664665929798339 0.880470429757467 0.483129018377799 
0.584324561609719 0.442468326243835 0.615480314121149 0.624233931227494 0.734849549946802 0.53930036981001 0.23569848541574 0.432019398108486 0.350819970259404 0.164257749470433 
0.628501097457556 0.0302899887305844 0.481233476290605 0.846250247083367 0.437618203909794 0.194996940044039 0.931859783785409 0.531219269990871 0.963067189211015 0.706003280908995 
0.635523940742996 0.875399448440353 0.711157119385758 0.2942590176961 0.51628040938157 0.15596022811152 0.35494278194976 0.936329474579561 0.487715758083044 0.843521471547686 
0.960523691330421 0.633137583818244 0.193374655452439 0.723550272072385 0.2279284050601 0.551812746868574 0.115817708148338 0.231752212124197 0.444462132206094 0.913363100071815 
0.121503293338102 0.930708572457881 0.630000882426892 0.549076646253127 0.963180262493385 0.375732815071759 0.635149830836666 0.736708003912451 0.253218792558899 0.399102624581555 
0.656312430770207 0.537144352420431 0.513394971253947 0.0863795005402971 0.180491024391257 0.550047203024498 0.340206178996821 0.898838597014373 0.370268567634662 0.234149499002642 
0.822329599274194 0.0430688384546926 0.243418146021391 0.289076426971814 0.149993630534909 0.203553539722557 0.825634512712848 0.553124097377302 0.818525896848485 0.330307215642125 
0.295149011732689 0.617752274699357 0.115087714280276 0.7239477818116 0.882042438836726 0.097451900752724 0.144591455206272 0.446249677107493 0.719500575952214 0.215659150703704 
0.00444268236798544 0.0204921727527699 0.334918337770747 0.171758287856562 0.0164333241197244 0.933088226809755 0.695306425505932 0.521859386124439 0.781744333107255 0.303485565991561 
0.275766216541486 0.135286986724129 0.695985235475347 0.250837829605279 0.766401352932314 0.0617606485000484 0.283748674844808 0.788745650048455 0.43043150668765 0.106066867055788 
0.726218495169985 0.229539104887588 0.0969462743219672 0.525269284469452 0.551870733801445 0.0313259217833664 0.330172899528353 0.18414811449245 0.312692954899062 0.158055337983779 
0.37517424821553 0.507497613366155 0.60694470502667 0.277524577351371 0.95325562971872 0.173315517740444 0.424679131903141 0.205242564900804 0.428267731716398 0.920202856863977 
0.0437367614715228 0.0614598333796397 0.488833314998851 0.6803789903978 0.478922168494941 0.871383234036033 0.322027930494431 0.20299159559149 0.281190844402015 0.127723189869723 
0.144528555860333 0.574232869517893 0.326975781560707 0.543378905098367 0.354191046910334 0.144130827308064 0.898783717324425 0.0732501115159128 0.830071785561809 0.219852542666769 
0.600030194640472 0.0092218912298309 0.360454326220675 0.127721303999987 0.0811927209030596 0.503629314278774 0.698473112309728 0.259442389371807 0.032442476676265 0.569301257336954 
0.673069876730793 0.886907147392562 0.0294966589394217 0.888283033286746 0.0439846651234694 0.0645495609445398 0.515731983248542 0.298705873436208 0.890414300995382 0.910910202164574 
0.351753694283838 0.291590319607691 0.12785888047128 0.562793590081086 0.158560162040946 0.00501896139708684 0.772389459312969 0.190888199310983 0.709223591045838 0.321719937905535 
0.300283657348005 0.204364670958903 0.856747106274075 0.315232934143382 0.117885614251886 0.418249615405417 0.723462808706138 0.887376332772558 0.777434375577539 0.170904594707121 
0.747709202402258 0.165097141561553 0.712146739410838 0.962356429236881 0.223341779424178 0.969722802475799 0.463737173043194 0.399687781221023 0.882670277414781 0.133135862835105 
0.899630548958054 0.855918016973202 0.982226704471191 0.25898362156038 0.533691974089642 0.0104920359587553 0.362077036681021 0.996593901956848 0.263407093213073 0.350236565792809 
0.230276627724318 0.514483373800729 0.351674818226611 0.0544723116087405 0.618038800830349 0.132195720740515 0.174214080463591 0.900977504109814 0.287945538160965 0.487932476483595 
0.999870469815157 0.45589793110184 0.897057463009441 0.549594654395906 0.41087280530888 0.26879067399323 0.0770019459095296 0.471573492940973 0.790995034224959 0.751237765235038 
0.0312795813456753 0.150703313966945 0.414258194538563 0.680004330081581 0.730546354435789 0.859269533642497 0.532585691511522 0.213584683279204 0.984873438529941 0.578352228887968 
0.123533502651594 0.826905214920172 0.664156424559442 0.179273575216511 0.0843719768922075 0.252760601559638 0.581547240704069 0.8264400520056 0.719305271145266 0.265421171658129 
0.56627172731644 0.482902593954631 0.156524924478839 0.852767275341776 0.887697991985004 0.0201402168755226 0.292026205221928 0.69433393305332 0.547699522170268 0.845730282193808 
0.106411013809269 0.720022153114088 0.211020460898336 0.0264922748981182 0.182150432457876 0.582790839219832 0.296437227339152 0.105638466222009 0.474965393625999 0.0290575039678552 
0.177284126946515 0.887632671486373 0.926350324069892 0.372841131086738 0.0468282542280811 0.0558864634044958 0.923548023335056 0.23913084581366 0.0844830718777711 0.490179055350678 
0.0289275594131105 0.780845960423333 0.384124642853459 0.2317406809214 0.743659106252701 0.40288218616518 0.469705578015892 0.485151061890231 0.377423685180536 0.646716544191367 
0.682359108917 0.267986133441409 0.1319918716176 0.0680230226576278 0.432149639356623 0.327086730632143 0.459384896684437 0.293229359109146 0.356507599274657 0.320186043840765 
0.402072080871504 0.992021207854314 0.36923318362228 0.484656372534597 0.51852668905471 0.411063767079435 0.527037044814112 0.466327234209692 0.249537810326733 0.0109726933020865 
0.00910742289853843 0.13936572691664 0.228966908541148 0.419619448827656 0.524955727867323 0.963432700230223 0.0903494388034994 0.239371430160949 0.689786021900129 0.420065597614668 
0.675195848285227 0.228593212209753 0.650427738876321 0.00380896511929667 0.0617469568118816 0.0979541309441983 0.0627688443798993 0.00141806250406733 0.894442542123665 0.486833179846803 
0.386606756091955 0.547064266333379 0.874522057093866 0.378584673858012 0.181461835876162 0.766630722223403 0.5403855749953 0.439973008081007 0.997024352299206 0.477182267219443 
0.438520792460705 0.324699737608705 0.680895137143642 0.348261731071455 0.552948694290937 0.712489235854836 0.529278937137727 6.98223532668463e-05 0.386214761763748 0.882046980382192 
0.0406236656556906 0.428381979894146 0.225806136026244 0.559326823967032 0.356029168873491 0.416253476643456 0.711224966335539 0.560874422758815 0.571441401553201 0.840144234627539 
0.827368380891712 0.551148868317955 0.883640725392701 0.837296196710097 0.0415244952616019 0.946395644120349 0.904644135407197 0.620440347714668 0.504533105325877 0.347590394151359 
0.304155994795307 0.225866821722203 0.999939415854118 0.917279349454696 0.636702737568748 0.231940983693669 0.477821014698371 0.00270395582650522 0.739979089517269 0.877411224468383 
0.126375364633175 0.221752813406066 0.531915346421657 0.353206361873807 0.322509300170223 0.834026927529034 0.424880117171266 0.786370294795793 0.189491888305 0.949914938814049 
0.493227467101047 0.414767576597098 0.283452288090289 0.520038347262083 0.645553535479964 0.691652741080061 0.420054064982672 0.210262037389231 0.222161278613419 0.781083796393264 
0.697913123413966 0.71350748832081 0.64927812617363 0.20928012749237 0.122649967423609 0.165420880200044 0.701358567143036 0.241072589653096 0.0930160789015927 0.788271009857179 
0.501017284781438 0.939144390770732 0.374348591394847 0.176582956891516 0.846630405276373 0.319816583560511 0.37637518133137 0.326123359851872 0.798085405931385 0.608397663349744 
0.786965206401036 0.705624413425035 0.529853668375822 0.696001645664546 0.537254041785615 0.592605378878583 0.30441555123172 0.37920801373394 0.177285508186595 0.771465414064004 
0.620354236535629 0.688574848966955 0.531093445436779 0.722128403035114 0.591726759326035 0.38005786650064 0.988132463696508 0.151498374503177 0.853580698578492 0.1780745667075 
0.832180484387765 0.857321993805947 0.325563112318011 0.108560486782786 0.970803586488974 0.0792675422218322 0.724732928591947 0.321889968537387 0.256632801852985 0.569806903593996 
0.466204264417313 0.274581242317099 0.174592966981867 0.992019713568565 0.0833188853899714 0.117406270558978 0.480402816137561 0.398292619833297 0.099641630521563 0.487662611078288 
0.349623107522645 0.173588225054789 0.632475114578981 0.273341870210474 0.706983065436109 0.321587501075039 0.703401854932553 0.772282010005725 0.00653170330589152 0.271542948230477 
0.6469719855835 0.82946750854793 0.578261345959405 0.316417389355848 0.823251279327297 0.924912030698971 0.812860812428528 0.989665144566985 0.2616086373058 0.736788030419117 
0.934888378330277 0.775086170451869 0.397896941042316 0.240616117132661 0.164101104277375 0.686046872560666 0.957577329051303 0.626603226183324 0.351707460334641 0.923307299432724 
0.629126095191907 0.752822467437013 0.287727269604652 0.304305991485164 0.026945792676019 0.42275561635094 0.738345168377287 0.205562073732582 0.873417781872116 0.328816387379935 
0.163730171496108 0.967843495943155 0.550367963316252 0.0973135686613426 0.237590112518024 0.604959017696408 0.535490027673856 0.950180028494848 0.202930141129316 0.226544850367822 
0.515513283475188 0.901631430076359 0.162633788578394 0.122701732136527 0.468854928426776 0.564413236990656 0.535857278960213 0.0824743885324721 0.632766590487844 0.94152228766728 
0.933343983319703 0.500238575771894 0.407113589719469 0.00285198171577843 0.156678866752048 0.665264468126738 0.0160142501375816 0.297153824821011 0.124343401614683 0.00765750688911797 
0.607959672357812 0.996599238238513 0.705951266620027 0.166364696077034 0.788925684586801 0.676548628975158 0.911394090551898 0.492441191825495 0.760581594584298 0.76824796447728 
0.128207915466695 0.909085269583925 0.506068233053866 0.284967780905108 0.179713067167357 0.473786282238185 0.910524389174256 0.533649128734883 0.00782663020067347 0.610071178584298 
0.53601315904906 0.801701799908892 0.83769914173304 0.166679474945528 0.818012138368698 0.600650608399006 0.137415749928704 0.536696242730845 0.45442342248712 0.794789190776058 
0.776779236058852 0.416926909580145 0.291568811201866 0.246400979785117 0.444498248292061 0.541792675074769 0.0219792391503427 0.705823684379116 0.110955659364981 0.342749557887954 
0.617470161146253 0.252260897449257 0.896143433507138 0.812714922218059 0.793546860721839 0.518738865289704 0.10933144733101 0.644579071614611 0.56909759602175 0.706737321584012 
0.213534825169455 0.641245717903136 0.587454945037238 0.212148252277686 0.959660662150101 0.699230606437846 0.102529127764567 0.40467334756954 0.232534544940629 0.288314740127658 
0.494329205006625 0.271506493313026 0.464897034251052 0.467107802018618 0.696028068199921 0.741033340951833 0.185065845411318 0.193546395614679 0.343403960419165 0.945682941001538 
0.0479241691876015 0.0170736693946462 0.847113978033028 0.990744554694754 0.936667211317103 0.811099281970812 0.355247609122274 0.691890125969242 0.431745134845511 0.681381884851098 
0.626097315791503 0.278789744422631 0.91765408484849 0.342006376580622 0.644255537779539 0.977998936957049 0.48726957989391 0.638097047661987 0.636110485728341 0.531529393455443 
0.815573177480049 0.372642753542596 0.348761741773 0.28755513166725 0.347552156613631 0.591476311511887 0.0864478571652441 0.327253182146873 0.0756562882464634 0.0965919743095118 
0.206612410517375 0.204574044816369 0.956939902033192 0.572353906411672 0.0483807757967096 0.963345453856954 0.0699820634086826 0.760591633569164 0.643152027984366 0.926787104486104 
0.0804069725394589 0.87931243703207 0.185154571302 0.86564739860968 0.144018513628032 0.46144342521323 0.0849258786038175 0.898178029265671 0.10253039739067 0.214981804125593 
0.0435742991482467 0.862664964305238 0.723304268380479 0.558692635187764 0.508203831921561 0.882246947621412 0.918432430780388 0.969775890682755 0.0581651667832457 0.331614355317494 
0.725241822466073 0.201048153641479 6.47201695256783e-05 0.384715399467256 0.993951879756812 0.246103614624681 0.262904050791593 0.38731058803846 0.961257808349532 0.229866012502496 
0.667449903984449 0.145225669906718 0.0309526706969729 0.546585732469474 0.139666022922097 0.754793695633148 0.032315368776895 0.000981538559600415 0.0889359534530142 0.951753836332095 
0.120552537786762 0.685589386448796 0.377690233697576 0.531963581786574 0.902603303740173 0.646137756268231 0.942632086587692 0.197201384825103 0.830321152147776 0.172700292753375 
0.774118973964065 0.157544216691616 0.669515075449056 0.433995426382296 0.839202785398979 0.777218890216242 0.128294158667776 0.176060638885121 0.809458945371431 0.966198673344297 
0.452586316389312 0.347392525231726 0.463474148797762 0.390304908279475 0.99177092979047 0.953493212683073 0.626583384848968 0.654489523946846 0.357401959548011 0.28983596910306 
0.339255608784831 0.830613754222828 0.240776995271851 0.635302690538247 0.385195357263753 0.651773131540796 0.520068344645596 0.703328916110587 0.586054846820359 0.467639139395046 
0.357853127428965 0.26758232711064 0.0665108858529627 0.687344112641656 0.825339135352588 0.509310513452841 0.140174141168931 0.487806579752356 0.316072800401352 0.730168600599795 
0.252641587740663 0.662873404594152 0.543205099799783 0.546254738270177 0.233282814010026 0.828699934148513 0.0290439743042182 0.182525235262536 0.205442545915599 0.279064455809115 
0.26005976017726 0.4029876695356 0.288781033185777 0.0343872205817087 0.599043210894323 0.371557038577852 0.549174147580696 0.884369528511289 0.92130495740012 0.253426759342568 
0.299480571792449 0.899273022748938 0.642752541561044 0.894162963514467 0.900468719565796 0.710840088895485 0.526502387340574 0.0342042155307653 0.83300216427436 0.762915693201896 
0.973121696956292 0.669308836719277 0.319338415001177 0.733626678934742 0.895685647069205 0.363881379106468 0.0811072046559226 0.638978694941207 0.247418303299484 0.9300722383342 
0.441560678464203 0.783277742938328 0.908716179225139 0.331177475086319 0.436461982505086 0.581194911847678 0.161822538097247 0.356591223608649 0.447994927172461 0.691716179122818 
0.613815932381287 0.974677130373943 0.882464878226997 0.386564319183667 0.486053304896027 0.264492091812392 0.206801011937781 0.937155275535205 0.605213036408252 0.0842117067304883 
0.681451849128515 0.987168438914558 0.74540277339514 0.507560265537062 0.445695843289494 0.859122148172279 0.205120469350114 0.426755094233235 0.972769245620624 0.905745142617555 
