0.554607616089762 0.735386581771103 0.0781534366884206 0.876658273764857 0.773417343232986 0.0948825505829701 0.722297193015515 0.054316522099497 0.533512663268054 0.320327119924404 0.925765307375609 0.365116998403199 0.243603873137168 0.989003249379475 0.565548006158203 0.00850257698994443 0.0152810891459319 0.829249490380636 0.268812486574834 0.106231779843189 0.0348120753574969 0.776877652723151 0.597133381421426 0.974523228328425 0.798777305605947 0.191110203432818 0.082037666020995 0.581834649771257 0.33673987397903 0.560519602428549 
0.374074390744459 0.398332808279748 0.500114118018132 0.747814826918442 0.411065386750226 0.674586154264167 0.0909849752188839 0.832474838929177 0.283828718683418 0.647545524851702 0.701096031439013 0.332181914726387 0.432762838797877 0.328962774255344 0.113772370967084 0.16785796651003 0.722089293353582 0.437191088639327 0.600718461133497 0.27132582728235 0.97565043831439 0.933739233901084 0.31873143791307 0.233259551310171 0.104094031799355 0.106753012775887 0.474604945408984 0.00485532652803315 0.497558377583241 0.311967994063933 
0.87667826568255 0.439092965477733 0.529653117769607 0.580803379231132 0.549000550011174 0.409618805399583 0.912820548092298 0.150184780539745 0.00421814558555482 0.575235591738911 0.447562765841081 0.201453941071914 0.944482160060094 0.741505949131132 0.719250253557993 0.525592545540567 0.385691467598765 0.319036138366955 0.06162773470168 0.0700245012775638 0.0480955599707529 0.0875480874593539 0.230320378412282 0.356381460407729 0.979463135971308 0.983183644614567 0.425375839201405 0.641200976857923 0.678245353488037 0.761088029270703 
0.00545407945422276 0.15099856390526 0.679920522472327 0.335676956858769 0.350935654934761 0.126072140882039 0.892045011740859 0.716537497717166 0.15410250664907 0.4987863367334 0.909356744858954 0.412383677192329 0.281721933136578 0.0958071907003285 0.476426019453578 0.386587914106106 0.0834890565297441 0.821942658382224 0.758742575799428 0.901287882216056 0.937651537182514 0.295963395301377 0.00504422695184008 0.547750787019829 0.0891986023589553 0.231236024475846 0.754929205402851 0.715552551336253 0.612212792032653 0.496742800766739 
0.624443561021757 0.771534425430662 0.89984483227326 0.257035415575132 0.521177044935004 0.183451866122563 0.109159064997777 0.072901925164328 0.475294417533437 0.920206940415951 0.311419551358538 0.868921663880192 0.458323379555337 0.73672108130113 0.662645498914807 0.552609176599813 0.193859117797099 0.574881499826112 0.900333763404162 0.180031526637897 0.134546612607445 0.17121334776614 0.467333318990998 0.312169952739521 0.401197014840856 0.184850807460426 0.0957554611139568 0.0854386936945325 0.86766209305258 0.4519563990864 
0.796109094475981 0.693645690874475 0.579399096279849 0.509108084391359 0.986240692339963 0.399452873799867 0.0826752709544589 0.46391532794868 0.364919544104475 0.502280862519093 0.615526245971778 0.0990208007442733 0.969042506803813 0.579357229151961 0.406774889266736 0.779601324629314 0.788986135509356 0.854793077324057 0.319017308947428 0.84414816004452 0.322588066792628 0.352429910172028 0.0991649044996971 0.756729104885912 0.0928594818807855 0.300857953580289 0.590610049423274 0.516785873982228 0.00459597585557518 0.877065370219021 
0.0525964443784084 0.292433393393762 0.883341399891793 0.466107457552802 0.604913012036091 0.448499558134229 0.85035980374595 0.97264127301136 0.0328351353949647 0.132665601178741 0.378112972038995 0.871988122843413 0.601084591491999 0.53070610483585 0.588256223108651 0.590040302078942 0.109689981891216 0.70846771888234 0.399723838109429 0.386996614049047 0.0980388574381491 0.296997811585585 0.840169517215984 0.787195068850813 0.647494535007102 0.297036842877334 0.826527133273091 0.635587787215279 0.563432565614864 0.983995340672504 
0.0420839928987347 0.956701689965461 0.955217329716105 0.689424584783218 0.229579392370683 0.370926555394694 0.499618946277671 0.974364456742099 0.176410140719436 0.589909830561034 0.230716912556584 0.00179005027515271 0.0495214001325587 0.808483294963795 0.740182881513659 0.00729363302925117 0.28097964390084 0.281049657115379 0.888690336127006 0.078924057433685 0.899513587176707 0.266189992605866 0.689801539573676 0.0883203507505011 0.639041282034107 0.928600133601984 0.363233253082858 0.687904847848401 0.767266397634849 0.413345345950287 
0.946640300728893 0.781381188733344 0.258125788781061 0.480953789736547 0.838785598890543 0.766462898255117 0.507508188654002 0.453807353724742 0.224032079985398 0.438647978318063 0.737787410608047 0.293265893523352 0.720649886452725 0.588968217233499 0.543722973505132 0.0416799956840659 0.540677805138177 0.899436730373992 0.79473851896304 0.682889499947828 0.263346791394264 0.969339405056086 0.313235773528815 0.308108802942681 0.636770880937326 0.848776152549882 0.384163021401482 0.331293980547205 0.562227513007817 0.775822313353356 
0.964615345657124 0.626971426871234 0.598656131441974 0.275837845614723 0.473281185306302 0.975156049084529 0.454746790564539 0.836347878373806 0.922409970186257 0.620839377823554 0.256077342913751 0.450433238634539 0.198033694327606 0.0211918254563326 0.886258442532043 0.746369441681225 0.55094826108298 0.934977288657717 0.00798531195246814 0.658975968332688 0.78839002690467 0.41916382809459 0.878780633102751 0.995745110188755 0.597913083530915 0.644236967006484 0.60461049467139 0.789525808858449 0.019278594959101 0.51109944346654 
0.973245916299005 0.0323293559818897 0.463803378028626 0.700893703499496 0.680878746596959 0.656291312761721 0.29570356950537 0.21679777721072 0.613953998098104 0.107511928158088 0.619355691738383 0.712876412074552 0.270218950000797 0.552837282972098 0.129342484512426 0.383151282290099 0.762447804869129 0.318708834668533 0.185731542516404 0.18522233954949 0.674765533078988 0.0132265882235342 0.634079257692295 0.529273561254606 0.962337986918266 0.230225656394058 0.771576606006479 0.178746330250705 0.875922666963017 0.628319993990428 
0.579136710894071 0.953548504122377 0.194709939671888 0.311779446956288 0.21355198500657 0.0998102126579712 0.691734611460373 0.709005499976701 0.926247496593244 0.767471068178756 0.302523429717189 0.439693878107284 0.638778660873038 0.0510329447128634 0.323738304346583 0.107589050392478 0.427187547849899 0.848601233757209 0.854178694545533 0.961301742456684 0.644842348479013 0.340305620069448 0.783120490252724 0.591472019310017 0.731139585409324 0.522263408620397 0.950819522940967 0.0280173839689744 0.275352166034668 0.907329578318775 
0.549231917103843 0.21130008276618 0.851415844873285 0.34537872899696 0.897335223235382 0.454327504759889 0.719064355909118 0.912974687768015 0.36569251096706 0.186783924910322 0.507378553987703 0.978017602760118 0.275976611655854 0.374790457706441 0.268032793386409 0.802801264575603 0.292425954200513 0.346848837564379 0.601501339482445 0.131028387446443 0.462934014281581 0.891922599033094 0.92794778277958 0.799124791662397 0.461836719976881 0.184819498165643 0.111324847580452 0.280148062432325 0.858651711175288 0.933312911916154 
0.0357451551821577 0.753136251559742 0.675461222367028 0.443202707632059 0.567283385422923 0.316577548152768 0.16122557374434 0.885923010320001 0.578180239577749 0.393388402053264 0.139170764307453 0.365058108640462 0.123034459535991 0.725368322329376 0.774061759441161 0.475416238246051 0.988384909457217 0.498763105961171 0.500619262931782 0.958660418510471 0.520558798130776 0.305045703801528 0.277086253496354 0.748954160201756 0.381496885384495 0.57893500052368 0.0439280923966826 0.368352522196729 0.410198153242598 0.392136288741837 
0.705926966674742 0.299996995918169 0.500431684222557 0.505740615013659 0.757065271916421 0.677487200187529 0.0409780965744932 0.0736838641854323 0.374318434362467 0.282218927364657 0.351550105322372 0.243733186354608 0.6863239356315 0.326828132849131 0.649194911413918 0.592901989181764 0.400767361414218 0.395722922686721 0.539079490040566 0.993054448981131 0.549695333325333 0.40454558179844 0.609732660466556 0.207581370738546 0.974060474039836 0.271254278616581 0.658612329639792 0.552920565884416 0.105487152845144 0.429844399826678 
0.648465447005448 0.465523116990982 0.947447731077178 0.770111264780336 0.344290189797673 0.438667036624764 0.230841696408608 0.934520166724558 0.814675062274418 0.725700663111044 0.682825817372846 0.491362303412458 0.543501291058511 0.780292989692635 0.464061968187394 0.864096067947362 0.938062207353087 0.473188663457778 0.807276744615313 0.650128727842534 0.34956154191193 0.588785955502031 0.92883667392185 0.824831754519079 0.670063325031624 0.742419170485508 0.405414726318523 0.431487719550472 0.0725748931833204 0.978154867724237 
0.515802446368907 0.357636346313202 0.481519051190047 0.758809194914248 0.420809424056895 0.672767842422709 0.0235905273068536 0.0278502584607034 0.359429815809491 0.0415009347059231 0.326376127991794 0.195318279254649 0.725889960805433 0.406781964352576 0.503974888247765 0.806192728427975 0.06992927624991 0.861247649592243 0.688089794634744 0.1139708983424 0.530928749921726 0.441962986363444 0.151987159052105 0.311619438167272 0.945072472343438 0.0231156167083484 0.451467869480039 0.0120663691585659 0.229230516416281 0.102693755916492 
0.169340698367919 0.907603963605143 0.046305788343094 0.0301535669983299 0.99008425145436 0.737226572229565 0.189348353240563 0.243824765669641 0.804379896971836 0.459220933528553 0.688953348355771 0.407141096858617 0.90971410517673 0.566732140541497 0.641172172358147 0.566457402105642 0.738047332548331 0.373138199147633 0.978040354372771 0.0543510583950487 0.799354901932964 0.768166091393885 0.848811002863413 0.997496886823666 0.171669637565501 0.784231865658356 0.825375864347868 0.535607202205512 0.0972801409121919 0.492758784020083 
0.47963339026439 0.656165446688928 0.529345358580363 0.357382752576595 0.886784786404365 0.243323140055963 0.0754944686109251 0.242471079466184 0.870288628240358 0.732513965356759 0.479146464384308 0.294061177892595 0.234133737897185 0.108511561358982 0.414716149990628 0.889916082384704 0.993194537099638 0.517850117180253 0.960483644285699 0.335553980938329 0.224667320758396 0.616085309229807 0.86447224096774 0.677424024547983 0.00399599489590501 0.432650225074398 0.891342922655315 0.697790197464692 0.0910438241549393 0.00381101206619254 
0.726008257464767 0.224285160272273 0.652718508897285 0.856087185756008 0.320039067229379 0.902609636440838 0.243783697846146 0.576197638020698 0.791282261943776 0.676008309883858 0.801695186193322 0.912152118793985 0.576410287914852 0.775047619610615 0.423916466679511 0.228968013336579 0.713110125158327 0.257517894047772 0.310019911728544 0.510663647575419 0.710845595882943 0.35048188907598 0.634430304563859 0.152778502298711 0.8540951170884 0.253729240860465 0.578533653028297 0.179369346115867 0.0742488269594847 0.303150675185648 
0.29923105504931 0.348529953932886 0.359875352094384 0.134918115269776 0.855296768281495 0.624110588734758 0.890108255876198 0.0403058155705616 0.263508995280108 0.828951238890108 0.37458655048581 0.903129973973959 0.530408570693048 0.298661996982479 0.990686662864438 0.098741545204721 0.818100271095819 0.0396101307853497 0.860500943077322 0.286743623090359 0.705482029825499 0.299751534605725 0.427821126374888 0.27299205690104 0.205851834165631 0.828873742876776 0.593948732443357 0.112391277105137 0.755815248634959 0.503703757724412 
0.202554161214943 0.0891598595329568 0.200885389974185 0.560266831193183 0.979072192239814 0.517813165683994 0.285663806486417 0.561541791905118 0.55414799031422 0.220301230265777 0.0102615632830661 0.308290020050759 0.026607398756561 0.0823256499718419 0.831620796269143 0.419876178371396 0.752000687265489 0.382540306395257 0.737568029830659 0.391513402372816 0.501700928027881 0.815403704896746 0.148678467938105 0.68495282297185 0.466328777252339 0.51034961946161 0.960513828093108 0.409075258889042 0.400460271170941 0.313712089495541 
0.04351830385409 0.28546205098635 0.274136634944339 0.751462921096087 0.589974542184751 0.314120862066788 0.856755655107504 0.232533463973798 0.609426636606026 0.27778686154475 0.644354625099646 0.655034054824271 0.0250344839410918 0.144667861856323 0.732671661586372 0.332831154077531 0.62552647184899 0.995143911318661 0.225235238923239 0.403892073906573 0.962394165611306 0.664980377484364 0.980231326959963 0.948200357087576 0.677390228258375 0.985683441764281 0.116234816673799 0.994244171945423 0.722834871590355 0.501974543846803 
0.426725406087318 0.999418191047483 0.959492160868023 0.372172991992585 0.461709876855486 0.424617232896088 0.335674293811676 0.00459263791450908 0.669442566036427 0.881913333687593 0.608833339713326 0.0493369223200116 0.538006289046371 0.381085560470693 0.64246435290713 0.33697279881611 0.171977898187451 0.0656688462189998 0.334725050497323 0.531003823325288 0.451626782676089 0.508776911085411 0.00156496715121106 0.876783261154449 0.467634022476165 0.467522731463598 0.0551992391085973 0.575293679744591 0.710938215938786 0.672296474970688 
0.683213522303299 0.577750520489186 0.952479738875266 0.563323594811443 0.0924345179877881 0.857584996061552 0.140646213458746 0.312329563404265 0.925342055859499 0.262976549025953 0.931983373133742 0.199749512958456 0.563974415114923 0.0465247117796166 0.0929373496697933 0.785637939656346 0.366678418016639 0.245177980659525 0.0807545842947408 0.717927001834579 0.0338415754599875 0.549891696137402 0.0712225916202606 0.134827200363255 0.0806123695548391 0.578101977730773 0.711502278337962 0.703553604579687 0.387276166491604 0.67504334386107 
0.421370056226074 0.237246689909655 0.718008568087434 0.605022711470316 0.273067872794436 0.155047636806231 0.826038395054688 0.596070723660511 0.274223797114328 0.454729152294941 0.594079531634458 0.209700961106242 0.94578409946932 0.231143208213532 0.934945896360599 0.783665350564006 0.392063252633674 0.758278040014867 0.781604189344354 0.792796395553314 0.444320155012105 0.144354272887664 0.207819489134077 0.178057914597566 0.0500921902864749 0.966020443353172 0.138203896874148 0.474787460173936 0.32587302072553 0.284984970544577 
0.488610868242368 0.740786938847906 0.0127177494359679 0.292940156098026 0.925214786536105 0.133031221503858 0.489177139012232 0.374160731353945 0.935733561317921 0.948443996432852 0.161547316125063 0.676808691934713 0.610394643890764 0.451184730402654 0.283737629389011 0.145597621007073 0.127676355889323 0.216720139224019 0.940525338982637 0.976604628078371 0.719349234614402 0.846500017762661 0.0295592107997479 0.109959568410635 0.240645008946541 0.787434312681629 0.187221895546722 0.355273347445269 0.17890722058777 0.95355063555582 
0.381055133201201 0.428625070458111 0.0936132392542713 0.309543190333268 0.64177368925541 0.877994639979787 0.652108333373019 0.819107904860823 0.72584082943497 0.711872639236304 0.0264527632075162 0.424381413677552 0.654358318291799 0.503540978822406 0.305856968346229 0.898123488829734 0.234769859679118 0.822436459033524 0.318322462387834 0.105215953051532 0.299673590052898 0.430097985732322 0.646551832557124 0.242951929028371 0.78224943647072 0.106049862927119 0.439365055790933 0.0756065916053392 0.728729282389104 0.0464119938568491 
0.170182913566037 0.732105791247046 0.447653175855518 0.350552610234958 0.815040491021686 0.452322264095442 0.140727401896445 0.755233976436754 0.0641726155745296 0.0959132345509253 0.278361223375748 0.0478748081685115 0.190351942279489 0.440770643933915 0.146889389932702 0.562748774187241 0.0829615411164808 0.537892882668699 0.694095901275915 0.329508682219307 0.0250023255185399 0.552410714037443 0.673874362230252 0.617278344226582 0.167506326557494 0.687454896728478 0.451094670820848 0.606275628721075 0.0506830263709849 0.935264272875997 
0.593903075670039 0.244154716663502 0.307813969866553 0.678553668548563 0.362763335959186 0.868722632425677 0.138577825501609 0.778325873901135 0.221939593591575 0.214384311830142 0.356584536535221 0.0396725764238304 0.696579826266086 0.97986999676643 0.580245720302009 0.477160196229494 0.699432571034857 0.441034437402857 0.577991296304578 0.271069976152181 0.821222016997783 0.771192913312219 0.243687600079295 0.222806735971219 0.752695922024849 0.335857491008641 0.431632635741808 0.473477470288999 0.9264159543248 0.0556206669969952 
0.257290560784162 0.5550232635729 0.174823317272709 0.244867225221607 0.678544571763994 0.798098991049036 0.166812248811791 0.0140424346019225 0.945542611086077 0.476797468623015 0.725033455535969 0.150499703281388 0.858826211329181 0.0277754356737748 0.276687382404408 0.783270085225205 0.826026582658712 0.836904136333718 0.634124697134517 0.270679516148271 0.514824310795104 0.768375068791561 0.519287046138045 0.893838457285053 0.361352667992888 0.899161093130994 0.161545544873254 0.543933564515807 0.245335147953443 0.001583909122633 
0.224753413578191 0.222725941179777 0.648328344080366 0.547119562370141 0.17770534494616 0.815146836862197 0.321577255310936 0.997350920509692 0.709626530482976 0.817817327822258 0.0271801075901803 0.607201219272666 0.502579141559894 0.868340913497635 0.898652429216084 0.0829311555520769 0.540806147008825 0.770164638232618 0.951016350646845 0.210100646455334 0.282812784725072 0.980931036323286 0.436047010596618 0.0302641338012819 0.431520356348561 0.000583419573807964 0.156034655596181 0.0329296811082441 0.0436894367550184 0.603079179891683 
0.636572158947203 0.88436359290051 0.623042571579735 0.943182096403701 0.477536814291002 0.296059034627185 0.401614001140551 0.18022727081293 0.622438896202968 0.475474062509224 0.877979596981197 0.616154725643246 0.196149028693938 0.576293583554278 0.653772854769964 0.660352610056325 0.891034311275911 0.0482095281643958 0.641536510861287 0.189021621834555 0.524845522234577 0.595943778914164 0.82224628613899 0.87169437486958 0.617307931840102 0.0473430718585276 0.53298788780284 0.714884476910476 0.521007764382794 0.0720894890781389 
0.387696470737869 0.00504462255206555 0.880666308642986 0.102164000068875 0.00661670792271345 0.0118567098933526 0.474815853003882 0.119338824074726 0.459837045209128 0.582507986076318 0.315482445056234 0.916867346153134 0.230801202313893 0.708420769234216 0.38416085934238 0.875323839086417 0.613824928281861 0.580885796624235 0.753521962585474 0.558720115084772 0.417346773796399 0.799561903544945 0.33608116844134 0.663307612841836 0.808022440041022 0.163484504696689 0.110993624846823 0.929302533074521 0.710534790068654 0.150825592515895 
0.78240266618554 0.298174237516439 0.825366505465197 0.653803687362792 0.520817988644908 0.0594443405134227 0.00382113553549606 0.065798064438651 0.956276279318925 0.702966386882799 0.94289527566326 0.543275223920796 0.713731615674004 0.3395553118893 0.167310575954799 0.82087136577731 0.779364001892696 0.803611470845613 0.0232615605952995 0.60841683325218 0.0981098843395927 0.0543351513197558 0.273264731134942 0.230765859975457 0.517873628062668 0.326794418538009 0.0757106262522248 0.438493398815086 0.952301907704536 0.951010723617204 
0.649577355085217 0.393391371715155 0.541124355940608 0.0695724983179577 0.607142593690833 0.460400153537612 0.352589344524235 0.0919293613096293 0.314624096329439 0.763323497475305 0.978687070056912 0.425461480980502 0.608105295131665 0.585357203273728 0.711442190314369 0.392577307654273 0.627613212728614 0.648158535074548 0.614887745692433 0.717394177094695 0.713962945902686 0.637723614842487 0.674663572528332 0.942733073522738 0.877268068478282 0.666916952333785 0.879755019238528 0.121530276260866 0.0772228756147069 0.310309663819769 
0.44979756199238 0.870807287900607 0.733914143280528 0.0914582732444816 0.864942154370967 0.753560842592684 0.915140933631366 0.384595252140402 0.857043294894811 0.211574161209885 0.212165352241447 0.67384137052144 0.135171276236305 0.281447385645351 0.382314782814317 0.506117192189333 0.266418862528069 0.356802637338528 0.270340621191572 0.906896157274268 0.666264376069477 0.0282247599348757 0.969468130282583 0.304580422507412 0.426952919208104 0.219603042992015 0.834584798625713 0.546652510627964 0.548958871635839 0.2025636292057 
0.533580056191913 0.71543318076019 0.912390358004952 0.368393601049214 0.991408946493531 0.327560349999395 0.244924090578661 0.40321334274911 0.0316187249323537 0.879961469070037 0.572080101546486 0.0909282425127337 0.179718959729161 0.931677717092925 0.627164937933075 0.232910508869433 0.67592218377655 0.386465824581208 0.00634059200756736 0.61595205676193 0.734699586721391 0.525211461731832 0.616440157257355 0.442804090806205 0.0958999322069273 0.354968330154364 0.158822372348431 0.625342943053016 0.634007579071094 0.870115315913281 
0.888079949125454 0.863687314882444 0.299928233125653 0.472038424228939 0.783625908323325 0.914858721687699 0.356638555784847 0.794310429399863 0.317028595651719 0.993555622511673 0.467341778018215 0.912936427895153 0.261585201363724 0.658753474085393 0.773647907512489 0.737486782120163 0.712208622412645 0.44589039408053 0.104463516690994 0.0918668227770451 0.692101751980786 0.409776902476226 0.787843324901496 0.601533006862545 0.116944173895925 0.228087998102545 0.0251760836869447 0.805239146356996 0.726305089817655 0.035125145536012 
0.172867671844848 0.466873992516638 0.790806733110213 0.93671555620739 0.545792709011804 0.151045936172822 0.830836729678969 0.0201914027384517 0.0942662730406481 0.12093779025586 0.915721034277768 0.0716775708024667 0.0349834716817944 0.227510664028048 0.78160712683154 0.0472438426278408 0.752737543840934 0.995040616115256 0.844958077610303 0.145582938757797 0.60820239927486 0.683480095593456 0.802067652162439 0.358971296173008 0.128527631948589 0.875139236818501 0.38952827193168 0.0508051156708359 0.420149486729511 0.866710383992494 
0.452849013723665 0.335165516304109 0.571685068770678 0.429089195557478 0.942743229210683 0.992809444197511 0.0979152828775045 0.281452418347031 0.676381615566845 0.766166840184348 0.242874050975191 0.657621006687221 0.50477278950524 0.808618308872029 0.358799525469563 0.863285082395111 0.0663200090193568 0.629646832031394 0.645223593182328 0.75417094466057 0.923346631177027 0.953332485050398 0.781463433577362 0.501162171619519 0.826997093612614 0.437315692440117 0.644219810542716 0.332813960961928 0.0979483455139076 0.960682656295182 
0.942637558605386 0.87520221086162 0.115623653312249 0.218396940772189 0.667992519370137 0.215266142628981 0.389459627995849 0.820488259486457 0.325826527838897 0.352638151469134 0.466272127270699 0.999631118265466 0.890700768895363 0.850559671603855 0.0283748086483994 0.689875238144235 0.112642265535341 0.590419793252023 0.646614151625737 0.811007516057968 0.572307366845754 0.502326621821027 0.900691800297778 0.141012305360931 0.670611806766903 0.131980500469559 0.288258500194524 0.417676225265821 0.378936346263165 0.26779441297276 
0.0656804655935428 0.648259204699584 0.741037054038663 0.63441813979982 0.318167139551922 0.109765719576223 0.826266505359029 0.189766726913655 0.577033831472818 0.0112637343112112 0.318503428703808 0.552090345428282 0.988262612983785 0.578456289424043 0.199567520647088 0.765399228620566 0.177729952087115 0.162818182175435 0.880491748007652 0.890056231795172 0.727036381564659 0.393318283710125 0.80571602405345 0.495784716441701 0.469471083819335 0.849103070891895 0.990992028613648 0.230690222290019 0.681337373032529 0.63266112218245 
0.964918644448646 0.31985517019031 0.24374835785941 0.563130341444791 0.0870382159210757 0.137675611723364 0.00268524320774581 0.899415059974788 0.0984072639448887 0.262977935118608 0.106489893282751 0.116668182430642 0.899312941167752 0.525498600287863 0.380379193447625 0.0912951773539945 0.837499106606542 0.440153588731595 0.437481705957932 0.508882647066156 0.116327975841374 0.340311608120025 0.577840965833481 0.952677045659052 0.36565168030349 0.963634008748796 0.393779307980987 0.894533194110798 0.0511448589210149 0.219774560019849 
0.998633510064735 0.958665391552169 0.0638164730616823 0.498716457186388 0.771118726514215 0.300760075360046 0.51842678535086 0.247067602883421 0.757424422053432 0.0222507900255136 0.199251232112125 0.272163785201161 0.327892855265726 0.926682837338033 0.849703930840772 0.321942890047396 0.713401153219832 0.721460289483829 0.46588342887553 0.528672646834697 0.853250226171899 0.377177488388497 0.920578534867544 0.0602437086592585 0.851531381333898 0.850661250671257 0.542921966746342 0.185090049769367 0.867755795886961 0.4966989684619 
0.191207125769679 0.242555093030272 0.481354996946264 0.205924878198253 0.902215949205564 0.845835533822136 0.290812410497031 0.0459235123446699 0.090624395431072 0.835937511836972 0.465751408643614 0.856578988391675 0.223240447069505 0.139211174690845 0.0356402078193308 0.417211893412411 0.378961328503803 0.155375259559373 0.0766062554833848 0.932897640946883 0.784417260727879 0.0890819532569284 0.427630182740641 0.161235863005525 0.222571895858926 0.0709998466874629 0.0280900092562832 0.397577613457153 0.5032123346451 0.585719450405269 
0.829917785239181 0.495608439398672 0.562272185347593 0.165311114134641 0.312734439180448 0.309142700792326 0.299349617451728 0.139884845976609 0.20091666233568 0.783482872031515 0.222736150409198 0.210669915928063 0.517250208996187 0.619154076272334 0.251874909974551 0.00923389265157364 0.573502572086142 0.491190129323834 0.443485042043756 0.936748273714031 0.23742689880504 0.0148930610832802 0.891744043418662 0.931127973808879 0.371037116551827 0.584327227171852 0.663556064029582 0.184592886375307 0.309792673918896 0.693049281900796 
0.989761339970189 0.0756676222392731 0.639772217774055 0.525703344934998 0.788431370045249 0.738476932336282 0.609590937568056 0.266544520133056 0.242152192665021 0.143677146144841 0.741699789636104 0.351206335097468 0.249418722400954 0.679893366491361 0.0479581242416514 0.494076658990383 0.718607620107438 0.982906211300886 0.370522059720272 0.324548779988267 0.56017527919883 0.15610322955586 0.548493888594635 0.666527007096081 0.153251563525158 0.467748292128045 0.264473431700967 0.571203614531603 0.828379733460937 0.277999255822978 
0.207541139466263 0.400880081562315 0.761820199895316 0.734168516022023 0.340443949506732 0.590936333195068 0.612214094983709 0.0164195769039359 0.304474413208362 0.484052839875835 0.0491891464308137 0.346655458593294 0.651015805514831 0.0683567963161893 0.147560810107633 0.0196893171487558 0.282143231626867 0.0387296869857658 0.63373050725736 0.244342028479943 0.306743642042336 0.0323599459790263 0.351738185815512 0.354505231598792 0.0733546109343486 0.481920070357549 0.399226809336761 0.532773955117785 0.0169278565594096 0.143487979771963 
0.898314183426245 0.0110054000530904 0.616230538543472 0.122184810051514 0.97250766331034 0.420859781411356 0.0657048019649717 0.147940519663513 0.501977072731296 0.130833536030361 0.900085782864466 0.266121552431671 0.667957951131958 0.66408365653391 0.68875684769392 0.0634572962164042 0.89300625434708 0.506074061375596 0.740092696543944 0.0384764810111899 0.453958330732248 0.806391242260844 0.675063582089489 0.283243222544229 0.822105186711744 0.86266602765367 0.217809120071987 0.631562135589287 0.63708407075717 0.471418457959181 
0.409280059069748 0.684914792800403 0.40400486157516 0.795848591031867 0.632986732620615 0.0373076063992446 0.18581342781458 0.495688260949332 0.205613025760284 0.253065182387582 0.528833261448134 0.901853306051571 0.270374463935789 0.568759820783979 0.531833385919514 0.240727157662063 0.302948834021949 0.895963893650327 0.623333752619607 0.315597042239021 0.594875379076435 0.939744543479015 0.0473500063081486 0.180395108908991 0.903519879545902 0.769981621719659 0.937827547088861 0.31526827168654 0.766336681970407 0.0582628805085648 
0.782299307629383 0.486270128221568 0.223079879461665 0.810221426831333 0.464062418713463 0.383458693769538 0.118401403058204 0.649934778534391 0.740948953382129 0.161479009610957 0.714839827618801 0.580102200799014 0.887039305189275 0.0796441806593529 0.95921739570628 0.398700225493976 0.975843861032143 0.0216072453057415 0.565696532975453 0.0108971779215385 0.129809645087685 0.548314942841083 0.588258245750618 0.71814992563293 0.499773683610556 0.509971635858989 0.374792555915641 0.89776236287841 0.118231641557274 0.852737101176625 
0.945574039860687 0.235003368105333 0.785166527037876 0.410995931723225 0.636756223870967 0.8483287503135 0.139809445790105 0.311891550549292 0.503821374710558 0.195102837312556 0.923370208957734 0.337402443551678 0.905562115244429 0.622067553180478 0.945032592356272 0.980254673100482 0.879133079996731 0.360242611955846 0.203175655485141 0.906528198604621 0.857209293195346 0.753309443687666 0.105757840126458 0.181455531034094 0.441725962326424 0.587032204357298 0.195849119094116 0.934424179026897 0.230656391253719 0.937404322524924 
0.388939181910073 0.166882259892039 0.851479244400385 0.535342471867394 0.326610680309197 0.468298704183062 0.13339067302589 0.811975865327401 0.452055159751623 0.531547012984018 0.796741232699145 0.419834512251752 0.82553947261601 0.25275675112193 0.0166877653888566 0.0180596455704644 0.909928705110802 0.628716006406336 0.804047705174973 0.202617470249888 0.582644671089045 0.339155726694071 0.0391370468085203 0.61369178839668 0.340942666568658 0.137546569271911 0.684000975703137 0.631851502012702 0.876801408561234 0.931284169534038 
0.900439590128949 0.229949902020113 0.690599965418455 0.215584152295801 0.237441614911662 0.74138440272497 0.466288489945639 0.915739410521816 0.490975910630658 0.194263289361696 0.618361823796158 0.603531505996721 0.930142520874265 0.991194777192954 0.967676102204042 0.73861340473079 0.227571848579494 0.292346734797802 0.106345142681815 0.433473735285748 0.174214908221697 0.373578367543004 0.0443033446793401 0.854856741933234 0.531194622338831 0.990393526156788 0.0954552740315814 0.467915721143749 0.26905956578578 0.881341107318937 
0.236019081796198 0.897045658082929 0.517487245105384 0.683524994763296 0.975538666506735 0.0125102978409274 0.634169696354157 0.0633709995807701 0.886794056281542 0.170234126913986 0.688401944086257 0.810082901218912 0.41912075799651 0.400528999660668 0.114882284514064 0.23470158641406 0.0452433979589764 0.609917201253295 0.809569807636795 0.598601553476017 0.754595687065012 0.305928574880976 0.534283562582349 0.657464816968697 0.308494666411679 0.403948156009064 0.58577913836698 0.794368743118314 0.575488933682061 0.00889688811789184 
0.569942864928163 0.885894276194999 0.332865470539714 0.110202284075913 0.855004589098559 0.294576059329199 0.942687787347071 0.442746751736183 0.861166604859035 0.889282380009796 0.882874407355128 0.551670087491352 0.229395665693759 0.642520224463511 0.838088955178411 0.0488149597840862 0.802722386668042 0.338094379885107 0.629829085380263 0.88550637790672 0.456669730874646 0.0810025307966867 0.981075135723215 0.96549001011133 0.707997975673221 0.762968187178578 0.753120386667651 0.463727263220168 0.725965405094711 0.331485717303065 
0.365083268124931 0.957728648708035 0.753453978874577 0.150082237126273 0.445294601329143 0.892654125608185 0.06050912683137 0.0945099360176009 0.371397569900641 0.169703820179686 0.436793924993064 0.730211413932313 0.905796433463124 0.634278913075099 0.741408394714917 0.645542995452972 0.746020698623434 0.48782364602942 0.0230599517792963 0.0592415770505901 0.549142187675698 0.336474417364622 0.631429044324442 0.881708206886912 0.296162288437451 0.507287168564043 0.370261782702294 0.434328507162022 0.785424473503925 0.51555231877616 
0.629482462080651 0.0283958481152416 0.75053922525003 0.70142068771455 0.437097733247024 0.705740100552394 0.886685953905025 0.0828799111528183 0.589616730798655 0.64267750191646 0.222114845102904 0.729340477558965 0.798007646031543 0.0685471191942188 0.629577975956321 0.646389099704306 0.126891861527627 0.429133265801605 0.866060825497454 0.243905201277566 0.963475801348764 0.404236992195759 0.582699110306968 0.158890962890976 0.136674536439859 0.467928352192317 0.818792734776867 0.0434768654439446 0.997355766176151 0.795705178765015 
0.995203942339287 0.861723234002527 0.267964978569837 0.951267268074139 0.357941684228975 0.904028224395912 0.162792065851194 0.479061426803058 0.964887996052184 0.392516217520304 0.184000378718677 0.521001318385907 0.500460926406988 0.293580042473636 0.267964278368628 0.653610351848317 0.730863967435316 0.927107121428052 0.482178298817358 0.700766029383537 0.999278496541099 0.779433184800121 0.788242835333786 0.623208391730174 0.986029922691571 0.0772130483404816 0.480241637430168 0.918707048768005 0.0761081182899584 0.514843388935419 
0.641780065004495 0.849249958973036 0.365713017842484 0.107517539561761 0.297612413471902 0.648400100021097 0.0291224290957955 0.822204896813276 0.455127998460205 0.549854545451233 0.163006863233358 0.42139026192723 0.335908926617832 0.0495311090615172 0.995901589806553 0.98822970202234 0.37305024220239 0.28064735731717 0.533034351860326 0.094983548980409 0.0794920257086533 0.880887109465243 0.432635214207878 0.326517267610607 0.375058914203663 0.859426320312525 0.931390677068887 0.520719681386133 0.44037728371009 0.324277154167843 
0.492387064496145 0.4085126594055 0.287896431987265 0.0149146291778798 0.0574363965678375 0.922668391896575 0.705712516883561 0.409444383616561 0.663109367152648 0.948409052457457 0.688994663955725 0.721940260686633 0.0535784879245576 0.413056798511434 0.264081314713958 0.253249152706908 0.162141926226434 0.971731452368796 0.557032654913555 0.613383141678396 0.134197392311062 0.845646660971936 0.494746892783883 0.109821794115486 0.319792709882088 0.107861474710475 0.0812882351625796 0.838321076442684 0.818530279783796 0.366997131920846 
0.63919778774306 0.309333724918185 0.388489621804426 0.375163612917382 0.733652073761293 0.863310447620484 0.95118186908448 0.780898021947761 0.24866960920817 0.575533594405386 0.908669915570975 0.588235464716953 0.952992621602129 0.625888005454474 0.555407471584743 0.918098564613068 0.141087774901436 0.734448293278291 0.846091178880755 0.152257116035535 0.292720762562269 0.0304642256060322 0.32828766634774 0.712294951346009 0.697273337492764 0.670171094532923 0.410648583474824 0.0256700754916914 0.53246468092104 0.248365449236162 
0.532751207547682 0.693061894542389 0.560044472324303 0.596180710547535 0.0302709747021858 0.889892440216478 0.507879538603471 0.280475131347244 0.630302973269235 0.725976677411135 0.5846416797767 0.108407568319946 0.641077103186847 0.872651357426703 0.970651931440672 0.184761929356494 0.615000999417746 0.589981644137836 0.66020254607852 0.269550652710474 0.334358260492181 0.664288992437311 0.504895448105261 0.0569891932854435 0.389181605632015 0.785919905373558 0.2168320692664 0.0691201695990048 0.247875729439439 0.776571347479699 
0.529969460578923 0.289803527373223 0.206883852720253 0.0238613151200399 0.136827684445453 0.368599550154595 0.972966489605413 0.635815084009396 0.391702737800369 0.426109624020792 0.696070472430047 0.309702395850898 0.140801192387393 0.782509300433721 0.870139636351194 0.404750899409828 0.483916272325186 0.874474134377042 0.141284248313966 0.19880514187068 0.857495091434096 0.444443145368196 0.217810502592741 0.544539996401478 0.943023187982647 0.174420687253663 0.0829393046038677 0.448741715612668 0.116633206127384 0.888830879247889 
0.0621364681803925 0.149692327395241 0.650737009189363 0.695150033410058 0.256328444684007 0.598987575950242 0.405797956700949 0.894003471346754 0.182046603381055 0.528635191109106 0.719709414486588 0.808934924177501 0.139272700361832 0.0519164960092603 0.949173947796384 0.9874696009953 0.707607290901816 0.984474568059535 0.986639968264341 0.210558614556197 0.902633792214457 0.811335459162564 0.797386027290636 0.194057339067584 0.836307354587462 0.753252601083586 0.486371928212221 0.945840963120117 0.486898469416448 0.0453293227019518 
0.395581225058862 0.209372205828241 0.643043978632843 0.0333520686527358 0.0676630077953001 0.065213020903679 0.321564736673138 0.76662078944952 0.487699238710984 0.0656093847542167 0.226749639104602 0.975773978131515 0.0991233433232336 0.342509105657078 0.183517265954871 0.0056011039063794 0.139204273445416 0.982389469706253 0.537978115468476 0.291940317568602 0.617989433836877 0.367610302477283 0.204320536551369 0.192197481212096 0.0691727793816547 0.981943278099645 0.765167001894138 0.819451754179872 0.734042723498033 0.653072936304263 
0.0325994304404783 0.257098192296733 0.86162654243644 0.267620759738993 0.393159637952609 0.894127978405404 0.362112720234987 0.495878707831979 0.272627534868244 0.842415190391374 0.436735646955454 0.749857602019338 0.0538842969406456 0.266877582852408 0.321549959741745 0.0912543973763958 0.159733791291332 0.960883461980929 0.534734548498294 0.589452457569641 0.113741207185846 0.959902208049635 0.474579075011801 0.69954556422535 0.662554901625197 0.902034523392431 0.621748040084844 0.926314166392326 0.543053284590833 0.120698092225175 
0.765036066925502 0.0848544023990467 0.242222964249514 0.828864847831677 0.59606415002324 0.845516315205697 0.890227298384419 0.836514004512185 0.256526902028583 0.153109613021288 0.995247922780119 0.0238206299024875 0.232978454331474 0.291656525993878 0.914404232745065 0.414378325116843 0.736507232689334 0.47670593407158 0.508185458239514 0.396739926223152 0.24702109204739 0.00771509806342523 0.98248462960588 0.737733800187655 0.00138625512921347 0.785939048114906 0.408301180252045 0.313970597403459 0.919256511523895 0.30854773165304 
0.973380316934552 0.00517816087181548 0.763089610293835 0.629392292111127 0.983102101690236 0.932429487229455 0.734422435179983 0.770899437424191 0.0806771675052063 0.448863927687734 0.173901499977028 0.872397870636219 0.299692892529259 0.333007431664652 0.920093975725104 0.378178830565663 0.920389969726867 0.165906047946087 0.644737078433834 0.813426116471482 0.0869581807167641 0.0805405712166634 0.24408237949121 0.0182831725150514 0.988707337337534 0.708685656331125 0.498951105926638 0.19445253026104 0.762103900000286 0.0244309275925488 
0.854493446441199 0.220195544383113 0.282752593814038 0.022234028800915 0.26395270687415 0.571110345952877 0.0101585828940748 0.667590939532324 0.0800120332021059 0.0195578689892807 0.808405943568323 0.0279257442993605 0.646355045687779 0.718270007599639 0.207219008035301 0.558644482102912 0.141484414359653 0.645330302456747 0.324185274197369 0.877706097396003 0.987126813166849 0.299414298957584 0.175289802636624 0.247414308142109 0.745500023973882 0.831237993156797 0.401450069461031 0.624900530028415 0.148062840914051 0.0218810589714481 
0.0385030249357819 0.923718823299426 0.954748043051361 0.0930294634746295 0.530022836676959 0.0146772175629277 0.328860579742319 0.606525406163542 0.782363017200748 0.879785899716178 0.31792061498049 0.656932770375929 0.422831979771359 0.729486721894897 0.758772549817751 0.101173407642302 0.5227177292298 0.932089891849601 0.312236681321571 0.294766248896802 0.245155866163479 0.568119740127593 0.470445199981874 0.854375247249837 0.433371032523767 0.61846350290238 0.591412580364849 0.857560697867563 0.0959695597449845 0.29312425517434 
0.0282208307996539 0.79215968087137 0.552120302028209 0.849084971752923 0.878920210280766 0.940867072763475 0.43385729893058 0.156941103252725 0.674786929933557 0.7275541653697 0.152544230614633 0.133239661845647 0.956796222210464 0.491129990021708 0.877335550122528 0.870345508795572 0.595428759366512 0.591678535617024 0.184654413042285 0.911831722832425 0.934074491156618 0.540432180586364 0.750695269954642 0.104385712237551 0.864471086614177 0.644475923303783 0.313733453592088 0.605938186821801 0.564082588780678 0.493138076374082 
0.256406213965279 0.615115768286265 0.37014728498852 0.352797166194704 0.034233473659249 0.418796649165787 0.381694646623711 0.342427488111039 0.595080105411834 0.972536350816936 0.613955034234262 0.302213473786698 0.137271018499924 0.771882569592224 0.912647308256569 0.286829394810819 0.7635324362473 0.545840278533496 0.116312480333201 0.33274668390341 0.436933780445853 0.00945300500015915 0.434807828909047 0.656998957776256 0.537940486117614 0.682584239249712 0.468337398109557 0.0822428408421812 0.587499459874794 0.624371872350226 
0.735253008355478 0.289095491973697 0.856658016586535 0.395029846849257 0.848354127921499 0.584132958462156 0.389395569702111 0.194509603390319 0.814587087999353 0.941654514670218 0.368809668767468 0.358941928053861 0.724256854720437 0.37603597276178 0.0528540459590509 0.730347554502805 0.160022757920643 0.826721736364354 0.104385388056626 0.560379115376407 0.58730171096899 0.0747897671885109 0.318034181008532 0.946167889121483 0.497672123745864 0.398402502155565 0.300707908365345 0.960330228273228 0.191243138457364 0.0749427745165974 
0.0720515659790814 0.538564497609799 0.765226918713358 0.211054385218441 0.450048082460398 0.69167984907771 0.264534186130787 0.158267744083843 0.356752190572839 0.482404481176922 0.624641304724505 0.130649430440395 0.290547712325126 0.811010009202664 0.384770018090045 0.764338217575494 0.653804798718474 0.720984562036334 0.551930979353088 0.152191790266201 0.0664094592463418 0.484737856289645 0.743543502664215 0.110928068199546 0.395054770484264 0.95270840912079 0.571006297410295 0.930074387688696 0.143029830702388 0.798659851849253 
0.00852318511342092 0.99035891215269 0.53681254387581 0.209972265697217 0.495114659466622 0.499956868208008 0.489823527983349 0.0740448502571393 0.475733799321552 0.113310872893795 0.262856867272945 0.706278723349257 0.0523039685968437 0.873020527125498 0.0707177695481785 0.896830743812626 0.69809775591944 0.338889592229853 0.0110946193355018 0.728480493276994 0.316946505633805 0.30028385031331 0.815170280123026 0.92616386339651 0.92996931508438 0.96350833971143 0.801298757430292 0.536408437670203 0.748809826799831 0.512441732612162 
0.858639761843803 0.284679051736879 0.243308599912763 0.043931885705974 0.76300577269794 0.538213591435383 0.0311103264407911 0.556120858564927 0.288744759690976 0.494054398159861 0.675941509837734 0.350161509413244 0.20923802529802 0.954191730933553 0.625175690751951 0.005520071434631 0.327109920889409 0.760715270807156 0.379520273639989 0.00102480540903553 0.664285971587242 0.434751027422739 0.577801916622575 0.804924568046377 0.543324330491728 0.0870478826147006 0.632699944010492 0.405197159620219 0.885566387647915 0.998777619656769 
0.368676682795465 0.88535908917121 0.51220949653887 0.894715868795732 0.540463393749225 0.104502425981865 0.768837935093366 0.258269715595031 0.681667093858671 0.295929803964878 0.283510075820673 0.43245780352761 0.419317799545387 0.143763928252977 0.466931055119703 0.413136351163434 0.631192322358243 0.407934095482485 0.303457250154012 0.464631981324641 0.342108620054757 0.437761321910249 0.596802107166857 0.970484215738227 0.784221632035142 0.755292045048042 0.470587007414431 0.518690048075512 0.0284099474380229 0.889658774996533 
0.0441742371354214 0.561332867335764 0.418246156149461 0.268420274955072 0.392529025571569 0.770519427513729 0.887413368560992 0.612173786577246 0.466894251417005 0.138306739646138 0.370779884369831 0.737474879276325 0.902074286812495 0.426966062814169 0.959945167325836 0.949482266128784 0.804411196105422 0.315641189212823 0.57168570347286 0.846709086296706 0.592823391514474 0.128987833967385 0.477496639963076 0.988006397909035 0.594932820124851 0.248229593910836 0.926246768113797 0.339525517384254 0.249521201247117 0.444246154685027 
0.771768412557641 0.462991236718715 0.47692644090959 0.311902074308169 0.875966269049086 0.126102877440148 0.451634521256521 0.789720565217629 0.831170546861626 0.240463096980232 0.226558821091408 0.290651400712912 0.594970932705734 0.763836281089289 0.756792263018655 0.60882932084415 0.0931019300990536 0.448822543469816 0.334948061191993 0.035998163290588 0.801779908053448 0.77651980194886 0.261708098009985 0.463530075055832 0.501760457823347 0.414388624840359 0.924779110395076 0.799039937284842 0.758578671741433 0.417229316517212 
0.231175361694578 0.525516495311524 0.16574737780561 0.540435269302875 0.490411867085879 0.698406317169079 0.664447025277523 0.28684258794927 0.680886906570258 0.764178783212891 0.765561722973958 0.485713763827526 0.887337062748587 0.098157211403572 0.278037650607484 0.0702282540888787 0.604875871642071 0.767506717931972 0.260165505276991 0.613240607450954 0.436109658417111 0.0696949750876854 0.869863068389818 0.710053220616508 0.133909403100766 0.0368063326307789 0.315959852859263 0.278905506977857 0.457423868831859 0.0883080174239215 
0.362036905297555 0.550718680798273 0.837916418018005 0.942164843920063 0.473050499220992 0.243486366614978 0.708341507606751 0.960824493100281 0.694713545645596 0.540784944302932 0.874789569708848 0.431155235550801 0.65578408258266 0.336571331569553 0.22931468019404 0.0218874522369201 0.594156728056903 0.72407697835809 0.27740149197673 0.878299994642525 0.459649331179341 0.241273878766588 0.0242483414543684 0.984017278276382 0.746429992888644 0.567994797438077 0.547062236140229 0.655923881610654 0.0193315981305681 0.951188256470593 
0.418744306335727 0.926304080463973 0.730034278724047 0.548893097438128 0.546968718620905 0.743459441377206 0.0727845701632179 0.823550640311446 0.622310331257753 0.88617648349296 0.501056128382284 0.776790077763217 0.334042039823782 0.0634839755050747 0.0419991502379318 0.557250802133092 0.181689716206191 0.836399390257591 0.478463559076515 0.585066733145159 0.595607397481774 0.0738680501947144 0.94255695507512 0.51003016727988 0.0237530093564548 0.423767527675388 0.0765694080275562 0.666471050326979 0.868777730711105 0.242431614242773 
0.263501291725986 0.46127140599203 0.717161329583028 0.407706024089348 0.897668422407556 0.770039142697773 0.0757567881867884 0.488289517915978 0.176260127572776 0.534026638033403 0.755921482289971 0.267045182061014 0.0972903894757497 0.304593665124237 0.693144082121085 0.386690052530902 0.0880109987803023 0.658916562563831 0.490131812468433 0.601989086191092 0.289512199503523 0.0478906925115828 0.33984241753895 0.439775949717727 0.0359398033199246 0.661686347155519 0.97609021955879 0.916194943843869 0.407207882085204 0.0275792602643878 
0.659659847042655 0.0738140524549028 0.563225592064923 0.981039983519437 0.660743663576339 0.556223968233902 0.453189700846094 0.809916723569653 0.401941790579732 0.0564560094280748 0.312359215017387 0.438180362088612 0.80569145961246 0.696952421370007 0.611641947807159 0.387787546954428 0.287648553398278 0.206802806386568 0.103846153893881 0.140607927290476 0.842028331311587 0.768062738240028 0.948579404447823 0.806481708227245 0.417356701030084 0.562007176531468 0.0168948666037038 0.934562359310466 0.291137412172895 0.392177166480086 
0.910421761931656 0.494059981448497 0.782522947217551 0.426478690432553 0.961794996787073 0.959763032337721 0.544454673952079 0.633697809126802 0.0480609505717237 0.469425814118258 0.518238988689727 0.629027513307984 0.315142118761584 0.0749004402360391 0.984620462858212 0.535465624804303 0.220432694645078 0.210889380466102 0.125426980760989 0.328129668114884 0.311727734785944 0.832479293317491 0.352477769383422 0.289814394722152 0.68545296281774 0.154234765583525 0.841653552080114 0.861903446796898 0.124385481790152 0.462126488678953 
0.384247185401431 0.201972088615271 0.657927038839011 0.564726187923373 0.78904493066312 0.897919007015592 0.644125390661504 0.803256458031176 0.189160577196348 0.508567311306092 0.548022296713834 0.523791200423416 0.512987960179307 0.92965247766907 0.0810856232491394 0.891320543215608 0.496786587871702 0.451351702924113 0.552234343560995 0.698182312620314 0.303644142145072 0.453421467637232 0.326903903120566 0.953756477094967 0.282562249371081 0.678641464712729 0.502164332695223 0.319860587872959 0.395117341383875 0.719979620720886 
0.506832892050689 0.357837680202527 0.379977319665102 0.99667047232434 0.58415083615402 0.519596341635453 0.620092293410799 0.144871982739388 0.0888485694842562 0.250789869113894 0.636125723355786 0.264648891645422 0.170460617036268 0.00333784838488076 0.700485955482003 0.847485962165465 0.253005055820744 0.311237029442007 0.777836687128923 0.218818883319579 0.368828031280925 0.287432872274786 0.796678270809478 0.512644634706149 0.640675459543325 0.302854253284682 0.0481053924812081 0.324786669572333 0.690038839019183 0.101405863968854 
0.476462393328999 0.932208434985222 0.833750861223551 0.0290207393864962 0.0656909818413768 0.531683501149649 0.0319563521694452 0.976980209396941 0.556358709319703 0.0330761812907291 0.389459308788532 0.849167943750325 0.915379489831077 0.446586587811032 0.639822837853728 0.358149248185469 0.832526235051682 0.771561237092533 0.7001187342541 0.101772578260756 0.961419008724933 0.349637965106024 0.564964190412489 0.0818121981004172 0.372487003661669 0.037180727282355 0.994413543847263 0.399048737927397 0.105736127711915 0.689194282930602 
0.975322201848572 0.963278325458556 0.122579668565833 0.148728064194194 0.668750363308437 0.950176243494605 0.0726439199047999 0.817465193022041 0.308977144325668 0.967933101048898 0.969087492631363 0.0248729122766425 0.186014981931961 0.912473131964166 0.6384931806584 0.545508783623942 0.696057422204359 0.731301335604261 0.674780114447226 0.316943827222951 0.930718968502018 0.604895970815661 0.398984529829658 0.297216876123682 0.558098604014934 0.62147105593259 0.394584295360074 0.143331810902244 0.868762038053177 0.649946342798724 
0.935508663801667 0.194835669498818 0.844786385267361 0.409801707248392 0.999225813355535 0.69392439005973 0.916947500449547 0.333710240296506 0.241899784914196 0.409541859518177 0.0889441494467439 0.472479309106233 0.929596019372046 0.283791836782974 0.229971696849814 0.164652585112263 0.356294993262712 0.378677795547088 0.191152799529616 0.261808827965609 0.746651406860434 0.243695131558963 0.158581588991562 0.237878592474205 0.821301424691453 0.454199760564357 0.565330769185687 0.227053623477494 0.127632665490399 0.384535695839468 
0.275215021885035 0.517387118300078 0.185050275204304 0.552070199333101 0.0935798700561685 0.550431872682974 0.236765370177128 0.0117234998381735 0.435370471966015 0.395744039610316 0.859471614456136 0.455683234771676 0.268020936689856 0.707580118500043 0.975533064271883 0.10428266515714 0.401036014543154 0.12835998255347 0.921233568596083 0.161346770793899 0.0558942419698213 0.296115867358749 0.134510773982286 0.441341025174056 0.005098094381272 0.184353101680993 0.426296160679095 0.189278237311036 0.78645909594794 0.731262041957048 
0.902810463335186 0.882447311236414 0.446017895826408 0.7913512865297 0.695466025762968 0.313669421289898 0.274887254073272 0.397170963755164 0.97129633751893 0.657577983257517 0.30592406122193 0.639750222475856 0.239287465001794 0.288954640447056 0.65319791295651 0.483822942171933 0.120388667935909 0.597608810016461 0.607619194802445 0.548847216362814 0.421555092526205 0.856367834469417 0.703103973075009 0.976132951069097 0.610153780558883 0.160042977293053 0.181034934581602 0.0736586386507744 0.856957469251066 0.531415955597239 
0.42656325347767 0.251133080189806 0.445008010036323 0.730622389283728 0.360402019865454 0.126933749512368 0.243149991652841 0.206399880571474 0.59965913848384 0.0153624618236037 0.353978459238638 0.767821755390026 0.754822298259151 0.496826700260864 0.550382291708018 0.181086668769625 0.23890103287765 0.371541136153947 0.880447864762874 0.308875380987687 0.582491122157817 0.990591189921637 0.738741390965211 0.0563983154818537 0.380393601961766 0.134223674235038 0.145290367657766 0.188164390855809 0.36796756155282 0.00475448704357633 
0.383522649106502 0.684672125010814 0.701466430607161 0.200566652594693 0.543695010993689 0.847829607511647 0.953136174058243 0.921153854005406 0.422292808075693 0.773657799868403 0.15834487757673 0.921363044441912 0.778069055161181 0.517626985769674 0.0236712159369595 0.128973756981395 0.030038151976816 0.459267802128703 0.217406187992224 0.932520626657616 0.0344367401377766 0.310232068959497 0.0146873692277746 0.00377796946766311 0.136938029994506 0.735385405869373 0.22848027274908 0.841945615362931 0.227184592415767 0.681889279529692 
0.62913576726303 0.425962063512675 0.931025561209256 0.566010507681691 0.190299731410153 0.867298002526206 0.706367110836056 0.424293724861706 0.468117427105342 0.256140966016502 0.357805931396437 0.503318796913535 0.934823372839002 0.756407629442398 0.318495968299893 0.169322301497722 0.511010376081591 0.567651591610834 0.962264988558559 0.793937204423251 0.895793813038981 0.34303274297101 0.22304677328522 0.212334580878057 0.634025079660319 0.349552562355374 0.170450773890462 0.539902934354049 0.0925930701860989 0.342544553616665 
0.514223594932212 0.491284330253214 0.760330937808776 0.875707022583196 0.370324359375317 0.772818172825637 0.100891949339892 0.816838535902704 0.533738287694878 0.529924102322035 0.0538115918999987 0.152383797639156 0.966647735763897 0.685139458326991 0.156907781678316 0.0238102878619388 0.472124050409936 0.634058786332645 0.317038691100501 0.53209224330753 0.991730721664881 0.458095050985427 0.216117449840656 0.305708409813683 0.688505909943255 0.767809903970027 0.313171381921378 0.262759390574421 0.957590929802234 0.139439845094839 
0.595343349495325 0.63402672267696 0.976605800864815 0.390778198020553 0.31772814458462 0.755168517977466 0.724092670094223 0.53450833859185 0.936534527112892 0.333094339415611 0.489232663847492 0.117636401681492 0.519666887810176 0.0738261357969371 0.192094905187494 0.53371508100743 0.632289740427897 0.844164506781633 0.290598725822656 0.303624110405833 0.326742916852186 0.148955010226943 0.432451737425219 0.453155451045951 0.299373954949595 0.902134814010153 0.713922330762187 0.750971331659155 0.901129737820673 0.186691379385083 
0.00132414298112187 0.00526262537296867 0.140006240085445 0.187549347146114 0.663412220509919 0.0345729970431105 0.202757722323206 0.373422478367319 0.940613447241216 0.848600059041674 0.692178951663791 0.633437431215069 0.66918635793328 0.353562037192505 0.0453772176948455 0.534549530306498 0.625941770659268 0.615208273003962 0.00281952724402772 0.793097494259715 0.47728932365277 0.281571592873413 0.854563390720662 0.349975311173916 0.750032080264233 0.291628745534358 0.0654115246817605 0.0735455149191909 0.115958134694699 0.639469432016247 
