36.292549644257463
94.751509696273615
37.240883175134762
49.171715759099463
13.206485910289786
27.299611247322115
39.580551893902921
78.889333404363185
54.026068334396641
58.546244169203128
36.252918381918938
92.621092737721554
11.989720473302965
24.541503521497948
88.207199176778147
11.197995006867258
77.456119612587514
18.418998612510268
73.792276289201624
59.478253006159349
81.563759217490585
93.257951684796694
89.902154164453179
70.450228506528276
64.936283168807847
58.487065117423121
65.488476982851907
58.205918621761349
37.935998563446212
19.486301718439336
50.856935645965692
61.04904927624203
99.831645419644161
89.325905136084174
43.991666796239933
77.688957496862471
86.094364788758284
42.7575626474353
53.848245030231453
45.980144816328099
46.886133915226772
63.203482683219562
4.4021065468471408
31.79070975746027
97.71927654186743
60.083704562662682
48.173884876932213
93.062624814689968
97.895227619885389
5.2980858219397406
29.963133028359433
97.883010137910674
72.682786191733442
66.25409522721344
97.220976909610741
11.967563886665529
18.021716845793776
64.489645451247952
52.984408622614261
27.960641093639289
6.2221394409211319
90.830737698180869
4.0250104606776729
24.74307007848893
42.0017497652535
63.731369135376575
48.627391851240979
93.031978300806557
68.252752192664659
16.156841413825831
51.315512004541347
5.5195756587233848
74.512490558861003
89.303085737025114
7.0149417549904021
63.348646430990662
31.352555499207792
83.103485037830595
64.178060775024278
78.171346263357066
92.382698468319916
97.013343704609355
65.986518619044631
65.708329398819004
90.375916943382109
86.24222480836022
39.150799481696339
27.770560558144833
36.506760402128222
44.340224294420537
79.705550861576327
40.563392743334184
39.587596646096976
75.452163492187196
41.140783003147305
55.33914471084038
0.83613710809883157
53.576599573750329
99.294390328039782
95.202403147076225
