61.121667729175634 18.302107753817772 56.993806600317924 92.395375340989332 62.897497426591684 31.545460814614554 90.533597925143027 16.382878510108604 42.682337558457242 80.77281932840279
68.469133221249024 100.03832114478706 24.191759232737127 27.434063241630788 80.804977864384384 57.715935351498004 76.731033251269182 29.294208161147317 47.438562105330178 19.070749980500075
31.779526700577833 15.176716478766602 31.646658734615727 38.568367168099954 73.599386096145295 35.761260580834367 87.954986123705083 63.652702656706701 31.107223531932398 70.603934023742113
81.879097505190884 39.413721172571755 53.206761869076985 33.705407019749877 80.935566841319613 22.160657792612124 8.5502664200850393 91.024549525328993 6.8431300242648971 23.001971824738689
51.409901465692549 42.209530251626951 72.956736418403764 97.420010501397002 63.098801263948872 40.099682570698747 59.934846755214096 73.342046368186672 29.19558257741782 49.060267606111637
53.858426009032428 84.544717912832411 24.574989564810274 11.907129170420113 5.1750570395261333 16.384098868426889 7.9953255178162177 73.616512367818984 38.627475062728529 49.945987242860731
68.749905536930299 45.232116666546247 69.868627376790627 27.116439296210515 73.753019807841625 87.084840167862779 75.296740836190423 78.979489306418373 18.612602502310512 14.254532870152561
2.2396901757184189 34.336255663481687 28.670812811368624 87.53585243996487 23.901455270358827 37.841712384525088 87.124074158146527 16.77669494775688 38.12320958311841 78.581871556089609
73.666299203295239 90.928756287617517 10.782983049459041 18.742204807210285 91.974617706254335 17.340203775928018 83.483301933877328 73.900108568651518 1.9065989546126794 35.03104146111572
71.130873882403961 57.253459511900303 89.766173413742152 61.970418275457511 66.127284762636364 44.31325394458235 72.662495892852931 60.317198266269443 86.243909354540094 45.240428521745621
88.331079192160757 87.137833430074423 98.527888608436001 16.865249242405667 4.2005401288292346 9.6341824880651021 45.722535371738992 56.554087249579538 80.707885021459646 29.895748103479008
20.647603143129722 81.650640924232547 46.253152684499625 14.940138306987402 53.628818073798229 20.405548804657549 2.3367732661710954 2.5677413056520901 88.968187395049071 86.262496518771997
24.262602000532546 33.43718098956915 22.262984868087173 35.64624281186569 36.931293961054152 62.005326797737787 58.137017141196488 99.782536271125323 65.767280933734483 93.004532000574073
68.672921797678981 11.660188690729827 0.32686070263646005 99.488590110529074 15.615440191365499 16.256699793107792 59.322725590592484 79.147692844098344 25.592066221412242 91.664103591200515
61.767768378860318 82.497199666783587 58.52747080869058 95.499330908780607 7.7111997528709804 28.806783999819213 100.29372411792235 73.265621788968204 9.7155750849477744 73.493681736176612
34.802496678051199 57.728506449268806 71.107556265765467 61.254096408680326 23.261805339415304 101.43345747024327 44.691371334096409 92.045348717766416 46.63231341273913 16.497463747395869
20.523509900206502 63.929186623667043 66.581904584902432 13.782426236324202 61.663302764925781 15.213223963542854 58.849013588231806 17.666369626042005 93.970282605401849 87.474623977968321
85.918409793927353 64.602877224976297 85.050654191900293 7.2828958639663144 36.649538737391431 24.899181430493158 12.010303556779968 16.212597296652262 1.0230199375768667 85.740507600752267
43.207391803390514 97.084579570318027 98.913786273452061 36.524494631589413 101.44797813891287 33.053663443597884 92.300665319055426 15.333071838584237 83.850920494460595 8.8244461377153929
54.062345421082995 26.46049868688991 33.896805853158078 67.856258335312177 2.9467752383782235 96.859510885912513 23.68948780378927 63.153355540125759 62.165170453637963 54.007062227939841
97.34062113204844 77.697427085095839 14.594314519018868 57.296255051893844 52.416518714308893 20.581581075178057 32.822783287030617 39.501821264337124 32.826053142273146 24.690416126699475
63.185402163180868 35.128450436700668 58.035902985215628 71.163357724402303 99.869763840266884 41.140304166657124 73.315107619256153 58.536631640810732 17.641339316590486 97.815277650571346
70.91465040031467 99.602057619229839 20.402764395147464 84.235360055076598 90.932447005850491 97.873717013326157 95.731647893780817 42.538204302578301 89.442767243944715 43.579213497595795
95.320294670806476 36.229171860801763 56.224367522679117 15.208700981127837 23.396882727757344 58.494034383870542 69.762108831628836 55.289174790624664 83.297524738447763 2.3421715506175711
46.752884843032319 67.464366830587835 84.783339328405916 77.280873171018598 34.937854698375922 53.193212110252837 45.684843316413826 9.6334546470159488 2.2779213691382809 28.626202556164586
62.126238017290106 17.405295209528131 34.184929000165681 67.537495744516988 4.6437881672135655 94.478264235881568 59.604970876505689 71.179141578031334 1.1046416237825711 46.12374978287319
60.914198843282698 22.968929297145667 60.214387662476192 40.558273469433239 68.626354859888352 72.032051255604372 27.237164037727744 80.791326560867446 99.113371968625927 37.632717056014727
78.785841141081761 25.119488955697779 95.035213570027821 31.438340681875879 1.7350149121727614 41.448878575568543 88.765780678160226 42.223312144589443 51.419456827560431 10.58612148862583
91.685879628736387 52.48493672732414 57.898372997767154 64.69684417144191 55.297070745883559 65.474668986575594 100.75926775313863 27.399718420915558 63.694028647803663 82.365474240860038
84.580672496423006 48.380691277795641 22.082525531390075 94.590134536558082 50.317700429285445 90.065228025965567 70.034597160492524 52.700516062327679 59.618773759865448 96.251518374536175
97.815278494245618 81.687728376325708 53.754385958170765 36.434857011149433 81.214665223627122 68.226303809528034 89.692656770040287 19.203718586325234 11.273312468160022 68.262275795356544
14.01757480469681 75.788191732678172 37.542842818889966 56.594666254837428 61.961640162248095 99.957130295727126 9.5702689321702312 22.292168279767672 81.335803316295312 98.820603471067088
11.549363268261375 21.964696755185926 20.526543003167873 30.517649854175048 68.562889568164763 38.681425972529397 47.187120432461512 79.61068669238918 89.727782024789832 81.969368647879989
89.070926659362684 85.155533054251535 68.358635617253057 58.313423779273172 64.406324171172997 43.596789989451935 35.316299975448707 58.383371105870083 41.624883592832411 46.059157885322236
95.989777296859998 84.914574607274275 3.3904458542963458 87.022739751982073 1.725091705163122 22.713722057658508 78.929344632879548 67.138774059155878 73.509335399107982 80.054337088743736
66.308629212916387 100.19063215601435 74.755861147113123 37.059729460446157 99.613157819745467 15.073100763691773 57.392770287652525 77.119183919276637 70.667477151890878 8.1907548028589172
12.77087859905 96.042978826373272 94.993493276534309 86.910811253480091 1.3882616458354766 34.975581407299124 69.777471104240306 51.732141967592632 57.968921968381046 20.43786089634445
73.663065684368547 71.115632742894761 67.250571020587884 88.583750169695463 56.019045467082805 58.833358589642437 26.777855704229392 9.3461257039927048 26.509154931248986 30.524362448846819
44.841291521719896 26.269813867473488 30.384691585407371 82.974670317759291 39.821105284351717 28.929011032281061 20.145768244031476 32.201591301359571 63.190608580643755 81.440973458965388
32.661217975165791 81.706973389012234 25.993943730582991 71.020305788253609 48.525662031745654 38.438318370851619 81.424696638402736 7.426694822519468 65.787586158952379 15.909451887952866
93.491745063912816 23.299681512437438 37.888507854382816 19.007086338279617 38.134827170468725 21.133394214177475 79.110136186524628 67.333993834736248 43.320382978714825 73.32509839629914
58.1391993668285 68.502039580369413 65.220969047068323 82.7721585392337 52.825816757340036 22.153215773164433 49.475396744552533 25.182700926321115 65.40524196832331 8.7822986090461583
90.409461492242357 96.766374902622857 77.137212826065365 72.819128077668651 79.011154702223294 98.339830371402385 27.231293872894636 20.609302708730446 56.903518701741504 68.430735536194547
14.625462226354564 57.343682472040172 84.706720141596719 87.979884976599593 96.466070884665044 24.713715439768229 75.100941156684257 85.613882456162713 16.488188764244782 23.957271892516079
29.611405222722091 13.593888862605823 57.850117323315054 12.713862252406868 19.856469932372804 8.3675396859854807 13.296075742291842 14.498281397792894 85.694326828742433 40.140751265226136
11.42835814798433 64.618794997531495 72.32915575989739 42.448914956241488 3.8675114648848088 83.627225751883088 3.1595983024192069 77.556342146316709 76.586655047737395 51.589016941039702
65.536465721297688 17.077155278663746 54.508657858708681 41.394838342387828 31.68385829887913 6.573220637840091 87.462659871103114 93.947541366128192 42.459673498817629 65.583439008575397
13.673836275360085 74.966724257683424 45.752384927318978 69.568526025458894 50.221198564946604 5.7801320228637501 4.4092856933274716 38.929410336850168 21.315800089275786 24.553545883286453
17.377572631192525 36.966014901657481 57.910342935393174 77.246795882284815 27.658232459455341 79.642119988265009 46.364789129074573 95.966062935643777 81.671635467591031 19.912646976035102
19.410427434160837 21.318027990802456 31.589724707845928 29.573884938515704 71.438910037140928 10.374172067032593 27.26770538857728 51.021872813362016 16.072886641629246 76.07313794559461
18.616145506082717 39.299203913585679 31.959069749691842 73.122533434413285 4.000997150812057 86.148507234233975 61.01865437296933 1.0940087160278709 18.484947585574794 96.857354103790826
17.233409314420712 13.621129551755413 0.97544306380480106 55.9924043967616 37.079011699947635 56.616702698279617 66.008585989733561 36.225280554162076 1.5825012449047682 12.941237359499189
34.622329957520122 66.223043811148841 27.113536036903149 98.237603877405149 62.029282841390504 101.6997427061181 71.847494774201635 68.841463618607108 18.537366024514899 97.168411203448599
53.653594521351145 72.674114022528244 74.882611835412433 40.239227776462741 92.985589315408831 47.027769914516703 84.249132430292235 98.065590547308943 97.782704771644632 59.843570548837818
39.316912319065381 68.060513025443527 74.779048605000327 19.805438951919392 58.303260809179626 79.280399995557573 77.590711105508262 57.088976767344661 53.226567518466702 94.956837136684811
57.031464694391921 24.597680728457672 41.601373663258364 65.466464467919792 83.089677325159499 93.793538184173329 5.3068069099695183 60.117064494682879 24.632836603764247 7.5148039351466602
67.792075190663638 48.167871222790225 62.399149950873024 42.609878255032854 56.748786566790805 68.798661101731994 23.459730559809621 25.765640204254119 60.656163862865355 19.959584407461431
9.4259714685111415 14.294000658638721 98.834076578023485 80.715008509293696 53.104560414618163 2.0648461630674797 50.689525028820952 17.678705620739919 25.765742462187035 20.749795659072483
37.094136959701849 79.834926527831442 77.818331681883947 45.545203045018724 45.767593341665162 3.4720734424280062 75.741544684789091 42.849823357082087 68.122780619444455 66.246172966199154
68.974202682199873 67.145303305229504 56.046679775826412 41.811177128220493 62.295835217214382 82.815249086420593 15.789027008732223 97.578082994897372 48.634740092102113 36.577225826728615
91.215297079910869 70.338883959147822 99.471325928307238 92.595938962445402 30.741075421411367 18.111235569940551 88.73576885024967 35.705029073966358 13.725992854741284 51.499657831898404
37.998515565088752 7.3359062064959391 20.164061193242574 91.477091937608591 18.153379000989975 59.473856222761995 29.213072990790767 20.521718030818128 21.108521124482014 54.846847381165574
84.260357970240264 90.318738848935268 18.270945794128622 26.091664026024496 11.351793702263022 98.094206754942121 61.537032649602111 31.761387244380956 23.336553607155686 75.686722468353949
85.281938543586449 5.9792336164764519 43.455566118170097 69.622800422973754 29.866448368753506 92.013671273706379 76.70899145119904 72.804511647416177 33.070005687777822 77.79940850715073
12.49520251424115 61.229279533598557 9.5673111490071197 22.239272735349271 59.594577938444246 43.236215762621171 54.531270929518357 50.8163720104424 68.415732579463565 75.609275420422691
30.745382319767813 46.073444882182535 19.349572290677575 51.147512864630023 2.9499973778788648 26.199346245896269 72.438903828422696 48.580942440706835 30.931577901972908 12.6800030549624
32.199874568534625 78.782202105257639 9.1023170791354442 98.743455505549861 7.2678610002534976 81.584788910992884 60.193034374772125 70.184536678118647 93.495511394301204 26.801122871104795
23.186730650670896 91.93337093041589 68.912454157628162 20.701014523623535 43.938844265377369 68.649360786175308 101.371621828679 99.53717247765023 5.1174548730540099 81.602135196314123
49.012683534345982 16.938331190831782 69.871833943995071 54.011143014634435 69.780438341866414 31.806498465000555 81.181165246613318 6.067672174375617 66.809978790675146 94.550948874957186
77.777847609522269 41.07697369427104 31.340894608256427 39.112360723110399 38.261062691180527 31.227748194021402 9.6130863006613829 69.893236373113211 94.223845409178026 43.753169385862968
36.846664605899313 84.487997466559747 34.290851328875355 37.456599415009514 38.693019050650769 33.368348143776572 82.921076569097792 35.728049853965054 24.578110799440068 58.682879897283946
92.361256081842569 20.896525012035095 31.62145931287154 73.879642998621449 94.693050847861997 100.43588656362215 69.92853319565836 89.143352178174695 28.590115780634306 67.771223056361606
98.115851566142581 60.208042892905304 91.339327635083791 71.598257058132432 90.544839805062637 86.119504044554063 84.773237826322131 19.062256629644608 18.176373189923904 15.86881634279761
2.4536260444864584 30.942801360899999 26.079919905809355 34.611644297199007 94.623210824578663 97.619024727353434 69.240566344211075 18.061362034207036 49.12744255900683 4.833137154353099
40.274478405478632 69.735852990715998 44.03684337392351 90.695022660857475 85.601460877952178 46.428597481621601 21.751442943325706 5.9517084184537259 73.647540917738397 17.453550764850206
67.051488759351273 91.601099399913224 74.973132922440016 79.151970730429355 96.187965515850919 69.147904392051316 19.536754643763889 56.02928476294553 83.566419521328186 25.556663367907262
47.806712235359313 7.3830733065467662 6.0616845235658197 92.996212395959489 76.955657684512744 28.171427095248077 14.715507386817537 15.345366239792902 13.595876016725779 69.300933345081106
52.136608345226541 80.288782821967303 57.40764800343775 31.534245752097156 72.763310951296162 45.318341245609609 23.59507345145736 73.995474303828132 37.038551179928497 19.574121854058955
15.8059028125671 74.371850076472953 38.565301150183643 25.677178215270771 68.733204495431352 37.085341349900773 2.9359604072981949 44.712032914548196 43.331076662807014 25.018529573699983
34.784908506749929 59.260117439298469 45.521468424592548 58.273638294739989 76.874613532089427 32.186206153006466 94.637653021102039 93.585732778648605 34.384299563213183 65.189476437976552
17.430195917697297 15.993880757128338 38.663897102616488 24.05581051516933 52.919502876576857 100.19954705853121 31.262627692722454 4.1588854155865915 8.3528318294273323 34.216822042714526
72.866076115152708 81.410279507062228 96.451937685609863 98.740158484710534 92.667836708380676 72.145550922362546 50.594090035765745 97.543453460737751 61.269514659797849 37.295112952275055
31.051064045984578 85.833668247320986 28.025701031928151 47.503024434643159 67.92255598439435 19.311459070202233 52.940969246912786 7.0599387532192255 59.422538302190503 87.656969428104446
35.81826416116111 63.005756445382993 1.6170502091531485 6.4432000599788246 45.365591076313052 52.845318443089454 18.964116994410599 62.718000459055403 65.055088095313266 93.213351711726347
52.897836394313352 71.842584560352066 91.15918614171899 100.58895962286046 21.42310013475339 51.302647119386407 23.295304955146658 8.7315333057962938 70.425639560565088 24.239900785623924
82.343814170892131 65.985271583375223 4.8447278297754091 87.132115284889352 19.36107678276657 96.24178179130864 64.522109779951052 37.384821455224554 87.523207747318068 83.31524716848061
57.098655163709324 99.577497016044063 52.439457452998155 67.279267514726726 46.641239649930476 0.55185359605750217 0.53379826981303546 61.042802490673203 15.93430413709785 79.458155123090748
48.48346927137392 8.2401043097980242 51.692225245129059 15.808564307435102 20.760879523659174 25.425958606493932 86.81217751475198 31.475355587137333 99.108955009569684 41.039731355251334
10.361608504925863 14.784422586439222 11.83934789340085 99.717625905616387 34.675322311578419 13.366173704314221 31.195434362660993 26.535890664965155 14.920429139523954 44.176318278931888
34.173516493513922 25.748570732264419 92.568959486285422 88.202689746739694 67.186395406286877 2.5071205316161986 3.2583661005895217 15.891493329574756 97.094744690197743 44.415466839239748
91.857441541650431 74.093395514063758 67.89270478842802 25.662366223883563 25.659040332117737 26.540059437980151 55.295773515606385 76.667204858510104 88.3262939957784 48.359857964480476
47.25050296691667 101.50673463675933 96.073836419546112 31.59135634427707 12.047287351872098 4.6048355509178514 18.442451800696887 88.2204302935573 28.865013540954671 45.139178328183164
2.2335521211305185 3.1476615403669013 64.498971059698732 1.5279638634434001 91.990308554667521 77.790358907800609 13.280903323771815 83.1083445970892 95.095295970275032 49.264163058194811
5.6583179373970021 21.543665466357833 6.1170015098681434 45.435391484936119 16.111641612682469 68.373528234532358 30.027121647933456 18.708246256894231 5.4859230899240536 43.460812549497767
85.889844941167922 5.1839531961154224 74.731267700359822 37.034665915259474 69.43036599986732 57.357542611286974 92.783257275157197 32.925373339315932 77.121322267489063 14.291810065660213
90.852459899228521 83.602037478668905 98.30061878950157 91.525239872001606 52.286196823765025 100.69784862536871 26.335596964110128 91.780037615265286 42.136819257025849 92.121100276306166
80.335787747394008 4.587496872065012 10.779753638827245 17.492827840085404 79.561620397485328 100.40497704243062 5.7172314203794654 99.642301412340572 64.993377510155725 2.0592305175193872
77.491170607587335 36.172804843112743 77.957629131420163 4.2166173049122886 42.543735496269996 28.149009725258399 100.29638969701934 56.824190294803834 31.176076043493524 42.075379739642358
42.266568522158103 53.277308249182909 69.120301986616283 47.904237131118926 83.067093738994444 53.531054607876499 30.23476371294197 41.542882570641389 89.641508476942974 86.845920745532482
67.204429425757226 49.36927621602144 51.472419415363582 21.848652122248041 5.7113522273065893 31.565300633994443 79.085896328021477 66.94741608952647 51.98660186798287 79.280472518021583
