82.075928921319459 78.275628876811354 2.6429868451695668 38.768212387136415 67.230785231660505 98.411022948658328 30.316567691041254 60.787523062002329 63.416409073148984 21.466331837302935 53.239803271329201 34.385498188711125 54.711534146010059 42.54978077839187 92.300416687346157 34.925614213682188 61.365852468459472 74.375057623510827 99.335268252631934 24.028303158595662 81.124976502347351 34.068142001812738 26.298993301115889 41.130061460399524 6.7693755490311762 9.6680633824093061 19.258774882756189 13.029724339138044 52.822265078733857 41.444769807466571
98.656788291820533 69.331170933649673 5.4124610203165977 94.024111058374999 8.5572288155734419 76.373463995749631 37.052524345742043 14.452605024172575 87.52863882201008 38.526001763697636 56.046447469298286 50.145117603743799 20.228454329076158 32.759780462578419 11.200772177450284 39.945365854044589 14.902256891701452 58.658022361226401 61.702977783427158 16.076689997555658 71.792988739691921 98.235267025358837 14.556749661756582 80.304556065185182 77.265319282465384 71.340703719553758 96.728507084785051 21.302809430026961 29.766044829461059 22.995314131365692
23.785946728147355 75.865402473055482 26.38631624805425 33.916829110705194 74.999095382830603 78.328257452109895 101.57473560758517 32.465607323323859 10.370144668458941 87.474833142722218 41.88462957286557 75.81284958413994 24.93864730295714 80.741750147369473 18.380924475184269 23.63935039536581 41.32045831478478 19.431100330693511 34.63318285538044 60.654587044482888 79.554707361378945 73.494393422480485 60.967849931945949 77.779460776841802 93.708191832591837 42.684305784578612 61.500722196577449 95.904162162303649 77.176680279938651 47.816022164185405
92.145710969660271 16.071119705428398 93.130601806957856 91.05823911492881 89.713719457636742 53.909920561068908 74.865181266544752 43.107490515642766 45.23568669455905 99.119109217776767 61.472860430163465 53.376767396466036 96.290096200847358 70.43590973959526 52.582080765302315 93.071663415619554 54.11236157229775 73.676363014279957 16.622030892401334 65.405080659606554 50.532844661073291 82.255256934624711 55.827256442318465 3.4656076893271393 51.430807859118879 71.003772724322772 79.550802875472144 59.175921886289366 50.692468029191026 47.635031629442842
52.840690016956373 73.506076011198459 76.363471989029307 47.603583023351959 51.744783831417372 93.990828614026157 100.19867468689792 41.364100893696452 94.434852347099437 94.545151407383912 80.593001080698414 16.723957869705639 89.570411872864781 5.251327154664895 61.148411700401958 65.86066760465809 26.778751127566913 24.247269150035791 7.3072828651250559 33.938495954422947 44.124927712021119 43.337519390404445 92.810261046369106 23.962535262601385 2.5283542653030393 10.160758203778064 16.252684839709843 15.722130700498761 26.928371980960744 39.168816252219798
76.34955196223062 63.939119715850964 7.0272068720846415 28.0287146364191 86.765398072088828 65.4000768511861 73.779533930699017 75.11008124134402 97.275973321013225 75.467538233106595 89.771532140606439 4.5596564297129163 32.799010684695226 75.515642264215771 58.332538462857435 47.245372239842546 48.173116532879895 82.078785675957931 74.842911562130197 44.049555722805373 33.922681631215241 88.017477137494367 32.793310558010091 8.3130539310252942 17.738196388201057 10.612987110240013 44.03067016444367 84.438065572679676 65.232584417017392 85.530310666172539
83.42129466712872 55.349163951056951 17.757064298137728 55.586329732858026 5.472717203667762 52.618171702736291 12.992866407317198 68.636466732435025 16.428469313220393 72.365227025240074 41.057495866028852 61.825416559728716 99.870785884251333 16.527030866263946 12.897898918183486 10.852665144448249 5.1905317910545641 60.912038687277864 43.305987826773503 84.934755920545129 16.635632673516731 95.916774511449518 49.335753316794779 27.509299192499057 29.191819258134064 39.267217457508046 20.510806347654967 41.109895763493526 46.244211488843632 72.764764820285023
28.737745584203385 78.170135340914825 20.279019390688209 4.9501405123386863 94.87683579306001 56.989741400602647 56.365413784351098 74.814698279860337 20.308658990600858 28.36343788627617 93.353777637174574 86.429209129861363 24.615517744336099 50.609867096878872 58.147893640406984 37.533761297902736 94.14161341051738 57.775257454918766 16.795475044104638 43.095375099653694 79.567028499745803 8.368491065799482 20.688979678640695 93.788121855078131 82.169939201559785 35.532940610985314 63.071055552872608 53.233743340581178 59.495183699517789 51.138927497494528
29.903714681350294 2.7632754817844241 55.605956081852618 97.99565152129135 47.257044657021858 89.84291582696801 27.202033340463082 17.143481137486887 54.787859046748054 39.535326069833609 32.643091818744196 97.607723752807757 17.47710972049569 30.897897856861938 83.084414569168544 98.623040576939118 68.098236473669957 93.28831769897559 34.698169172653017 15.740827900211256 93.220214091016373 6.0021409633588636 93.978889353715147 20.69772643696621 97.36643409932752 29.952368368949436 60.726245726910513 20.495489907961893 7.1377183735066927 44.318303646509392
69.127303091206784 97.745359047392071 65.901262615264471 96.800407499884514 33.897346645529836 66.143481132851136 60.115647468629263 93.041340008500555 76.700035695769159 46.716981256154448 77.424165680755422 1.8929183473804427 33.567399479987571 73.461208980403455 21.342982854408113 82.49823627379422 8.8716185521710713 77.594442093624124 73.824977727318725 102.02384322191642 69.410763632605466 88.200088538863071 13.167934301564721 1.5913545138481413 12.784733584105792 42.280605428856582 42.721050704168171 4.6655865044577141 5.7145356910757439 78.943176119938499
88.09606550970382 93.445408729124239 101.71287658407648 63.92174201301092 17.989733927391683 31.903995149901892 22.996304117487231 43.93651153757974 33.991415051660397 53.358913376031921 89.710248895199143 61.178624076414351 82.354653626018489 33.893991945133259 34.162454307443546 22.764601324957873 56.876369083243425 47.392386277329301 65.386783613066697 5.1402343535134696 23.417922295563656 85.544023979667998 68.947624569730451 95.873205459081177 81.249621797322533 88.940675384087726 19.560864612359069 76.394429081927328 89.515520506926677 49.384073762188194
27.327079994115699 58.133304327869318 63.860261405125506 8.5333818504740577 89.883217878553779 43.728202176469857 33.815077539313435 84.642146786661883 67.005885555675192 64.236287235946065 65.12530468847811 8.9844780918481639 27.547737809472103 59.677969995437962 43.656291467263088 18.477252352020301 40.08335353497646 36.400998137007946 63.714597442920272 2.3440844529644314 60.624950168942348 20.117917573379358 59.194493326472355 49.289056560130803 77.165426968798897 29.98198276754551 70.753395467950241 69.995014874402784 57.314568287624056 84.120172113940455
76.612771325499125 70.642934205911374 93.061356062556158 53.460392358289759 85.301438497302158 67.037275889231637 69.611970736214801 35.344241099756772 25.853635581135499 43.45956209712098 56.784083072241224 42.027268941198017 3.7186087668019079 67.312883691820204 83.55839832021789 71.386963055855901 60.103755376183457 58.17862861288782 72.640871810594476 70.251661416996214 13.364715227998133 74.563687394585173 77.468942835020712 29.375110363215896 51.36019415906388 1.8278411576065998 53.112526394497017 86.818045687501112 62.666157624217199 75.048527721934931
40.497387290458072 58.328830079822858 72.320416418948568 98.609766297784276 0.84853208390027091 89.473584633284375 3.2521089281306077 94.989693460464039 46.924366169628925 62.38535392082418 94.867709929387019 98.141684063833594 92.931855838960985 63.200876674385619 13.832547768901533 64.81826317590118 19.47919045833509 9.2005761741903935 74.134603424928287 65.538487651690502 57.087744487370607 86.245304180363675 7.4086517383853234 84.358477807165997 47.930621434038549 22.303142750170409 4.4296932383179488 35.366359603843286 95.329002572881222 67.555203401490346
46.060065604723057 9.5935560277858691 23.397289099618654 101.11212719512721 12.865969591533636 27.277244473914894 47.128904851322474 47.227289984245516 13.71642708482857 33.667770186843342 2.5558308608976676 79.107105036670333 69.392106073509609 17.060777701571446 21.11424790487342 3.8194754903314361 43.194136408946541 21.325462687238129 82.594580904856002 45.391455924416761 85.493650290972184 32.872146888920078 7.1050753064807655 50.912022974202849 3.6236657184437675 65.285107160682713 47.740419470008753 16.826462365582628 48.873310827110025 62.42845927146729
4.477973283372723 36.758730989098694 94.744589566989276 50.127258176455989 81.388994824270242 73.011383750949193 13.498388925980937 25.584553107097616 47.622624725009267 62.062896138579774 22.811512353685263 59.141363880430617 31.230706706540971 89.129570683602793 44.790388103539641 49.978174900853041 86.977816429841596 74.612339670975572 64.515946599973702 4.9869973622706931 23.553742191043909 64.881750619043601 59.469985974899053 78.019439511479206 64.967131562381411 20.391463114378833 38.842924712363775 93.271643364636518 55.704929881924627 38.304624923019624
68.36734970804531 83.213679962205788 67.827402594257293 45.99469907929921 35.045703844189248 21.568236274424258 19.003370215666891 18.037676752409162 77.465696439259403 67.262052513864987 101.72606278376779 94.529860998409546 2.7933740726407326 54.509012803060756 5.5562054103928267 8.1013658967741176 24.869173884109024 5.8275833267452102 75.500947112124862 85.406665755588207 18.380781794114284 26.583289286517562 43.053871041847543 43.602237685548829 48.813381029046354 60.697229777186649 8.3878220804384096 67.961865907239158 43.887867907955652 61.56739635711935
15.348494132899097 46.266949606578351 18.323913851899114 96.715006069034501 5.7975780571631148 98.376110908272182 68.373663359774099 8.9530159039089181 78.298885232935433 30.086745306959312 47.156036480309126 9.1819103260183237 40.530532765447148 9.5318601404375372 93.89519730451677 59.583183115350984 6.3276310168907104 52.840759712511321 100.30169504514838 91.363722881459893 61.778857930165181 12.96477526700237 95.979992066454642 81.035781070951231 31.818418012292472 59.32780518279705 46.419208387753756 16.314823853885255 73.809872467974813 92.812040333591611
73.259456800780399 56.129892020770242 100.60828825538873 23.04721704178721 27.115476744909191 48.406365915650149 64.716063512117458 31.591753889297316 91.026318889100793 80.470179150457611 43.393146469643931 73.892855508935455 48.555444207392298 56.79030864213621 69.76298173362008 78.74075674457653 100.15885143248424 14.618543589752607 61.204606482623007 40.752468798417553 23.634150180388531 47.476833734160955 23.975974886165393 36.886237325146205 66.222822501108595 78.901332558995506 85.533918760680109 78.302713123046317 60.812868787049545 38.400112214784961
84.393627228646665 23.978793469311238 36.317103728197964 59.161332121989169 101.30053400857892 53.753809894968533 74.74402287330993 101.67470525151555 51.330114158057832 96.145556656590642 37.346981477225484 78.611059283342044 91.182415432048458 79.175182400376229 96.89195298003807 89.508686593338737 51.454950218255995 58.750333318207467 33.232327735720759 44.829333334048272 67.911101449455799 40.581388534513664 84.23444861898291 91.952482640164121 62.183276206724955 83.275884593110376 94.790277065717717 35.528902770039437 82.429350168655773 22.552825938933886
66.905718429754401 69.029565006901279 63.441935791771137 13.955307498616321 18.718546055821225 72.893107271632985 2.3938606583921072 62.701311567747574 58.000364048048645 15.917049213447486 6.2509059563824581 78.844171866625473 46.247249931867579 75.833419997600728 12.182893155288983 16.942073019022615 38.026382970907491 41.640073150176768 42.923135794296918 11.528222290664045 30.297946606703899 65.107011807035406 4.3236677841634696 41.261085655499755 47.447084504162341 35.749987342761614 90.944539680701595 11.955827790463369 94.55600610046065 47.647775198416383
95.623672798406147 66.32430470631887 90.161262879344392 4.7723317430086842 27.464601174667131 75.268553854169866 82.871597110586265 2.4250656589939026 66.615529875048551 84.681076361524759 13.662213432006419 8.231091553138727 48.674155859902278 83.642676593724048 55.287970430162439 49.780728492443799 83.345789498202635 49.937385029551209 81.842720363902174 99.693202420113622 34.434426597686688 29.940644630340795 96.620266983605475 4.2412440182817752 94.833370859177251 26.103311908615705 9.7616585507540101 63.516320360985453 66.887047590371481 38.983055241376405
78.739195306924287 56.327997877672253 51.109375687619909 43.909030977400086 46.680510549352888 15.590020165630524 99.621361488870619 5.960450016469836 62.116591647716241 38.817025562400069 25.693027368772881 40.397319666518804 4.2168227002027781 81.497341855043629 96.508330367055422 97.01968801314743 76.020520171559866 37.669836720660314 74.266273040206343 5.3756185206312317 29.841724316641244 11.651534118533458 78.186828986241991 90.453378622701024 91.251498597877926 42.531999516550357 48.127593382633641 9.3972413541054891 73.02483666489303 74.823969862535179
72.395039044416023 78.962713857955279 63.208879225960914 66.796669570594503 6.4475573615988813 54.709421783313388 51.678332337213071 61.884674268325455 15.559707690823103 56.678811688687503 76.805445299333527 40.320180489678087 42.398272196749367 3.2165506555515733 14.214551759643856 16.199101880556785 37.748868016940968 9.086602405321301 41.427490998973269 88.420857989832101 56.689201692016596 43.718119675856883 57.517991651297208 73.156119387557609 15.764599799889822 20.564127147742376 6.7934282548928078 34.476764880616209 37.684676951557691 94.459237075161028
19.602123275585456 80.290589544411773 17.600499086007236 35.007536837124867 13.850642907912652 27.407178146873342 22.311606615441764 21.821548271715052 70.084774641089538 77.157161373384469 72.093288070156305 76.425643110677385 65.958620299858651 79.041936393081897 83.851151746880618 5.4749575160834896 72.534477312914007 33.405333978739094 5.7794235917034209 93.543536475371084 91.262961265924403 69.152954138771946 59.78815336164125 79.873154265173795 53.835540141203211 95.67015891687862 62.687612784759416 46.003009497361624 31.26965512128444 60.651421278736123
3.3938697786388907 7.3258895090277063 91.651959820319249 25.394044171470988 14.993956053271113 3.7469427943383589 85.89999826058029 17.89315737384624 38.575721753039829 11.371364323071072 45.343646150923462 87.742925225461363 75.774848772099347 100.35380077089445 49.711108236236228 81.432803749902263 6.3701112548193075 80.071527998913879 59.427562580656733 21.937457318164185 70.881361019197456 55.782202562899407 11.959529637182982 5.2847509952154832 6.4547338353700168 78.766679322566432 42.564132777403138 77.161270645729559 77.393283472129639 54.238871253499866
6.0530199225782555 16.27192977582105 29.163319655606578 58.382439577483957 25.054491788727915 68.863400145671719 41.405404871693506 15.073301973327183 22.878197965425816 1.5493963959658388 9.4286616760235216 59.137468880948397 0.85500979350685258 69.935795875483876 50.731692500413715 54.468115341783843 63.217605425391852 50.661291381854014 35.208236426176938 28.993224194937717 46.780535536301109 87.641181824877819 61.761800228904491 38.975760711092533 19.464230934572758 29.317203370598417 43.10494304017633 12.925542623757455 88.762707817784204 52.444630020717106
59.001829915256778 82.130875528611568 96.476041561303759 16.443533462491789 79.219563898462809 20.814107067605413 38.128269185138308 77.96283928395205 15.908798624489416 17.130708152498006 55.509577603126878 74.145959772327259 77.614535237525942 50.014212915644777 14.418765161539348 89.627759837154244 35.490453853553468 53.174839054947007 78.836564751804403 99.486061450643234 60.273372985215588 2.933061441314925 81.938522620512487 15.309563220952366 26.767317563992318 42.612680041881731 42.777879057120373 50.758341488237328 43.161932448953685 45.236501283626481
72.395576536684956 71.624241543445649 36.315742876668253 59.05610961123665 24.128201807193527 4.1472792148013715 39.985027823142602 84.963383026252529 20.514597272849954 90.98913378284702 24.007045726677386 47.084165634563341 62.848905907513604 67.194466070602914 65.730845275400867 33.972129952570803 45.632104497739405 37.447866313126625 22.639662311983887 9.9996348845927336 91.157802652220767 51.900222404548522 31.79001313642296 16.30479048951533 80.945768773743367 40.34282877131588 15.426481876750771 90.121691225047698 76.523110812538278 96.925086051068078
51.144360753414119 89.582183036884885 93.748782954515306 7.3294102663776899 16.46950253852636 13.907275322705022 34.485930345041709 97.41194508798749 7.4776600479098736 17.137680880458028 64.424190534986536 9.6373886138796259 30.103652822974986 92.764567718625386 94.570031880086233 36.161984269691665 69.26743693189762 18.2752406565094 25.208777193284746 34.228662283858903 33.969778790905352 51.985559346940413 38.057480289979736 41.1086383692789 7.5692438769491464 88.318788720031378 35.792731739034807 64.118954654181138 18.481817615184397 55.158999705775983
51.829218951237003 53.08103097630611 27.088264537928151 76.109134111481936 51.225611798592475 61.414005036946641 10.609720226510625 56.375661696660231 3.4044657448936819 97.138087950322031 57.539450647762401 45.934729758682884 59.000518625411175 71.675502948017467 85.403489477773519 13.922050120477891 8.252486095805331 8.109874173342897 42.073446626262403 39.685952235914684 92.359917058744543 39.277348469650583 79.76694416202082 25.298021794365241 54.989484131159671 26.742534109706284 30.401428462580874 9.797702981620743 12.801938073369696 20.551373556429375
7.2809124056048482 75.783088019250897 73.304063501470608 52.501324697014674 23.000252457373318 65.163564888163236 52.708163236520249 58.693306784937874 13.062799787414153 24.690379084733902 64.37876436932892 94.463715666325612 34.473383294874495 15.82944523992804 11.544419368404652 77.677836974953237 75.610951655146565 26.503854369394556 46.077092338708106 43.499603682317975 90.029730993384717 29.47318932081787 70.917654119676229 41.416608489816916 15.868029858452543 29.693731617831421 91.529260017557817 79.795264435026652 18.310696772289202 11.328214110214171
91.825253918183549 0.75618515231920791 55.440149594756207 68.229263033454075 37.272682654330204 23.969941261016331 60.209214404968556 23.367084405400458 90.271733783073827 10.652182448518168 8.7556476622681245 100.32997511105711 14.827540472619578 94.940574286074721 84.038033859020061 68.733267997277039 84.417487277991015 54.904148128547874 56.078320132487484 9.3383040133023716 84.171789657478669 39.517182756934872 72.612498461547943 33.778062467245455 89.592625453998309 20.573175358205553 87.345984545897977 48.025291022821264 87.374477420451896 48.39125772389535
84.094677102209147 101.85275746572601 12.413443973477632 32.620539211243219 13.269044067109318 98.815266388019523 50.14973225698477 64.740361765178505 9.3917811257648065 26.302652061337461 43.73734018976721 90.932032944170388 100.3783444060129 94.85920419068141 22.596582623976033 32.609861491985789 36.429073600960223 15.514680279740306 48.083833271266656 92.079014795190005 22.493565321436588 38.05196067359401 29.945823611475987 32.934257094739181 89.066175174737339 24.665858644099469 6.7304711233540147 99.638498008030126 31.494473566470464 96.486055178953336
73.242876386446667 46.556549026550044 57.729907001865975 21.959922665453362 43.174369874081286 23.353493098544238 80.218592823079518 8.9461485616939793 53.083880103291378 33.601850147142251 14.312004191592854 49.186273769813702 76.044220302505778 53.950752960858686 71.435871429034208 81.568703959019032 30.315186182316705 39.248536101221113 5.6284785508849051 48.745050608967361 35.686917367399005 3.8513693066984271 61.036745837916762 72.160147265859095 69.536434443697516 98.126028530889599 15.952868367004356 75.531484665463793 97.119936937557881 30.845814778255757
72.81965795234342 8.9735375530939425 74.56477004406598 99.978931074214785 59.351742799723461 1.4388997419106837 60.487021047878493 86.932426326394534 76.001549345025708 58.840198893576421 26.635934159677067 24.684999380734407 70.047212954940278 64.929926207298735 57.721337083665574 32.077209913208158 77.665328029806645 48.866453731132275 14.039524824151171 49.783745471737866 66.150076067957229 88.291077123438129 52.580683478473496 9.4479207959112994 25.421715117727963 72.069074073078369 99.801964485569655 90.621446823837573 13.889933659098533 46.284521417370669
56.046845118782699 40.726288975819358 16.156936604487278 46.927867647356244 100.56027560914251 84.546045401375935 85.255966428817075 38.424846857884795 80.420782916563525 31.66407822616943 43.61007005893142 44.581129660187287 39.801484617850022 10.109799330863368 22.233137707353194 89.359385319520342 86.677802760549866 49.309091661168068 4.8432811536977294 68.431103342059899 31.925784640509299 62.720271853290591 20.274182407579392 67.390197731488044 54.28786223616104 82.761929048469852 18.622258008186911 82.174417813828825 2.62277871796665 32.82355476366434
7.8988084926143038 26.757341167405055 11.247615607910241 24.327311263159331 68.626903315219081 66.363243645558327 37.169635826636927 91.606861861002884 75.110891975141797 52.797664659949035 47.459115610634761 74.41449470595559 98.498741929452322 64.10080511970925 8.3998648409378056 18.157277939351129 74.393499283596626 51.741670103998928 67.893558358982759 73.373320141606115 51.484382422587956 46.992257541897779 62.313844952589399 76.69966685604949 30.611395213146043 101.05140511909241 3.5987373712356239 54.206602078122593 88.719844485465444 23.571345849181011
95.014769365283158 51.710312674703644 39.451845764997401 94.268418264682893 99.705399754728887 93.404901272424965 74.999951483554625 19.160740374474614 36.673677876307458 9.7970945057297829 13.949251813230159 66.265312755106109 65.749615096609446 32.47547763990967 38.119939358774133 41.064459401766669 64.268194138002528 88.367803132679015 98.762338170164639 48.065527372183453 44.843171007913242 93.823282627876736 2.9502080800873078 33.386835169186476 9.5137943986086331 24.635498172326955 68.772223276726564 18.852134229698336 78.943529365926096 78.343960457777314
59.048354984559644 81.692479576227484 8.8487534651335888 92.22423543706897 13.264071263751241 64.207091988269596 87.110103709679706 27.121345284490122 58.693199957787812 47.570465751944617 45.335126625728833 62.921515680905983 99.028130252897284 34.206602466952035 63.274948287011156 40.358033920193968 13.361432817971236 4.1863051978108352 4.5591076649202513 16.96598684581312 58.643058671506282 25.233573641732228 69.420806017368491 24.479220536617525 88.56820443859624 50.171504570818378 82.975222193846363 58.158923930049397 25.868906775820076 99.689158601714311
64.475272920015712 22.390285627980671 20.233069726671864 71.905518597334009 14.933884900758459 69.099492383273059 1.1571055442665057 60.169680228108504 80.96077392322978 43.414985552925508 65.315267596745329 71.813155017757978 74.35437107776167 12.699584823532767 82.202924673200513 78.346443955297417 69.432875922788512 36.862934898163644 85.732409317452735 50.306712083580749 64.307732957057041 85.816577488527074 60.34934862920084 49.335160468742153 66.342990958368134 85.087919527394121 71.251615982140336 84.713567004824611 72.924448209527299 63.469100926885126
47.700059688840966 25.036001795959933 12.325007922595937 4.5358249832706639 49.99128754895095 26.426701447520976 19.295818660919021 26.839568942257738 51.751185260915655 10.080011081103017 68.117581432548334 88.976768066976291 38.083076810847913 45.352157981507133 33.454817501956832 36.289182625782544 41.043581789899299 16.424527445865948 55.788578340286399 15.350236194125356 66.761948820448424 92.500315684209852 35.765166874706047 62.93173656295869 99.219995486506974 65.615641327116307 34.035470636915349 92.155647168125171 41.185798562865237 46.445523268939958
95.854981499427566 87.585622416893756 30.077322273279606 4.5767977316216992 91.526918251327814 83.685897150674435 7.8041572582529897 43.570672953491467 77.108887977474467 14.272396926749144 59.164171198473127 65.615690629055607 37.406461597703142 14.468648993671266 62.465403828272322 62.918647886358372 49.532106601724813 7.3626718859435698 89.648946006274599 62.235973397615588 44.055339733408466 34.416440836534683 3.8459638193344206 90.7618213854212 37.441243664111965 68.526088523381205 33.815030753143787 72.166956366348032 73.882478487091078 2.3720262398383714
65.855088567970228 22.657684432283979 21.006831492354223 6.746893577575098 66.828358822353593 94.763758115261396 56.72099907479771 11.417502808007225 44.557532014843822 33.936259852098864 7.607816408410196 82.955986065070846 23.706701811838158 36.882886146395244 10.193325912694975 41.208911952608972 90.529252419618814 91.855529478055487 14.154950812426648 56.483190529914296 8.2591868445044714 13.341731844305334 44.274963738597236 28.933923052295839 88.663140117642698 20.882205168938089 48.46648806218996 7.2704149650365864 97.596886466146998 38.481402907181007
100.19904453798046 28.399735346767709 21.265639911158164 9.9601691924617466 58.519574872950614 25.499516150429248 27.073556285372245 49.720910708703833 95.501020772942738 67.874275199271366 8.6292168577689878 85.251574967884252 60.154034233518054 63.293129184096919 10.317249536387074 66.213385330111095 47.486996876646998 85.96291165513243 47.115107260024324 38.194983655990328 63.661764599850024 47.450465301689839 37.522777094118545 74.372386487197488 74.87756636745813 50.218546281428779 30.049080771887795 76.339821309848659 34.978520945999279 73.619169430831874
60.336779034154709 15.263057161906543 10.685392892832255 68.424486533204913 20.946456886908209 52.496525312033427 93.408300127228983 65.677926924806016 10.532983907237496 58.247928420469513 5.9537283771049792 97.206141745389544 97.630241215752775 82.980191117859277 9.425614518556042 1.7183912024893639 15.176424599966731 24.573200694561095 68.522046604340787 1.0305640901605617 14.244316052617487 4.0204754284577211 2.7511530711142429 56.818804314035368 92.381379888099303 92.687063017357332 6.8921834459358235 39.144684468374209 61.532530097538348 10.648468526651209
86.507158490542238 82.431892927221895 5.6713340864431867 68.323027487569561 35.022927660479581 37.075504233280654 28.978507787388079 44.707798104657961 44.690361432278316 16.135060476084195 49.995534936758588 91.161947749282533 56.141021160186554 22.731111366306191 15.425284334192106 10.642914449677086 70.95572375720657 13.137132093685073 59.415066313313119 36.512643267396079 37.97129121406207 27.338968655137798 33.385052196997549 75.131001867548562 27.314919666268729 27.400961151938731 49.683599059551611 46.283259774340706 18.524890477456974 85.330569610672256
56.773031192099246 79.558167331475445 47.003683018649674 39.99840306099393 69.000720579848078 87.68054109226 95.837300044492181 97.898293565660566 70.138676609711553 2.8690557519123021 45.47916808637644 86.708959193181954 29.157881377738466 22.553818627023571 34.397970955589763 66.821555876263091 80.869582100062999 77.175941724009277 32.617575333220849 54.167473609414735 23.330667947356073 13.576211852118924 82.980948408743444 14.422846441817313 42.571547622145218 65.353297259761263 74.222580342320782 38.26343345440246 22.424835921762334 61.571200393914395
49.578764049993538 34.386916422288991 92.373460614774515 93.612889370253086 27.311306578984876 18.423404220201224 82.072217434642823 64.498199840423553 25.984768495456116 5.6454649299514266 74.45773193977567 23.823303163606209 81.301685115848741 45.493924776015504 75.156868010801119 21.073656460890824 4.2247279196216692 45.285244865714247 67.517131907334331 16.769286865889253 67.728195210096857 38.165974279861487 69.625544404650796 31.09948308230264 58.060192614674875 71.512884118594428 3.7176671363241409 39.252730041976179 61.077435551762925 2.9569368842799397
44.983156026187942 19.524710537083283 97.646183039576698 58.569248570776701 74.016544431576193 4.1057958216067627 15.951158585659387 42.002514245511954 12.857153916288446 8.9304008699325301 25.112025425052952 41.961085100613559 86.353645780589218 45.768834116774578 51.387070397811399 34.763211419540468 92.697985204292294 5.8256057802166232 89.587589038172027 28.805075178685243 75.863407107946827 34.310735103900811 63.500980884861669 5.3563213132621952 72.917556256270998 102.42911402531499 51.403355069045467 76.301822436744047 39.746252344196478 79.925175465973979
92.133767812440681 66.256756818839122 20.482214408837688 39.917700770831637 91.443646558258735 54.019749674179721 11.490131683824591 99.217527876905436 49.006358095040902 30.482587660404306 85.499417349808496 46.443815523203369 73.10799350518819 94.74639177731332 71.721396149730126 29.183426303554349 66.725738561472397 10.117532594455735 45.297362808568387 56.728211796153865 54.050731945999203 88.937731247000443 100.45068950202895 16.843502187550399 42.041813129914495 68.222298455041496 63.486585711130189 11.778761283333088 71.021372930643892 67.965460655860795
29.263035541518512 43.653808037666266 27.314260665241896 78.338694528114104 60.416204096457705 93.997376332080947 25.866660247047044 15.946904248519839 73.986429931243848 22.917068945804949 99.099299230017763 86.076664836342587 22.055798171556869 56.422812692472164 86.097537457538948 97.360070131531998 51.627550914437407 97.062418758390194 60.182891562343485 9.5537373826768821 53.980588353144121 85.706004520781349 70.709991039798325 63.663120423996375 79.728301948602734 57.896861410396909 64.962390321959177 50.491368958011186 42.214265985906579 58.347331845996614
7.7197892903884719 79.251868168762627 16.121881572946542 66.050387775177114 37.421066294356919 67.190985675872398 8.3983381334463907 17.267227795498101 35.970766674403258 28.440750372990081 3.8851019241307987 97.422014876352776 101.11542321196949 43.582608887697035 36.859814978613699 80.481736677117325 84.225954423737448 59.371112044142535 51.106260931770272 85.421645705914429 67.091531449482119 81.610833835946437 75.757097894760236 28.131031191344441 91.088800347835956 46.874105847543014 8.1512632474595055 35.903315153467865 40.471382095811173 88.895166742091405
73.907308772489031 40.030941028326176 98.787510023536129 22.926156471495272 28.041826916491221 14.235971323355525 74.120594006946547 59.052355635262245 89.847445938330637 49.767388403181869 66.82103672051376 49.823516699255059 28.835037030971936 22.209472954018228 15.882234010620145 46.063880782067329 44.811588415275807 64.074730587460976 87.437549169880526 83.424991917435818 54.095283448109022 69.446529863485026 68.2543228908863 49.553275579926456 88.739825408373605 7.8551825470319177 30.734657139425796 97.339887175111798 81.313526899966277 29.092169574416747
27.394022854161406 34.409029571528016 51.71549412555774 23.234170808677671 88.18047526697282 12.372819143209789 39.631004436962264 30.92308203436318 79.660451544487529 76.755127321179629 77.832310228686637 7.8616029367610301 10.38072418023709 67.736625130666795 84.756094841739724 13.393606904496844 79.721775432093551 67.294702895719851 99.697163922647107 97.231434708912076 17.260165544063828 7.6663256025432878 84.414095934131069 22.53904373049636 77.830563066995424 36.863249167500435 12.573457733720497 12.125340888876117 42.251442506717588 37.665506999086105
4.7116020326660912 91.267129601502006 69.359569634616108 32.997938750923261 95.686834180794904 93.804625111961258 88.935072750642476 98.614660398084609 53.065991816441695 27.64992254806646 33.351055451163965 102.27809071172344 71.609413611322225 14.585311391751718 88.043859107577575 9.5901336436973992 94.846574136323284 13.779706716190235 41.179261853970843 99.384259641023149 42.943241120684945 22.475918740003909 61.831712467411073 48.114863474742698 59.94810301818346 47.356965266647897 100.94563351962343 83.948463204402884 27.250647407212526 70.924588489847935
54.898370213476724 65.978018731129779 11.104624271108454 79.570379425635082 70.527521951218787 74.703046691529835 28.81402950074817 82.360789602137388 19.324904108008752 86.220869236753913 81.456143567831361 26.219784751726799 38.905660961830648 59.559284876346474 46.045618004538639 89.448119973945424 29.073052754208007 66.907445887942998 6.9525690392230191 63.405331034903369 64.922194015577304 64.018505777744949 5.9055941357918709 7.075437159623168 27.471772203039293 7.5286995300701243 95.345516063333321 71.220299616922233 65.743257344642032 58.419482777072751
23.719255717332064 55.603089638972456 57.926523282756108 35.238466165539606 37.118266586118189 83.384242778046172 32.489640281951658 100.17122505256965 74.424611100489145 64.402599332732379 18.411310703808176 5.2943567893611645 82.197542539984795 59.757815277133595 3.9061698764496078 72.50241516028197 46.967538377714128 86.865576945447728 62.748335270507113 15.5044245625107 2.1509861744706966 33.554478064736578 62.701675309107877 30.832606942279121 89.524603233525326 26.483049921505636 57.678761638259246 53.272648646583924 62.900302686670599 68.892761774453177
77.948812136866465 54.378679327288289 0.33320282556893982 4.2162751809560506 98.500355537673883 13.739647935871309 15.252934291951696 61.744594112279408 77.227155432041712 98.285693308651645 91.331652681369491 35.054332929865225 10.61474062576926 87.054915218097662 73.111988704669741 15.850340929578342 100.34141807138751 40.026455994117676 95.68215258752744 99.082543490952091 60.272656269106676 8.1108005638661123 67.211064653874118 54.996579641872302 43.233377338113606 13.42481826145508 96.990442022010498 29.75769600053421 30.373196959150654 6.977590964099071
10.891391301708298 24.255925256942081 38.970068073660443 82.912331791714777 4.2001336082185192 32.944956634898645 33.622389685938984 63.259583469698775 50.050692860676804 77.781319661739161 39.207326424278357 36.873603397315115 40.56507844906605 56.821173239469708 14.459887419619683 88.951973514841711 96.797181833534651 27.864867508710695 72.812053047874215 49.014723306807994 97.376985495212736 15.390188202150556 69.817164440604188 56.123351190160989 95.794269084347647 11.415225503279469 84.326833230006329 35.288621854755263 32.256322430123014 26.195137918760256
82.71394932965589 22.841003439757316 29.465178875461461 77.856414459070265 28.632743734691058 2.1825882054243135 1.8232044888460843 6.8688413832485757 83.087481345159929 22.228197887630579 70.733347376384117 76.734010302912722 66.501514000628077 26.850592027318129 54.168386887070795 29.674580732958468 70.214161587769738 47.301421835452871 98.185657316388216 20.374509808223198 74.316491880141101 14.102539730181968 33.417396266289799 69.395890542705359 91.569666656830847 99.666316150504983 17.155921941267998 39.243518922833388 74.966039338491967 9.0917883812847364
42.601788276320228 94.531833931449142 69.243062058925275 61.813496074560277 37.559297454792173 46.822313539121879 49.247671802025472 52.182262642002655 95.030377888339899 44.607974269436646 6.9627152353586501 42.635746734165657 57.869702982682021 78.830465232840083 60.809835998884992 84.902888970970338 12.76243978660413 63.685749551286243 59.473436142647046 54.595902560223337 89.984974837583025 47.637013780253355 77.642802400401649 16.814619246421412 97.198220283453423 53.229542045164195 34.758842925204902 18.220934869707037 39.831345209176263 27.811973237968694
58.432249470382565 17.034726344376136 78.528599132444754 80.094536532254324 46.166778515769771 94.020401089759204 8.9158554640507575 5.2595516657092967 32.373823031760494 92.853202691291372 69.278456807770382 74.131038107701684 5.6081024645335527 43.367354765234218 93.42885333241243 6.8137667255606003 32.250246070776996 36.329448690715019 79.466780200193767 22.559507615913137 66.785044428412093 84.552344199397481 39.945025456573248 38.638641648411834 49.972775627183957 41.797867704717746 5.0425174239159993 62.341072749574408 70.842824157804429 52.580632817614578
3.5307981439261678 51.904560639853145 55.118975780922305 21.921515856109199 88.027047535210713 36.067505779925185 69.628959187396219 86.25062193985157 20.765246946090883 97.733680820173049 17.080107608149735 31.263386471103338 100.35986475864725 75.001790474173589 78.699379054028483 67.876689428135691 35.309534437231711 17.603632528567374 74.317999572600172 88.231355757166909 58.901803308887914 19.999787556554264 29.206183741942258 52.802459184001656 52.678247282378514 83.990599330169289 83.747361913086266 52.01397931682024 93.269393535261912 64.884547832752077
100.09511454959784 28.053834102472454 99.6916947487382 71.137656018493914 71.742011814078694 54.767199992959043 101.01936213963927 35.554223124783078 83.329811368828459 88.531204484284928 11.078893681059764 22.340212256145627 67.287831524957653 23.246460541063868 4.7974438717382082 6.5411114134377044 27.852044533122456 100.71861995198853 97.997462290701364 18.303765161616457 30.422434107995524 59.15828852444443 6.3908803305937223 84.516674718114785 31.719402417548931 21.949967115771532 52.725247370441821 14.314831519162379 21.875915479098541 40.962668218043945
59.047342823546899 52.800581587753811 72.199704899562747 20.331949830405108 91.121286300549329 38.187177512503062 45.718983430320236 39.472226674807523 18.899483912773118 87.124607597254212 29.709799084989623 42.039191743197506 82.928577493889193 97.028108007722309 72.580264223981374 11.026309422644536 28.364639485510761 53.028622121792239 50.01060359528752 36.003037170208628 61.344566903115627 10.77256012643671 5.9815765230279885 95.043375198705959 87.741705614355737 63.028632641647178 63.732065801095843 58.875766846517784 97.634181534485307 27.527095868083183
65.289534197907173 60.07328050580427 94.55484713711283 23.795745062092514 6.2951212163975612 92.37260959507978 6.0260765973247103 75.903817001993374 83.76094206497433 29.822378628960337 66.315422050210984 43.677411379919022 14.867699468043931 15.302681469655292 4.023062229693557 22.301634687362693 85.554265911429127 91.061119090006301 32.798005462201893 97.875795981345121 12.210004873845355 53.604407901406212 47.293184547180068 4.0444862468510996 63.612156420661528 86.664964280117445 75.565829325228663 11.308041147589551 11.277838523998188 86.367876503106544
100.13262483252436 43.409784883570794 9.7283159113283197 39.809108884946966 22.181536160013671 5.54896065087424 68.476848879027756 64.754090689349496 70.000140475391319 43.859933790370199 91.155643502897519 65.948007410694814 2.9518043246294146 72.559521811069843 32.799053479094923 73.499668609418222 69.332973831301032 100.68522789949353 21.420255545635772 7.027578615622561 12.685762628250188 28.17169594083855 8.4090931363848682 39.155127494683825 76.858794135042928 75.847116360517859 17.12112775359703 76.390006653969664 69.097209491837191 27.462780449978432
39.893753256152635 44.56440155991023 46.903371612419456 5.0154801323850799 31.171182815351411 70.468001054674332 53.00359128576779 11.420689230730956 44.926797235483804 57.546283282136713 24.578339922372965 44.16768505508697 38.311881131804711 35.735393792369038 43.84933408345708 73.678944726145829 13.521763097217802 87.319511774244674 22.897956190933996 99.992031113840653 27.071931637169666 32.787839015987053 20.096813538659934 95.370246220564795 5.8546377303315609 23.3152557269932 24.723175676298627 86.220724025608078 36.543311489075123 3.489522991289336
30.207082827743346 88.669178541357866 13.74251860142066 62.149966590002762 30.165433432855377 5.4046725598680396 47.427441265955366 55.778974909716375 20.785214880163497 5.1730839333626957 102.46318337533029 85.202777446314386 57.883844025859709 41.751403205027387 68.570677376728256 85.779754348082292 63.652144018037049 68.050799918555867 44.647545401127651 77.10833707305423 91.762318794421162 40.600118573567194 65.934256604122226 45.892593997727147 43.542767437321707 11.05003763088283 44.777481791907405 75.243167828955848 55.063083007063682 20.268779015663267
75.809612137807349 77.694950295454206 51.402534802497748 51.213876976233372 83.399335051069414 51.044009814846241 41.387947196186303 59.092605096994866 37.448690712508288 99.566530989984074 21.73219410662702 23.995073693773207 78.483739103626206 59.378854409765161 19.775645474256358 92.454318730130581 41.996390158676107 19.005052005587512 35.71646082956341 98.966669505773353 85.111965317508847 1.1471939389490056 19.826948058335464 80.733250964548915 43.470536878547328 19.955568276212375 11.866188598561861 97.602767113474371 10.927422059449805 10.540670295419583
83.815536263217979 87.626547234286733 29.633234279227686 53.540967318516657 14.431395348300002 18.27511369698831 27.004133170333731 16.125207927304597 35.052532178726544 3.8851632188548564 69.985858682660393 88.40976189088606 100.90281067864908 67.443946419477598 7.2704678416618043 46.015392829394813 46.977252926165818 14.283763371363454 76.759126520172984 40.151686950316041 36.342907867372666 98.215105281483474 85.074472923236485 24.658130474627558 59.495470819213395 75.478415024656144 1.6360502062314985 3.0849796167959886 62.067452085168576 89.495523593558232
11.217427394498165 54.723212990844203 27.600310506395655 91.939286284145723 43.8430759926459 91.712325101776045 0.71799856878717727 3.1281206307660003 25.193083525550215 71.577454604460598 4.476308053476334 10.394811335016216 88.701777979684294 25.840039375241197 76.538400269853057 42.462231575441976 93.881306767164631 5.4830732046034747 70.280774543482821 16.767011944399549 32.645417708770999 3.8835956344750313 39.136999285433262 63.469394418067459 36.021771453046661 26.335619383151549 33.947044890630991 88.233503592227308 68.581846255524766 10.694732344974929
1.4301118500070815 49.904224773268901 83.754793966329558 17.034372686907034 40.161130214804658 8.642455646524196 10.481476021881274 3.2376232814104462 50.675251505649818 52.572741886116333 49.961361976002003 85.586219181958185 48.52610162869081 9.4556918986781202 68.235192110075189 21.653788984805626 48.879974329252775 68.153191029634911 92.764776666034194 71.000604149221417 26.744715232494457 18.415033186685626 23.432880684501782 28.214256535368264 41.8788213254903 39.984849476550473 6.0121045877875883 35.774079803412853 52.765616475502981 76.378199914139557
81.067991164118595 67.880360040505224 89.600403608781136 12.22902664381435 40.592230703707671 49.764728640573566 8.7948180467436696 71.52658214735365 66.013347027461393 72.139104837538483 80.405489629976429 84.838430408704085 16.695821469697098 93.418330039269108 78.189317500846784 43.395555558234868 95.845148605229483 92.126481206203451 6.170394657690486 9.7806495503602129 30.971759346013847 2.6933015518186116 38.491940547817968 80.335145590469224 28.514298939652786 86.512745228175035 22.458213148430588 40.223390191532722 98.753181154102435 29.64422092486949
86.857944844800272 96.121060955176617 50.079726254284765 10.812128708361332 3.3153852905299828 83.517105649396683 93.267920174947136 73.323612677529894 21.966625512670614 35.062194332484609 93.142684329499986 27.101081162368178 17.077517136915336 58.908268994838892 44.818425532825245 97.479358121705815 93.083261415807144 36.081009257297204 88.420027181613079 64.841298173043356 97.462272118335704 6.6212600125007679 86.606416454499609 91.989346978790408 96.908788226323665 3.0417205531103746 94.904882587955683 46.923772073537265 15.501791950998477 90.165981859188435
59.845398546272413 45.375302958797903 11.498890932294078 65.682870646182039 15.397764796632266 98.120238201851279 43.752828607034317 83.985021022884325 32.190543217609367 42.386672553891771 32.866613109800682 77.636653737131368 69.060579107405431 24.478977978005993 37.4868441937152 60.772332543283198 15.776998175744421 76.892953331976344 101.88207270707883 24.132796753534162 74.047226677149069 69.065900878150615 93.668136294046818 48.056675850798591 51.426722276737586 56.824401797603194 32.327527875842854 90.881849389556294 4.6868185760008849 90.842325909606018
43.94214194579336 43.49666592194513 69.405713546152157 91.345178091462643 75.960206045631168 95.361265495706206 59.98026851367505 28.090493915156042 22.956803710080276 58.146093544009759 74.600777456561957 96.322968423060061 91.243759655210454 15.491406782149605 74.74203743333581 45.710931687238045 50.243712903446259 21.768574402360397 74.456638070741391 60.30727473924172 10.067439150533 40.873387117087674 40.097371179354703 36.491873635529807 61.986162265326413 24.311369061458766 13.827021510061902 85.258425809180991 44.807022968548118 85.835140174019031
97.592036925091335 30.263679345294904 88.307973794653037 42.675184575130629 56.75907273814888 78.62501541524712 8.4222051350027201 59.732432499727885 71.461501334757344 29.092347477971529 15.639395892413205 24.007432827911266 65.790345398747093 27.382458421562692 96.869135386945999 20.694427347437287 38.046739751108639 84.74449569449726 2.5872794560132131 41.100948244673219 96.297948263405729 50.628726401065521 72.399645122309664 23.410418670028196 12.058673200349091 0.47053018613481268 15.339634603267525 75.491590655102755 82.155931169206838 61.032689011713003
41.486819250179302 59.080070811714087 87.103917047464734 25.01169235591556 20.352079756506022 32.169189378802095 41.710062977197779 78.259978029552215 37.417320566253764 17.172583330653502 79.867835176363855 83.871464858231704 96.023525498549489 76.009755601090234 90.193688767797155 42.48785361433869 48.922967993814353 72.303067645725605 17.666706978942859 62.919601663224327 39.874196233457653 43.886481517054484 87.887429773383957 82.888046787638373 65.481271391423562 13.32506277363354 80.118766320526788 95.141736249374404 66.174072392333429 56.522703023941318
93.200801833773269 20.238364007940824 98.234352709165009 30.308894048675064 51.573773222743142 97.376105109839429 59.488622118562425 31.752375344047557 20.662512183239514 62.773890275692743 67.811031745281952 65.668165352842337 66.227207993595954 53.741847223153194 31.320289181334061 11.715044471828485 21.911286293284931 6.2658906796271827 98.289113888195303 43.282068956231782 90.98202701850478 36.184471496704809 23.246927234222095 12.245601730144539 19.043491270959485 30.236138124305882 32.254166824064498 54.404554781436723 25.836053530638669 8.0563833743644029
99.003676996841918 24.56367769213773 77.819181217927934 89.091839361282751 39.216915614458721 89.006808786618819 9.3478641566089475 21.783431866784785 4.9537792068549349 55.013201356683055 41.002425551131189 22.764526947577654 41.377386330313414 45.187494087685273 35.297580775672891 27.975293478292034 33.140596536327216 78.67095477662221 89.472330451891054 65.449463746775194 68.750857371525697 58.499004135057731 25.611593183386759 1.0908577119074363 46.550131126744759 98.28056842345184 11.316440621218288 56.743124095189664 73.194269399989111 101.28576064217825
15.91321864255135 15.999770518706892 96.128269031759771 87.348144177412834 81.005042792714477 9.9486377289484285 85.62944817306844 69.116914178503691 94.533399359747705 25.664085591149846 62.471718076066765 89.825600070107598 52.891544842864306 33.241395218750121 90.83747058679684 82.881794664729611 93.299743036176437 25.922560808177014 77.777846527573629 94.268479783862517 63.861546403827845 61.864265606972957 29.199344912431965 99.979464501901845 40.420939335971504 0.99614956901792806 57.767061317686036 41.697741034873296 7.5768641568547608 80.973913819600128
36.167334896499405 23.109123562092687 30.750134733391853 38.693198121355039 57.821063836886822 23.606515202911044 3.7247088796018608 98.259895667810198 31.107733904029409 78.68911795227821 77.173900365025446 79.12957955354301 32.466103815208278 91.817683753295171 64.336122153255033 60.476488675647765 83.640176830027485 67.265650378741199 69.3934583439585 97.290767355447855 30.387922962993649 80.23094816551297 58.053178472385348 22.64555304559039 36.800546410649552 28.447425157071216 16.346000167677261 13.006001957021674 70.819153374546829 53.140087755494733
20.969166345773363 93.439722461036354 62.457933240072762 19.428274487985 83.314339371239029 10.852211036489503 5.9403013533994393 14.406640924798998 29.836089609541879 72.442065512098026 90.639279570533674 47.095328813050642 86.287336388469754 50.77655317341631 62.539691860012091 44.328733764960703 54.001693324095726 81.603366387919607 23.790407836798256 17.148898367809149 25.353180894653327 2.9456833732129519 81.086300870195515 81.163792280442664 85.041482146251312 99.60868510406371 59.343538544015161 37.39848656746009 67.768047128106133 43.910893033320313
90.986345257965041 28.957988153954876 70.871118426278727 28.208312072679728 38.355226369546685 28.798646920163307 66.556172128014865 90.392703289603304 65.695876732321437 41.715140018875005 92.303035843295973 41.368039418891399 77.499482534292881 96.098466414180038 51.155801879414454 82.484342000551862 9.5923120028121378 63.630410826942359 30.070364761008975 78.001344499846567 48.210649140158999 6.1465710197452026 34.778496600440164 92.069378716793778 44.3179096522965 56.455167078644777 15.715912970551623 27.982566911245208 58.98855193098985 77.735672287381107
31.913301178488734 51.695277652648691 75.233870522392635 55.606082141919011 22.971369711545936 73.011458985988924 87.482985081367119 54.088090411178662 93.443799366508955 3.9768056871335689 19.135847573741287 53.717916030060657 67.528317327914777 17.445725410729544 91.359441463557161 93.662975710574884 97.638466624602387 91.81203738924188 58.824611506821377 28.853611285730953 3.846981096527025 80.353206577403654 74.523158184957708 82.057242710174421 67.852149244157474 60.370832118006817 61.453038335758414 57.203842591581349 96.872344510448045 70.440615513553723
82.075692535427834 17.88560980188495 10.712534441383147 33.53593805376395 69.343353435499608 37.087572436541627 23.476382493716645 44.836207123650418 26.24733216316994 84.450642909784392 87.351973049531864 7.6913965873591472 14.825678310231947 68.714093638768261 15.649314573490996 14.803310645450697 88.878761500628528 35.569340343917524 17.784370252274041 85.170271049596366 74.298885758744547 35.394724604370651 42.69139443752853 5.3728499513662618 25.845963382513105 44.762153211718314 95.624810413010223 50.067984550554364 56.419815829706479 61.86979527478227
24.168165133835185 74.653560615665612 30.414756110221042 9.7068503811770555 14.755285993309183 71.892920398194093 67.278840125627468 58.127164356056895 38.962303273716664 9.4224900710241393 22.168052437027733 84.071497595271083 21.356850202099217 43.51845122378915 15.103044053887551 62.299772412962142 86.403884256953859 53.406889146835809 62.187329544691906 71.049021788323927 18.347606282602769 88.539853185484489 51.247559612699334 86.943725732410968 100.87037597064072 57.420080998895727 34.073893282805749 91.3045585832119 98.160863750247486 84.926857263950936
8.2317840866777168 30.014024631425965 95.830476215799692 57.713143143619156 88.650727531425389 64.184221945534119 53.399303602461842 62.60864845980327 14.174993236735268 32.027545047411628 74.576474083560512 7.0120852816381243 22.562006475426021 19.464040545648302 49.967305962647274 1.7034439238101164 5.8324119472603559 70.609542097871682 72.874745583109672 21.69459602287883 5.7327010240636165 55.936292024792969 58.671513496852263 58.773433636768402 27.640891401251935 60.81807937047634 82.396701660797191 63.686356818036828 76.281982540933825 13.983262800318649
10.825124409817601 61.426877122391446 13.775257407848105 49.066398518566793 95.048979040535926 12.667207115614579 17.306915346307576 76.30931754435251 27.464793562030607 66.63276879860399 49.626860165895401 11.621445939632896 54.641650893771235 2.0915835982177096 67.248796857764248 90.721583495201571 57.887051947350749 31.000003454533939 55.616940963682715 100.80737034452513 86.738228759520723 70.502814080566878 58.85181832458612 20.094339824638492 8.9499215319723913 43.704324437796132 22.778436096430685 27.542564921653582 63.928924614862616 44.41499002650238
19.921174491443097 80.154089632922933 75.888826543057206 80.773902641735035 34.678972537291116 91.66868210635289 64.173328250514203 28.597502238409671 30.039655855565137 45.445650974531077 95.18451111077357 7.3441861208871062 25.323820988527395 86.410382589235056 87.589627204187238 97.853949533028839 83.963800916560729 9.9250026377037734 47.676104679541822 32.820999243528412 3.448809357025687 2.6069013193653592 76.106557381418568 9.3867004092848845 40.905663654618799 82.447407927163567 13.821571093004332 15.918555363303991 31.277606668007394 95.00848063703468
92.772207272242568 36.741940340684231 9.9621800744916289 93.803882009031298 63.521780784835684 61.821984103734998 84.194316579707802 5.5911085210891578 90.319978337334703 8.1649042642826419 64.204831481585813 96.459448769983098 2.5654265992563818 70.918095272832289 11.475900640220519 61.028260281409743 90.400286941575331 43.025952811521364 94.24341536873429 54.21189584773078 2.4684524951413414 80.585706530892168 24.403936971756192 33.706107703026007 87.756903823392804 29.324827917451191 63.110268157335597 71.726928830167154 26.12049771969648 91.27600942969039
55.880883298398324 85.05873433004048 28.687579255592418 31.431420457459637 33.148865966267905 23.438495272856201 97.118230107808543 47.752422324937264 52.739491717140467 77.619756942753526 16.692655910087424 21.719839761994631 6.2961147125801791 2.3327349415694574 81.261361564195411 97.393531725830073 5.1017477011389012 14.944515386835295 53.355057836405607 20.436764013511016 78.35165936972453 86.892179930164673 40.550225927393413 60.812062164024127 32.263461190110654 81.15080685057805 60.592891806522999 32.579355647720895 43.730788878319402 10.742428321259881
99.108028377850985 7.4010192516104256 8.9504723154700994 43.432360428791824 79.24035159572108 79.967697896114075 91.171987905786651 74.58812882433871 12.425442227532425 10.136149379949083 93.583598478816128 64.035974749946874 68.644946465452264 28.93091678991301 77.395623284143838 31.682075398044116 13.50371317796534 28.723135363866042 76.348711840941476 61.889195205661778 51.207180973709157 20.503473016620578 14.427912158084565 23.340219584511111 71.701817174899304 83.559662640341017 33.806993408901555 8.4137993244235147 43.766653468098696 51.669711860280003
52.57146666935774 45.452089936227487 23.516545915873351 37.923542066442117 48.839408020078984 42.392364889184407 70.042269400801345 61.974984401934861 77.942141617459058 98.583824867583303 3.7452582152700904 19.051892574347207 46.237510849680945 86.941138718803757 44.653592557236585 38.954386994083031 44.630709220082011 82.234527918906139 71.451846492138301 29.383759332990646 93.914462972609414 81.390010777552234 47.022605142389821 90.123017357960478 45.109182127351531 7.3088480924998329 20.96915841395143 72.982522000253255 90.767217068199784 48.458654073791507
85.868554108637326 95.002620128728921 26.311448797568524 77.607971438800178 75.952693717096651 91.155389631187219 33.342858179423558 2.8474692410765257 13.940618587302408 78.281680061012693 98.058826257697262 67.954617897417734 16.240948560161051 49.477552783857888 48.435273555164812 71.401554859622266 17.850237356165099 69.556927040986096 64.792906515935044 83.93588410365598 66.331604771976941 22.141538978862496 91.130036445596758 70.661483703681228 81.597907214581653 27.945389301415251 60.306767411567158 48.170449051931399 39.318156974730364 53.494426405047079
82.512077332122786 59.392241644574284 54.317390323581861 40.044509315020683 83.478222409974251 26.955793254640014 10.249131498783488 46.829016654041666 13.779128234040211 40.236487139584966 18.453582420013554 73.627862033898651 40.679584909167616 91.177162044860651 99.29462499467931 22.343267290590632 63.603169249205472 47.897515768871713 31.233078271416698 91.462408507386499 71.66086243625395 79.955005248637775 43.319903675233832 20.593813318545497 45.180395318863056 64.693237631716059 84.62872450720468 42.808997521493581 34.692980143969173 40.633671734593996
37.793472600536013 97.030243747451308 91.636862269111504 54.063650447273616 47.869199782016743 10.752226462096385 14.398680068035921 46.760668473458104 75.337684132158714 29.263020818065115 88.066857260349209 78.363980386617499 24.004884258794206 96.735957770211442 57.05996163086499 21.593572926184251 35.145074753753654 24.881910239815923 27.429645743026612 86.080085453838777 43.900870299817541 92.015290503849272 20.868220388273343 32.874332181825281 31.002823011615277 30.724120402183182 2.4689483168940569 48.581564511649418 51.153433017954725 67.83659262039312
13.192259117143616 19.106946295198515 15.338618760059518 97.027008509254188 17.988241524130913 30.374631036857828 94.896259222648922 61.170931899810441 48.358726742252955 65.825525295508641 101.17820894031792 52.056047060772897 1.8658966269741939 17.407757583702182 88.086006448881818 19.711988468133544 81.157614788499828 10.760241172565765 40.464277267871367 16.78952664318512 83.178581063197853 9.4791910520080318 19.180821585036465 74.091008934544305 23.637354897494252 86.49801956118533 43.000860337866669 26.088748373692859 3.8665562181663029 2.6392522666371407
