0.35181422210278152
0.93306110322641855
0.33520736484292563
0.48220740067880746
0.12017143072973184
0.25082761353485833
0.39116578558350629
0.76833087683780665
0.51887041225964425
0.56514508744596059
0.34461847812829066
0.9105774449744729
0.102852954976741
0.24541503521497948
0.87088890536933861
0.097077375804155805
0.75327692606649232
0.18099172753614284
0.72115881837804952
0.58932815034557628
0.80349290184189703
0.9102739795082172
0.88132204057473729
0.68537147663996156
0.63980953109054539
0.57688704071431562
0.64962900923725997
0.56926752976849559
0.36375872457948261
0.18274983010200391
0.48807601652147842
0.60618178307665338
0.99715502042512283
0.87486461635098844
0.42145328296801049
0.76601740680975894
0.85006517912549751
0.40672447971147191
0.51462723520162368
0.43860036758448689
0.46886133915226774
0.6200729729018517
0.021326321538286886
0.31052642593599183
0.97087524325149221
0.59610762269388184
0.46398242957321284
0.91572805681142477
0.95143708606110078
0.016358871834012568
0.2911530186787335
0.974270447482113
0.70423056912726667
0.64416756465301916
0.95380315395647353
0.090045380207950207
0.15618089291914
0.63470726175770442
0.52623578108825608
0.23864881138791955
0.058725001930206064
0.90500729723428297
0.021254111539343246
0.22410986721747855
0.41200509056605589
0.61655601122092329
0.46474486862393666
0.9021236837238964
0.66902838723537961
0.12872656724991355
0.50970531817283193
0.040665025603837154
0.72847855130920758
0.88899055629921708
0.05284378816372419
0.61548656669996304
0.29246241695207326
0.81611814977093167
0.63821328957847367
0.77580392435344803
0.90277241647845941
0.96683548546099496
0.65225364522812235
0.65634844113724666
0.8760281980678214
0.84107353430512088
0.38272976976978251
0.25622795848344465
0.34820636832409674
0.42872869167101307
0.78828629756073609
0.39361651508843448
0.38200261096679561
0.74439739054864618
0.40921788369402851
0.53963595258418673
0.0025219521056242698
0.52613737593192655
0.97292710599866161
0.93620361944966923
