0.60261102498912267 0.16880021490336311 0.55996638209197991 0.90889361089455289 0.6213720431181311 0.30524506846611782 0.89093665443775782 0.1537818281635856 0.40966718443872391 0.7965647682433642
0.66751510227032451 0.9870064477209991 0.22729281603680468 0.25895850324154118 0.785135966814419 0.56628019875503866 0.7521495204821389 0.27091979940375505 0.45640721416988822 0.16888827021553982
0.28666570784021178 0.11406768738121091 0.28643918580132005 0.34390737738989768 0.70088182748975902 0.32488297188648257 0.8454598645707001 0.60926825961519937 0.28012207219940127 0.67304632684048127
0.80611562494984612 0.38810583036348117 0.52202527936759924 0.32140979176186485 0.79542498647639481 0.21638060163810574 0.077688122881968177 0.90491044001773679 0.058075362822856677 0.21800743752768864
0.50869107007729797 0.41980953155697204 0.72294801011532561 0.96790525918255421 0.6245538331187096 0.38819380405338172 0.59182598996681979 0.73009250368282841 0.28921239923459291 0.4830020093570016
0.52254141455961467 0.82684305504510114 0.23256020264329197 0.10452047569462834 0.039881340843768306 0.15463318433663459 0.065833997732692315 0.7205435726838636 0.37243939087884476 0.48582042653931462
0.68319690212153716 0.44719676340681019 0.69564518690903554 0.26669694707289554 0.73515428919684978 0.86630769549202769 0.74823393096121282 0.78333391188533463 0.18259902519078469 0.14057817648100218
0.007873910138162566 0.33007135316100072 0.26967783615822399 0.85362802405617177 0.2172695232297927 0.3614990564504002 0.86676266974635063 0.15300976294283081 0.36327248069660328 0.77135387481036788
0.72101893895917246 0.88870061176874571 0.093158133921613026 0.1757277137570265 0.90996984261326797 0.14960239648354162 0.81229568557770659 0.72475264090711555 0.012360012919324138 0.32911311891452394
0.69316996275567411 0.55580868224251245 0.87619150713628735 0.60436558989965938 0.64653268053662227 0.42790048530402375 0.70639887199843776 0.58517342079504686 0.83684360128818658 0.43625562363995224
0.8647796163670729 0.8501442265364918 0.96680810657576532 0.1464755131503796 0.018134859585834096 0.074049855136388551 0.43690038639569123 0.55338911446339267 0.79138082087454087 0.27949950297972864
0.19721608166788157 0.80728097194023918 0.4458998598713389 0.12493218222003459 0.52251569780498042 0.19129674643485223 0.015015137774612431 0.012276376342851326 0.87060143136725465 0.85294910745570085
0.23289565592286804 0.32012341320302801 0.20792315669310929 0.34825478172831464 0.35866059728283378 0.60852919535036776 0.56429227425392137 0.98415071354343187 0.6486707238299193 0.9199252875051902
0.68672921797678976 0.11660188690729827 0.0032686070263646004 0.99488590110529074 0.15615440191365498 0.16256699793107793 0.59322725590592484 0.7914769284409835 0.25592066221412241 0.91664103591200519
0.59661116285717375 0.80575186471255877 0.57106883151312682 0.94025332436865028 0.053386018093671869 0.26926253857748911 0.98473362503580963 0.71118637957173747 0.080001899912621563 0.72149696695413712
0.33282581977696341 0.56166384021308169 0.6925735899077583 0.59132106355271818 0.21715559773912868 0.99937108674298647 0.43767853598193701 0.91617451749075873 0.45078713447050173 0.1597207939992657
0.18463665831627979 0.61874804418166374 0.64694310106591635 0.1116031434734696 0.59051238469658607 0.1261769340487176 0.57466387573249111 0.14741493602255368 0.91288083957769495 0.85240386105393307
0.84198505128208678 0.63379209010205417 0.84621676780981381 0.063564832170190197 0.35522058621245506 0.22895413062637532 0.10749389662001134 0.14885813055409886 0.0030241003627991423 0.84087657177367736
0.41698610508223283 0.96028372167261278 0.97430733159528771 0.35162509306678652 0.99590644213714263 0.31719565151597368 0.90281804493316331 0.1366864640276369 0.823022354563823 0.067376541899350648
0.52879029569171521 0.25313556075361238 0.33130022990458724 0.65947843985194943 0.012937990738085593 0.94964919116715618 0.22693592759938536 0.61295093291080271 0.6090542794837166 0.52863226881234038
0.95806643478018672 0.76667511764201168 0.13491094211875426 0.55911719024430917 0.51479810750236688 0.20155938061315309 0.31776858496889032 0.37677698644019803 0.3165246303288512 0.2291310369734379
0.61294968592096077 0.33174885744925148 0.56655768135155282 0.69426106251861575 0.97513480062327895 0.39678463451809659 0.71781305043226018 0.57618759376598438 0.16367297689838195 0.96434418615579842
0.69047379033849565 0.97093631015756021 0.18106436325349412 0.81353913033063452 0.87834953699194718 0.95464129633547612 0.93947879445312099 0.40901773555071336 0.87174888379088589 0.41710505535462078
0.93746702781138269 0.34169577636293186 0.5527180482776578 0.13373678286803797 0.2243422278781993 0.57957831469893395 0.68827037472724406 0.53933542934338974 0.82193094701473191 0.011071023783777268
0.45593370017645957 0.66421010326618468 0.84172691907006492 0.76292095399238136 0.34236337013709534 0.52185958703848268 0.4488627412801644 0.083367841069124246 0.0066619611809259236 0.27746512358381142
0.61835442300666432 0.17085225649059815 0.33503703584197025 0.66858678875819855 0.038173454879247434 0.93431307328143764 0.59089176107490304 0.70486024445956308 0.0060130057360931353 0.45457750830487259
0.60694258046042682 0.22395124011499162 0.59583383427270964 0.40310298517947168 0.68172753704269695 0.7165415024816062 0.26728998460540238 0.80423944449453055 0.98378212243154828 0.37023274701474446
0.76958994439415429 0.23897249451927788 0.93796049553580019 0.29575020912166888 0.0064393650472284623 0.39681364052196938 0.86354075133966546 0.40796095935282811 0.49996287165031256 0.093377549045265448
0.8970734320393885 0.50660947688512148 0.55577489947786052 0.62698988135464007 0.53229732551849429 0.64116909331562932 0.99885857243976073 0.25667907869856904 0.61984766046603013 0.80917660434337524
0.83566716301202471 0.47552684178855203 0.20594562248403264 0.93430823262822671 0.48700411087980128 0.88574908777751771 0.68363200953137992 0.51600129603220579 0.58783555193705073 0.94985709877947333
0.96559882331211211 0.80228406497100069 0.52166802634710852 0.35538062614273264 0.79543343359760388 0.67130063320522049 0.88511525500788668 0.17412191172141273 0.092998493157999504 0.66696088163716472
0.1382760469604371 0.75463718263425883 0.3729268255641654 0.56273786486647281 0.61538888832876193 0.99783392794475723 0.090475044756482756 0.21773581273470538 0.81147609713277846 0.98463517017115154
0.10864633507495462 0.21215355725904889 0.19885577181356912 0.2993586800552947 0.67987732468390516 0.37970806866418921 0.4693642868284103 0.79357771564095736 0.89279995651845456 0.81399468927614183
0.8617840510072885 0.82942860028146581 0.66212932681911196 0.56405037623215415 0.62779523943640847 0.40851910419562559 0.32685757400998422 0.56536654753213389 0.391822858320867 0.43957013066518374
0.94386081804966948 0.83562162142632512 0.02275376548230983 0.86342071033873691 0.0081695569417152177 0.21534048456479243 0.77169747474420169 0.65552884399895639 0.71731948102408649 0.78554793303937709
0.65759126888741326 0.99544775997075408 0.74037190347301374 0.35969186238372713 0.98984032419856149 0.13972220954241305 0.56336344752963707 0.75693651160572661 0.69817021726554085 0.07208777988260999
0.12047010496174042 0.9479132017055889 0.94703521526160417 0.85427620446774455 0.012443601603134669 0.33916469031446089 0.68506235663487325 0.50479347326432433 0.56639663120449657 0.20002610526377412
0.71566615022809887 0.6899514400753205 0.65241240571889147 0.86877731598926666 0.53712445767515105 0.56687810300132613 0.2558917950628497 0.064881402307941524 0.24650341990365515 0.28267694959279094
0.42731725264527937 0.2415333822551165 0.29066078113158028 0.81269579314604068 0.3797527750332666 0.2745150853634048 0.19385028735624604 0.30912072176492483 0.62427927127433058 0.80075561452047761
0.30848238287016089 0.79781710722621768 0.24368469223374617 0.69226674276721656 0.47130812905669722 0.36728094787917337 0.78925387846019501 0.056743232109744454 0.64083443535835394 0.14523587570079349
0.93491745063912823 0.23299681512437437 0.37888507854382819 0.19007086338279616 0.38134827170468727 0.21133394214177476 0.79110136186524627 0.6733399383473625 0.43320382978714828 0.73325098396299138
0.57002949632648048 0.6713720864637801 0.63735059704325059 0.81894769432714898 0.51643664902527298 0.2154380459343947 0.476884822844654 0.23852489436127805 0.63719320069797081 0.070704515523933684
0.89392149694039635 0.95057762579136307 0.75472603345000655 0.71674499440831296 0.77292462960048125 0.9644013043948324 0.25669086566044258 0.19158821562574441 0.55405426351645481 0.66873627810957936
0.1423210831836807 0.56855614629383677 0.83802573965288141 0.87190036538283922 0.95809933042168238 0.24395189706998838 0.74584924698843158 0.85084914438932457 0.16052172247643587 0.23643000774946893
0.28104723279670635 0.12203746333083502 0.566781383684548 0.11247856825581241 0.17945383685063837 0.067373531382906623 0.1257343456967413 0.13284270868834941 0.84727745784820196 0.39653526913736042
0.10928858110175525 0.64207713991603299 0.72006034688007525 0.42088919512541506 0.033330153297217821 0.83159078270037468 0.028777009715233604 0.77106995144550028 0.75990772680583463 0.51313414529417367
0.63675229338915085 0.15315682684368798 0.53196669723520285 0.40529769181733216 0.30607283884752495 0.057225804467378502 0.86490994535884702 0.9292775817195168 0.41297984056836551 0.64948152828404138
0.12154669080467566 0.73744438179135485 0.4465503677874692 0.6867055221278987 0.49589325649345445 0.046632564785469774 0.029283721822070886 0.37812488176748144 0.20018563715766874 0.23734840991230127
0.15973891879721419 0.34764079868369341 0.56121020225988516 0.76087535378554783 0.25267901422733491 0.77720225974748403 0.45059978046304699 0.94309507254588698 0.78351458069393354 0.17503748918715495
0.17312410392535921 0.18099694344835809 0.29617611005652761 0.2735674421585948 0.68689316862441141 0.07408049722871328 0.24288569384364173 0.49565678475193037 0.1305065220147022 0.74190789487766728
0.17713334979052892 0.38530770669705533 0.3121447487747982 0.72735689475679199 0.036231663889699381 0.85805629644658121 0.60470772145791296 0.0026834234777314723 0.17626631047597291 0.96392698109180608
0.16914818063546516 0.13390261746026327 0.0072743657411944882 0.55894172603037251 0.3705320572989062 0.56468388341786147 0.65630314131478706 0.35906573406693304 0.013353521913642519 0.1256260344098617
0.32288879370541429 0.63649624282883166 0.24483314154546315 0.96652329885445676 0.59236600780466064 0.99932748497461055 0.69181527009360744 0.66600233478968107 0.16184516147012312 0.95035240980443403
0.51624710071345814 0.70620678696732708 0.73512756261708534 0.38206114740785296 0.90857687196594605 0.45677117086318225 0.82282566841199301 0.96794215729172095 0.958129626650158 0.58293909306584413
0.3792709116332918 0.66300061327500559 0.73531091615597044 0.18263227878037597 0.56750106198360262 0.77694476136386748 0.76253499539873482 0.56065077348691872 0.51824591678010179 0.94095154810223081
0.55441896586578132 0.22908192677305989 0.4049461882737016 0.62883107751549205 0.81895108495643776 0.91409000740104884 0.031812055291245575 0.58836774234284939 0.22084963433068722 0.052906547631282705
0.66612633794190523 0.45950535046219204 0.60640211312821313 0.40950126586833707 0.55740397900469829 0.67682368585909813 0.21776951350092671 0.24454142497328596 0.59498353138006221 0.18033554864569751
0.079684060949163069 0.12340367760481323 0.97094331169600767 0.79228792705685713 0.51590284884538773 0.01308298847309879 0.50004167797967081 0.15859846256465976 0.24430258545382505 0.19677742326436926
0.36653287164030551 0.79641450988853624 0.77327654307054916 0.4480103393524178 0.45180839818076785 0.032032453934257063 0.75008195523348242 0.42587840393818793 0.67746310765141604 0.65600989899407491
0.66500783052580825 0.63878520636851488 0.53143320330805233 0.3879227745920259 0.59287591187992139 0.79990573774650919 0.13456495617767711 0.9464252556898074 0.46145951985408701 0.33766503925278674
0.9056641638819487 0.69899682583267364 0.99247456955518698 0.91803494056777546 0.30145196295306381 0.17206129400530629 0.88052175113896991 0.35268905293617075 0.1316327015904965 0.50758108849680672
0.37995133619606131 0.071941363231498398 0.20048231100727604 0.91110447743156564 0.18060058951649233 0.59318587737412098 0.28840787297403875 0.20455998373430478 0.20952490930652728 0.54515540989977218
0.81594461919470052 0.87162060074790537 0.15848668187785991 0.2499132880021589 0.095566631631461549 0.97315878637084674 0.60163928790962762 0.29538677849629486 0.22642073916964939 0.73785148313934923
0.82911463020321208 0.042176963727154335 0.41546433163219093 0.67793180220626781 0.28786107991717652 0.9027908318076201 0.74926108856733897 0.71247076611266336 0.31352828699993257 0.76581111271417668
0.11407848490653798 0.60227150200959867 0.094126101857243502 0.20909977629958315 0.59355432505013006 0.42693366689281703 0.53516293035107942 0.50006312135740305 0.67482271116200399 0.74472047031532418
0.29087425554018348 0.44350192681555406 0.16678142839414939 0.49358089548494372 0.017849557361158275 0.24496631924460516 0.69793721255606322 0.46992522921780749 0.29145499167003192 0.11174255652010116
0.30644205309310563 0.76924345872707689 0.069311958368206292 0.96067533464907851 0.06387036689859342 0.79742133551585725 0.58171540961435908 0.68794252123931743 0.91864977322558561 0.25144002911963997
0.19644069539379766 0.87895182586643272 0.66062615886841303 0.17139161899403837 0.41027787614968497 0.65022044903668419 0.99000279811346514 0.968744603215001 0.019462685302772554 0.78233049762597073
0.47924776878702652 0.16079537815272033 0.68837466315128071 0.52424986648032057 0.68644098046365021 0.31032636319055268 0.79494289373994964 0.049388748521435419 0.66131980899163456 0.9329725885031297
0.76334608537042103 0.38236052081228472 0.28546141665882135 0.36780159869711543 0.36376155475980393 0.295365887021871 0.070951441885882691 0.68711914117660977 0.92354515551657623 0.41808457109350966
0.36069871283263238 0.83699110017224354 0.33409721231587725 0.37297819243685809 0.38656578585240403 0.33300352827614782 0.82529940347580122 0.35218697233960555 0.23863614979400222 0.5842372788385366
0.90542510435949863 0.19388084141605272 0.29594403530668195 0.7255146986587564 0.93292428993625942 0.99120886909573502 0.6892574518241561 0.87673910685476353 0.27669412629147222 0.66306191563777794
0.97126263945853197 0.58887164170421069 0.89539019950311105 0.70217572186975508 0.89908376429582482 0.84801180249344466 0.83851425606922625 0.18031668993762756 0.16819703332127384 0.1510395420926835
0.018579301955118744 0.30290315687650166 0.25360091745297159 0.33815954721665337 0.94315774485175741 0.96968792521066227 0.68715421353509676 0.17608222013583569 0.48731481578387542 0.042415881733733493
0.37544785844174738 0.67034955943112118 0.41561900033258165 0.88862936511706514 0.83757046301579785 0.43743411950627148 0.20003182214612064 0.037705838774172259 0.70682730913621972 0.1604152930830966
0.65412769246255587 0.89932978338095748 0.72806048434835735 0.77452490037361588 0.93953522158244929 0.67582673465867349 0.17320825378834054 0.54489801527490511 0.8154399148218332 0.23504340162257659
0.45256313369337936 0.052581122589060156 0.036821105335576629 0.91039184485766822 0.74484832017731506 0.26503018116219784 0.13054938597736637 0.1243532036247023 0.11944324704211222 0.67079192209100658
0.50767986081366434 0.79079922850719464 0.55998003948062236 0.30523971602274663 0.71099963910135189 0.43790636012402112 0.22391154226080506 0.7235846155453669 0.36114128594272027 0.1799264184278741
0.15524978813737117 0.73947000205911761 0.3826521809335876 0.2554728177925974 0.68435332182095898 0.36752650715791796 0.024618164140048405 0.4441173767176973 0.43303875111064777 0.24651529602035155
0.34205032724708434 0.58423010402867825 0.45042559721595282 0.57775947223798574 0.7611841230235441 0.3128227360581966 0.94126257385577816 0.93374087359151736 0.33885164331553735 0.64295135321948149
0.13336812688823124 0.12561442715011212 0.35542094528143614 0.1987883074826145 0.49936994540779628 0.97629415141451514 0.28027834813023861 0.0079826219730682497 0.056345495214099192 0.30607890917778696
0.71504579894664044 0.80890808862892605 0.95557022362425881 0.97214482165821348 0.91214434454707116 0.70498375841737293 0.49145915064785589 0.95996405058746714 0.6075319217347781 0.36014636493633351
0.30612210414141311 0.850498584975522 0.27353244547868888 0.46918217960849989 0.67429206049884438 0.18908180707880967 0.52233489141161349 0.065108705068996839 0.59014467488420996 0.87290103350122739
0.35479498495830603 0.62751226068793386 0.012772019950948055 0.064170646006504392 0.45221691203244246 0.52753206725518609 0.18920922005623936 0.62656468049768166 0.65053752632696382 0.92876295289628941
0.5050864965103482 0.68670132319839494 0.88098212975572321 0.9830115147969436 0.18819824255625656 0.47627521361030761 0.19889569362579934 0.056806474345901289 0.68314364151729423 0.2202255674271168
0.8087156524930339 0.6461423946009901 0.031921826390067728 0.85440685210228495 0.18050506609798261 0.93712417701671114 0.62436573776008508 0.34596924678862989 0.86048496264728558 0.81566219292655251
0.56508211265819885 0.99110087672046399 0.51714775321053463 0.66164348158662967 0.45995849001904016 0.0023682577228620215 0.00052868458020409741 0.60660689939350421 0.15300678943218488 0.78728615655412404
0.46471936550503629 0.059504036769122234 0.48845659955905613 0.13942570781214253 0.18504921231972843 0.24262552692970002 0.84365912948328869 0.30127991298074502 0.96557612865804787 0.40298439613958753
0.10037682563611232 0.1375048955864539 0.11121833767707327 0.99370156099500717 0.33592618945797231 0.12251101971067661 0.30758503908356188 0.26336486732338044 0.13859327910682334 0.42903275567191473
0.32819785150777031 0.24431094471558551 0.91405434727712565 0.87145024803157967 0.65840937301921776 0.016077047217310337 0.021170277945490135 0.15085321551653535 0.95827173622393513 0.42783038634207154
0.90709006454707219 0.72896766850775141 0.66938715308254271 0.24538946434792569 0.24771080204956536 0.25122010674042944 0.53809855748907831 0.76371705328208006 0.87794036089579375 0.46855270896819406
0.45178591060324097 0.99381500546553159 0.94363453050290702 0.29511442778969038 0.10885574523724433 0.02908060749077539 0.16883033224983851 0.87512688313666431 0.27738988045588636 0.43904587620997465
0.012077048854930928 0.022872020836583396 0.63565072346357876 0.0006362268338464983 0.91269851989243544 0.76122518611388812 0.12061157002082383 0.81668424027992403 0.94066841329661133 0.48343409627802353
0.047141045643671761 0.20422742555612811 0.047205594758334454 0.44481862311674808 0.14625815667126046 0.67515959223238431 0.28669627595257502 0.17728394219403903 0.04482100872781429 0.4249643474990657
0.85688029620661399 0.048514725802858913 0.7446980884112655 0.36816451180806148 0.69087231521805703 0.57021309438177692 0.92422786039827609 0.32422922152110084 0.7671957051928906 0.13886398496454172
0.89494888563968045 0.82407628031380409 0.97147881882279541 0.90035470070054024 0.50781116043470576 0.99409228044100562 0.24565981511115714 0.90586850716960921 0.41246886375343145 0.9025101951690645
0.79364617448275243 0.035127769994860267 0.099649206947966792 0.16120015519868885 0.78682283971509259 0.99546361636987146 0.052224318357447605 0.99453970704637884 0.64323841178172725 0.015530872784331008
0.76633370762929942 0.35294376039215164 0.77205793731617789 0.030254065842615519 0.41496733680152326 0.27108293832882241 0.99294445423959976 0.55852245113718046 0.30735622052935546 0.40995371424636112
0.39997060358260067 0.51034409209156395 0.67112681098776172 0.45370401338198191 0.80539436402589359 0.51129147670157993 0.27570993902526403 0.39685421381541036 0.88250635468825178 0.84389358182938801
0.65414237337197367 0.47402561734012566 0.50921534514608868 0.20169285412300314 0.052985693906984752 0.30452407244569296 0.77668062277192507 0.65438033619497071 0.50745482814112142 0.77742401718696141
