0.80695442019441299 0.77060805112404795 0.015479983096858319 0.38377800788838062 0.66272955569337466 0.97056387088103047 0.29909207124796283 0.5948363977920299 0.61904580189798319 0.20140641156298073 0.51764023000628456 0.33525064205747118 0.54299447716344262 0.41576411081175629 0.91527331158292746 0.34165983214312284 0.59792113507428912 0.72787319585923027 0.98283987803360418 0.21913045964411088 0.80398617101696324 0.33280523832949854 0.25316927524394434 0.40327415380386183 0.058238205790239014 0.086759427155250909 0.17629647477855365 0.12250475220405792 0.52264530500630468 0.4048883142475716
0.9670607796321099 0.67554125202694515 0.030299184930538892 0.92924828034029205 0.07379802546553775 0.75454117415327981 0.35350614316242129 0.13210964303393607 0.86016657471198477 0.3734664026212266 0.5439841788106401 0.48730049944095782 0.18527271329259892 0.31209084995673247 0.096918524082661259 0.38241513838387536 0.12567493694654014 0.57081656508507272 0.59392194488555328 0.13667298095140185 0.69853679986992534 0.96908629485170583 0.12197639304465839 0.79582915945778687 0.74905552202276482 0.70178264794946266 0.95646170696670763 0.1894942025199457 0.2790803816458432 0.2164141093661584
0.2105579150824442 0.72313784194315223 0.23440678012468991 0.3164010170796257 0.73500789479613804 0.76470076151419331 0.99503056661289224 0.30031087166528198 0.080654537202173679 0.85871348927592517 0.39133856431963293 0.72217506477575044 0.22334400656795234 0.77476147313684784 0.15678454247739676 0.21046039533029076 0.37934722258080106 0.17985570215860186 0.31608506946445009 0.57822773904161018 0.76483992222285302 0.70225099050619388 0.5871497094707302 0.75202724701062729 0.90837943408324984 0.39761336997790225 0.5948192137061088 0.93320045292768528 0.7491439029911271 0.44225462091864781
0.91018323891627995 0.15023729529904634 0.92090681672409525 0.8988841432720982 0.88692659957305076 0.52459804161433266 0.74080451791751611 0.41556789145575895 0.4467753749064251 0.98201700328030972 0.60609977979146279 0.52189596235998137 0.95230648431438314 0.69496470891844209 0.51500659722606779 0.92395992647288971 0.53540172576461775 0.72302701820154425 0.15117154661544369 0.647247501740424 0.49379422533038991 0.80844167110017173 0.54496093345223706 0.025399373380997226 0.50426837442387618 0.69791193243020788 0.7825523021345081 0.57691441602459137 0.49700063098255803 0.46341447627781046
0.52001671520817572 0.73204417640226671 0.75068232375751864 0.47267049190842808 0.51200229025981825 0.93011956688181074 0.99208076750106122 0.41023966393716788 0.93982508055133596 0.93831954099502135 0.79811652680601208 0.15709941225912233 0.88622100252045455 0.042924365890188484 0.60567970902851931 0.65191033219713546 0.2656814443698659 0.23574619811216729 0.062366149534041446 0.33184869897063468 0.43038537134993754 0.4273087185251036 0.92537025075822887 0.23550132466666401 0.023608986410318545 0.095292236032095842 0.15753447951483029 0.14693539370418068 0.26296515148953653 0.38887300466561087
0.75159176757199031 0.62637797969995779 0.056726414114889809 0.267153309221908 0.85811444494667888 0.63940432251599666 0.71934713296784503 0.73048578045502499 0.95471038450111456 0.74418172097868762 0.88067734751845339 0.027618016109993749 0.31992558928876452 0.74574848072838851 0.57189386186976754 0.46321339004744172 0.46269232588173154 0.80795924463089119 0.7348911848334565 0.42816668280806497 0.32534360109232924 0.87047786457369614 0.31562922845295943 0.069630645478325578 0.1650812219586309 0.088480073466693551 0.42555825094200722 0.83314571723342434 0.64029684362454764 0.84622374364465536
0.83045161730803574 0.54960018454178416 0.17190218392324846 0.55164731874196182 0.049255576258617026 0.52284536051289188 0.1260603230681468 0.68173256607426835 0.16139438912645093 0.71558607041021338 0.40745788302447533 0.61456644624485091 0.99237887982030615 0.15738248700219953 0.12418296403902333 0.10469212549226152 0.046677151144002324 0.60505712697365699 0.42744614014623955 0.84560107508916482 0.15909968998837593 0.95814526381660536 0.49049790945549238 0.26740504372985491 0.28312346981588282 0.38859074572099933 0.19813980294024686 0.40643329112507204 0.45545262450694518 0.72521372623712477
0.27774616006651537 0.75265336419380724 0.17928513758318737 0.033275265892823522 0.92686929984004141 0.5514611548335846 0.54382671782218361 0.72376514579515105 0.18257845933140976 0.27584398934635074 0.91463512675752345 0.8386212266871873 0.23113601591372196 0.49008225364922037 0.56032398274196771 0.36274258438027668 0.9226512437747687 0.56315739769462214 0.1540082580782563 0.40586005418605292 0.78016909254442124 0.067840623495062521 0.18772701078340587 0.92638043303788109 0.80517889877844595 0.34031877710521591 0.6118517120370216 0.51332906680261703 0.58130918892834438 0.49338126793011344
0.27367024962242475 0.01923340284559898 0.53919045445264357 0.96174867149243026 0.46107999899584279 0.88144463300451681 0.25834338541949858 0.15858594981264179 0.53558482076193503 0.37423440732936147 0.30856098573636431 0.95338215484043398 0.16301588352860946 0.2924026151087345 0.81583370126721722 0.97765267049494864 0.66774187573315835 0.91857740537148869 0.32593575960709381 0.14887328032676411 0.91100334595017818 0.044305081513344932 0.93268747277756936 0.19585624838553478 0.95899172583359915 0.28314690319055319 0.60026861906960038 0.18551454084902302 0.053672432051258975 0.42930140539675149
0.67101792211565181 0.9604922498785593 0.64421664793694211 0.95847919906858736 0.32112574588171888 0.65240325075755234 0.5858012131403828 0.9142163805660577 0.7507520056013347 0.44410731641216455 0.75312123359935512 0.0084560278605028578 0.32306441398920199 0.71972455085996712 0.20188195044112062 0.8106761504952914 0.070402295880319141 0.7594660710683272 0.7220918197288978 0.9983491755169821 0.67369713182068769 0.86524813862918437 0.11313742436943335 0.0016335247295840461 0.10929774436957755 0.40892271903465632 0.40950075672380376 0.025975609910624243 0.035329333327473164 0.77464558633870817
0.84590694177072967 0.90824496990641124 0.99355406924867118 0.62446874393091711 0.1566017562376944 0.29232467603499052 0.21693145289712817 0.41762825122803043 0.32102079929129318 0.50980504925106773 0.87433283312783816 0.58433853054657303 0.80182092592827769 0.31746647932154676 0.32505586978856177 0.20969017735607293 0.54627044393586632 0.46085893128972349 0.63048712170654431 0.03142901940978253 0.20904687125436344 0.84728550371890554 0.67806492250556394 0.93220683381562641 0.79994062307130287 0.87065494776871932 0.18369055819154895 0.73809070798831089 0.87798932458430023 0.48152167608413038
0.26292045197163477 0.5653306098318196 0.62066589048128584 0.067002458500290005 0.88446950159031268 0.41996897428653074 0.31969013559807874 0.82598905135677037 0.66242209747609215 0.63326466388235436 0.63229260376948682 0.078349936279609331 0.26253153336736473 0.58387622922922588 0.42219130699650348 0.17140772660165376 0.39079957115726854 0.34607218290112235 0.62058779250916996 0.0099862727885620568 0.5942121132934447 0.18186677818531355 0.57708516145116484 0.47821903055319365 0.75429182716729359 0.28402235362966172 0.69223350368116898 0.67949558618212802 0.54955889206087227 0.82892762403245246
0.7497982326493533 0.69789259299403694 0.92311936322627808 0.52573773436320059 0.8406127697675797 0.66549635375377747 0.68353991586507301 0.34110663123280521 0.24771025956306608 0.42387773139030255 0.55136465941797297 0.40922442851687307 0.02804491743342068 0.6593054570877297 0.82344633626133279 0.70452041796586096 0.58953899768184048 0.56684101070709769 0.71771863230152533 0.69496686177174249 0.12645475128568734 0.73964914053648567 0.76856430413594068 0.28470570937214007 0.49817009736111256 0.0021369780656637525 0.52275190804469851 0.85686137841767795 0.61405058213675956 0.74248572534906687
0.4049738729045807 0.58328830079822858 0.72320416418948563 0.98609766297784274 0.0084853208390027086 0.89473584633284375 0.032521089281306079 0.94989693460464042 0.46924366169628923 0.62385353920824183 0.94867709929387012 0.98141684063833601 0.92931855838960986 0.6320087667438562 0.13832547768901532 0.64818263175901181 0.19479190458335088 0.092005761741903933 0.7413460342492828 0.65538487651690502 0.57087744487370606 0.8624530418036368 0.074086517383853231 0.84358477807165999 0.47930621434038551 0.22303142750170407 0.044296932383179485 0.35366359603843284 0.95329002572881216 0.67555203401490349
0.44812161553209168 0.075698426260169135 0.22458682795138801 0.98419618235512096 0.11203169412145979 0.24938950718830816 0.45105832219270919 0.45472757065716291 0.12508846375468524 0.31159783450067652 0.0054502269118688494 0.76962931432368586 0.67888095264751469 0.15039220452191376 0.19578163592216663 0.012481751150516463 0.41309607977963841 0.19701445952814206 0.81378772045984338 0.43587078849813482 0.8253755000678008 0.31385210852201989 0.04979629201547113 0.49402358639419103 0.008184867475737035 0.64391432908781987 0.44952909928665824 0.14582642852985633 0.47149899608970852 0.60635872148974401
0.036453909150754346 0.35056630188998789 0.93293814534216302 0.49166179871389309 0.80024737169817861 0.71820869694290823 0.13285748815066517 0.24888247856851192 0.46682933319773617 0.60461988886727192 0.21362408386206627 0.57879926651740954 0.29792110022139467 0.87656286073975143 0.43057747720865019 0.48877380670378229 0.85062330875161374 0.73040539772890356 0.63772117799584371 0.045975743011168954 0.22780261965612797 0.6458888339147596 0.58055546897213772 0.76221467506765206 0.63745139050382893 0.18615467988483986 0.37823657350229639 0.92103746697733158 0.53713185510568373 0.37498076850449574
0.66884342156868659 0.8065122096914481 0.6599217514061344 0.43651159039845316 0.33712007243791814 0.19737686577949592 0.17104829307452857 0.16225555770557726 0.76520332776356703 0.66684779391126492 0.99592269775629816 0.91998477428958714 0.0034483430795916757 0.52411878612437468 0.033156862436372767 0.052297898320234057 0.21847940125961213 0.038755708275374598 0.72910939975245515 0.83059116361782781 0.15172583933716238 0.24516064963485923 0.40036421174082665 0.41871321662111355 0.46065129592086734 0.59050516181190493 0.066336078577619625 0.6593867774330785 0.41866789725145975 0.59060603532879186
0.13924069765315666 0.45243253283380674 0.17241394486626399 0.95382156324697398 0.050321359627712156 0.97315701917635677 0.68060164451795646 0.083807009941007357 0.77576149156335783 0.2891931496324644 0.45600581023311065 0.073995155407850774 0.39444195146480715 0.081790079792784784 0.92761150196277697 0.58890352587820083 0.052858294276921611 0.52136646810063614 0.98630995466706561 0.90437662918819395 0.60744206556278568 0.10988444019487591 0.94642221030166507 0.80388330361155191 0.30697717544909481 0.58168805079303931 0.46312691995112737 0.15690634384783247 0.72339766063158772 0.91348254444788723
0.70926948522396571 0.54052039311154143 0.99237069125347244 0.21561233386140538 0.25012187333050334 0.46657014215389064 0.62666776702831817 0.2976952835672419 0.90229531943716879 0.7843806249233084 0.41666047669744016 0.72180926542320967 0.46678525139175692 0.54620936251442753 0.68270711115185478 0.7724864052898549 0.98031222106660709 0.13930812840103907 0.5927841492566247 0.38551321937932598 0.21092263981809684 0.45565500417339749 0.22179464150308598 0.35693583724473094 0.63879501540255557 0.76527894102086602 0.83402615224958698 0.75686397736731248 0.58972866288381443 0.36064152895936713
0.83170659517396572 0.22255718065021529 0.3389510419178548 0.58021630503551969 0.99776993516460366 0.52038550282442286 0.73772282479086826 0.99735150182930588 0.49933190968021884 0.95599250446340711 0.36056648721603918 0.76750633992290118 0.89407423230172489 0.78361999143587679 0.95685231608401144 0.88846434429081456 0.48916691834301279 0.57729782052137057 0.31595996739517057 0.42715983865022672 0.66700424748139897 0.39338486531761779 0.8249149543425216 0.91463388361059539 0.60300862932934751 0.80975158300140393 0.92799018468443606 0.34046677398661901 0.81616292474346741 0.20195988922978741
0.64641388150780565 0.67387446917825511 0.62672321171620182 0.12022025150414932 0.1685357685099636 0.71171286417701607 0.0078125388421795179 0.61597573111118831 0.56543482431901693 0.15121076059903399 0.05094568886204158 0.7716760765131303 0.44646111385811554 0.74820473273669763 0.11143665060659029 0.15865468204081551 0.3625984856909697 0.40010644147387958 0.41007220175828768 0.10358686407064825 0.29281719522004773 0.63280632754580646 0.035763986063420725 0.40062802311061135 0.46798663098851295 0.34962744213836078 0.89376110778562623 0.10747743233282052 0.9309427488441322 0.4551807038517493
0.9382963833801341 0.64760195830417244 0.89258382102537981 0.027438859732503974 0.26252791266126291 0.72586456685433576 0.81386433817261827 0.011106329189246634 0.64872163993707399 0.83104098006805915 0.12073557298952968 0.060104282610788637 0.46743984870034055 0.82616416312714991 0.54158149917799225 0.4824189332666548 0.82361741467544614 0.48061395522442646 0.79727181531722668 0.98063198542367913 0.32909554471346575 0.27949970382409633 0.95283161531993943 0.0203726567243812 0.93253463834253314 0.24337429758559953 0.084537673159941581 0.61429392402544658 0.65657401757006484 0.3751433700092322
0.7683136415552464 0.53268293408966738 0.4813591937015807 0.42071192915497241 0.43709381447178447 0.13514940353790589 0.97440903109915655 0.035816241751841435 0.59938436203782963 0.36540794906066815 0.23023330378986834 0.37626388587446641 0.014240434333724839 0.79086050779960837 0.93295947750113051 0.95514976303914045 0.7255560932215035 0.35799104962779488 0.72119035730203807 0.031798246074917921 0.27623539302741434 0.10787944826245892 0.75078132126142494 0.8835710217276328 0.87977364803760294 0.39371784478601951 0.45401376249005382 0.067926913678165321 0.70725046375701384 0.71878525616351274
0.70627960721576755 0.77065178771107112 0.62203456034135585 0.66021046189660981 0.053381592008509379 0.529583053863947 0.49725178399039444 0.60406005051964562 0.14379987425609092 0.56217528638399095 0.75956972606296158 0.38404648459482454 0.40744568141543597 0.018496551438285259 0.13132931469320314 0.14626522534261294 0.36465360560617338 0.07907756478010923 0.40748599101838684 0.86824091237648993 0.56028590454040395 0.43304260323276283 0.55984423034105946 0.72196073133907579 0.14111498481904067 0.18930502005565736 0.059095240453609851 0.32743689962713368 0.36434356932312001 0.92918500947618488
0.18995751807693378 0.78972520178822225 0.16726717207609715 0.33887369722691379 0.13365612773886065 0.26797957476872353 0.21402208807735185 0.2071180363630129 0.69169008218339845 0.76621720201031296 0.7033764482959739 0.74985663573513883 0.65174322177211585 0.78510868269209078 0.82606529094689585 0.043697027288679455 0.71068419104192326 0.32088171953557848 0.047807141662677452 0.92138712848503002 0.89982540478796502 0.68413545971823431 0.58780396344539576 0.79031226418877143 0.52922858650789673 0.94753477964392596 0.61740036456268921 0.45020708666746395 0.30478528921398901 0.59836624664411286
0.023133379751597728 0.064650415540597625 0.90874016423641468 0.24635600764689219 0.14248232919143805 0.027192785253252683 0.84574509978056289 0.17404178910052509 0.37562779183828904 0.10408627672242636 0.44491469818838564 0.87042820977139701 0.75157861947455162 0.99914447893309011 0.48977486672188403 0.80493231893085282 0.058545556748200542 0.79744702739851514 0.58539097704956589 0.2138333438824756 0.70075551728979235 0.54836733618078048 0.11234246156418752 0.047764598435373881 0.059460089760722187 0.78199217737850635 0.41920417731325416 0.76544337996673528 0.76933789281459963 0.53685647473874543
0.056010210084963138 0.15636493353993469 0.28452882893124914 0.57949499410517202 0.24596137549546565 0.68521426236442162 0.41253388229539939 0.14892876732281307 0.22235734374438715 0.0093119328538562758 0.087086436961099675 0.58359878829011858 0.0076489437387807111 0.69331573263488988 0.50582864682962547 0.542895008810935 0.6282266795779301 0.50420367194998528 0.34539198227772244 0.28431709286201517 0.46613272267054401 0.87289007037603938 0.61326497448294559 0.38474791426570104 0.18972379978947568 0.28872747437926333 0.42949658606972524 0.12218967647864092 0.88328132919055158 0.51944433158823766
0.57721640999420787 0.80313224052256549 0.95215918971925684 0.14940573087871772 0.77287671527941626 0.19299839324455187 0.36378018654597316 0.76500409689491944 0.1495282436839786 0.14755574362733043 0.54331150272195317 0.72959510964739793 0.74959737881348087 0.47929329192143416 0.12395149163485268 0.88338949868101646 0.34177296393831774 0.52490635670194419 0.77389569996260799 0.97897584894418832 0.58500690608106998 0.022259474132877922 0.80698334976333341 0.1378917497371111 0.24752710724274468 0.40632613282560254 0.40527426753728385 0.49064673141372078 0.40949695846993156 0.4327777780020286
0.70882196036727596 0.70251343337729899 0.34539630340300648 0.57665137669200051 0.22442626558518725 0.023642651231675128 0.38203046394348111 0.83287553455767249 0.1940897247746935 0.89354032907917225 0.22544502455856225 0.46127613060051226 0.61846959130682599 0.65521625620897483 0.6407176149589493 0.3254218909615349 0.4419322837752056 0.35487774521972898 0.20766885177987721 0.087375367651623945 0.89245577960855382 0.50363380809062253 0.2993152509360712 0.1447664559254867 0.79303528121925426 0.39354096453110748 0.13419865389636437 0.88486377338069888 0.74916363050618229 0.95579293434999701
0.4945266496829312 0.88502233186615686 0.9254784533514433 0.059471743591432855 0.15051156510466396 0.12509310051843808 0.33056053264021162 0.96913152933211943 0.061585643797385778 0.15787649034926138 0.62811527205759921 0.075921845682760877 0.28917079967922749 0.9138487235235252 0.93633079802193997 0.35429901098076549 0.6786791972458196 0.17381491696779477 0.23042476005217655 0.33009414581904289 0.32247482967074087 0.50793410620131629 0.37100908397800664 0.3979586301625731 0.056877202618959274 0.86909192476299479 0.34792425528611631 0.62451956730001335 0.16976008292373584 0.54159935536004422
0.50718313110408098 0.51390693269840415 0.25623693535310527 0.74785459852684155 0.49669197025130402 0.60697217293229822 0.09858946629514935 0.54879693448809141 0.019654708548467782 0.96228725906655321 0.55846704167579542 0.44468293723877189 0.57745404326103211 0.70280156638624292 0.83725477990042141 0.12561733675652581 0.068918933420769199 0.069647313146585829 0.41020679150011846 0.37643791214747896 0.90930946369144339 0.37422724698887527 0.78458537647099513 0.24316369956547818 0.54050552541007046 0.26015109419848476 0.29553724743346638 0.08316667105613211 0.11301134966970165 0.1895489209549393
0.070521853433492529 0.75458779911147078 0.72823287874954978 0.52366192383291377 0.2288936301661077 0.64988662498839322 0.52478415202820849 0.58262046592289674 0.12855442471892281 0.24598548091239597 0.63938777438610017 0.94002091192086157 0.33942799555275244 0.15409806306408885 0.11046259250607975 0.77444617497524049 0.75341763501466019 0.26103299643042216 0.45981579131253408 0.4315257706602727 0.89813676615416338 0.2923143427014388 0.70433982086922897 0.4095822651522722 0.15506398060599497 0.29621392478793368 0.91087956069565934 0.79269545897295646 0.17944055455508773 0.11015182932151583
0.91125600158018449 0.001248185624069409 0.55242530020818292 0.68166648003568286 0.36573216508458989 0.23401911936036707 0.60083512223900415 0.22987921229370772 0.89653775794536739 0.10385221748753952 0.083196604384809289 0.99887526092087975 0.14544632303153621 0.94698861491293784 0.83550012348344604 0.68295770267578781 0.83988994561775399 0.54749864629846257 0.55373330490986072 0.088378493524359378 0.83757750649402618 0.39217435606518608 0.72489890318087791 0.33078900920504256 0.89286742366487537 0.20139620791726714 0.87037546095555218 0.474854893971074 0.8680633131829083 0.4832676519532369
0.81611597004857295 0.99765290648473715 0.096629628605438153 0.30112976131377239 0.11138839063482535 0.96100651867283615 0.47879196835990373 0.62902958380554719 0.077538495866616805 0.23399693299689467 0.41864349435811959 0.88569303860541615 0.98192545851955582 0.92942232387196932 0.20212771536487711 0.30909812414205301 0.34395871784387727 0.14100759254401579 0.45088746960996656 0.89733626421035251 0.20386785375734856 0.35646297255935805 0.28752253388682042 0.31029699063890731 0.87368901045368608 0.22483585121068334 0.047993186909324789 0.97661969568514495 0.28738746610340288 0.93854489103728755
0.71549555346204263 0.45325082951588486 0.56108827525248295 0.19739813746728446 0.42306254989188813 0.21883523059497184 0.77976591419053309 0.074208887781984242 0.51760988272193176 0.31679596915047098 0.12545454527110128 0.48084522555033643 0.74958882036594221 0.53460133453907044 0.70377752627130119 0.81007869360621176 0.28956102383498766 0.38086055843905181 0.038503945196421571 0.47637614264016398 0.34109708737713201 0.027740411571805335 0.6008669747254608 0.70104477555120448 0.68818281516791835 0.96853704119649686 0.15015923242441903 0.74741331449606685 0.96572822614645848 0.29402610807781587
0.72007613125048175 0.079741510951535741 0.73671217057672489 0.98788075287107224 0.58661122253538289 0.0075277120524513295 0.5971770739577178 0.86240779134051326 0.75513520471390738 0.58517949431088123 0.25902419637700752 0.23708965154101164 0.68930669544428258 0.64186362186852042 0.56785528638240146 0.31385703578750596 0.76883216267713084 0.48128087308046291 0.13056100918409835 0.48970050517445823 0.65268229229523278 0.87390443844293619 0.51523771277105568 0.088536064338364959 0.24457413930794397 0.71322821129180403 0.99420867951276171 0.89870545368744703 0.13130548073480447 0.45432605454269476
0.54828030985529708 0.39514167176107545 0.14538258216294303 0.46406923355156099 0.9959449638280029 0.83323774316966159 0.84696488875107079 0.37242694166759788 0.7943834223614793 0.30543624935439023 0.42537912789988036 0.43628321642146678 0.38769733236621579 0.0896068862346006 0.21389942724551442 0.88931248065666113 0.8550082914572178 0.4783674167405772 0.039761100932125634 0.67047501880488292 0.31065178409569078 0.62064831789410713 0.19677677888462736 0.66370520960499446 0.52767660069601319 0.81324981189321188 0.17214947472542225 0.81392207561375918 0.014760900092835528 0.31711745892864612
0.059429097851665877 0.23470743473125716 0.090492957089383472 0.22019606768884398 0.66693952088511632 0.63764828798062978 0.35556148770855062 0.90649472569354483 0.73340665527161819 0.50706132577686513 0.44687532885318276 0.72580255946913275 0.97090391553212596 0.61256320288223709 0.060915944138174846 0.15652157650491844 0.72236984817410921 0.5005489703008259 0.65837788177625201 0.70571019087632725 0.49918892078901361 0.45192192751468313 0.59733257476371771 0.75593704508950177 0.28313890001752712 0.99459196027085095 0.027143972324778765 0.52526661687869147 0.86972240050014626 0.20780052245659814
0.92871545051824822 0.49716250627059516 0.37359935899098223 0.93241188449248724 0.98719911570876206 0.90575651936024293 0.73387677597350998 0.17309387258939596 0.35187470194938125 0.088940631363606901 0.12865502904116283 0.63824868437319571 0.63500623100432707 0.30574554000028492 0.36813050654946983 0.39938840376295409 0.62674866144541241 0.87176148935919218 0.96750560019263487 0.4660705539205629 0.43555402847166685 0.92092215636574537 0.018580582357982146 0.32047898486748111 0.077389054393692744 0.23394092317573517 0.67032771224243493 0.17045623655859438 0.76988072502056548 0.76570138787856368
0.57438470465803637 0.80175722996479115 0.071017752396326725 0.90988534745491245 0.11984738971938939 0.63566464318516891 0.85487707137218749 0.25897129782761402 0.57465456277581239 0.46640169494191225 0.4436155479492499 0.61177330317539069 0.97640255714802449 0.32968966651031467 0.6215566500921742 0.38433325220196651 0.11829264525769527 0.02892759349689349 0.024120609230342583 0.15217819180998698 0.57059285502001045 0.2429578096118315 0.67605821367605856 0.23131779506095135 0.86962978859392936 0.49074738108492405 0.81945573293908591 0.57020617318214806 0.24204633988103313 0.98102001200587385
0.64475272920015714 0.22390285627980672 0.20233069726671865 0.71905518597334006 0.1493388490075846 0.69099492383273053 0.011571055442665058 0.60169680228108502 0.80960773923229779 0.43414985552925506 0.6531526759674533 0.71813155017757979 0.74354371077761672 0.12699584823532767 0.82202924673200517 0.78346443955297418 0.69432875922788506 0.36862934898163641 0.85732409317452729 0.50306712083580751 0.6430773295705704 0.85816577488527079 0.60349348629200839 0.49335160468742151 0.66342990958368131 0.85087919527394118 0.71251615982140337 0.84713567004824608 0.72924448209527304 0.63469100926885125
0.4658349048493195 0.23720317250946682 0.10927610105567336 0.029160618935024574 0.48127968177876262 0.24931372384226463 0.1747508579877039 0.2560556635050108 0.5064735397118727 0.082863251490894171 0.66006589983628305 0.87802533410920924 0.37309959265381271 0.43392787696817442 0.32034258751874151 0.34856038210472168 0.38838076081733147 0.15760451501911438 0.54630052265647755 0.13347663557735873 0.65158187880728913 0.91284864361001772 0.34305710038733322 0.6170212331232946 0.97876335794912905 0.6440140826622659 0.32336039407777944 0.90721828559639983 0.39916597191693654 0.44425088108663263
0.92866916624407947 0.86270692902882873 0.27718469184753564 0.032603331236603347 0.90393366975626444 0.82187140836520767 0.063073404512878281 0.42070500334213207 0.75361293496654402 0.12647262894538541 0.56964840988940024 0.63159406621048431 0.36211870598790324 0.1217815554964236 0.60822135646866216 0.61579965564094441 0.47503750554500229 0.05522704951568784 0.87948104717649367 0.61698959462737313 0.42345596360625942 0.33252388792289217 0.025788122122296465 0.892521469661129 0.35666280146868284 0.66658130281878636 0.32666839011833254 0.70282875630240349 0.71614097337886706 0.014349098357414759
0.652491760856587 0.22267926248793762 0.20428659226859264 0.06214008860358948 0.66396044841995383 0.94026294397379973 0.56539350747603057 0.10844592797976153 0.44150472636454724 0.3332665868952191 0.072673204336363859 0.82795171472546947 0.23182109412015689 0.36345010880679712 0.099380349123370612 0.40781325662784201 0.90090798828791008 0.91117761358559402 0.13417183705098928 0.5603195768903757 0.078885940751697345 0.12934531575367086 0.43839357536606532 0.28746890847747836 0.88050333973253803 0.20336415721733198 0.48071959721820351 0.06771926782333608 0.96995903600199118 0.37760965041022759
0.99530817550292061 0.27095629472406252 0.19849340109955288 0.086800451093440853 0.57387126865908222 0.23936263482019887 0.2623647459964385 0.48230567251195128 0.94274442336211839 0.66472747569886814 0.076018406440055239 0.83647465247113117 0.59061666426485615 0.62165850598343364 0.087495265096986283 0.64983114816216736 0.45278878773508896 0.84908418721367351 0.46113990525456677 0.3712635498935542 0.62299352517717665 0.47179647756853532 0.36148122675187527 0.7303192735909303 0.73472121382256761 0.49165449297475022 0.28560191251104422 0.75060809276537965 0.33766292798484138 0.72727848803619677
0.60050487915823181 0.145675744492133 0.10388888432309799 0.68069245297884284 0.20695675816515163 0.52262769943194987 0.93092420030389933 0.65316362717379128 0.10306544340099248 0.58048026360083693 0.053187368945555688 0.96453045788532599 0.97066944962062096 0.82601860649495151 0.089218034310826685 0.012447883208200273 0.14718527913013563 0.24085496761429898 0.68003664148196674 0.0034421034187558817 0.13759328174345337 0.037385179181487468 0.023617597070377406 0.5650127531748681 0.91921015029233577 0.92502119936891891 0.066897167468733462 0.38544130183437492 0.61111025715492773 0.10174953369833632
0.84503443476816276 0.80958481180658171 0.0353329672617511 0.67271882766592683 0.34290201777691937 0.35630830947175823 0.28302179473882721 0.43375782383860101 0.43580086843470628 0.15069422023042062 0.48809743861925131 0.89544471109930557 0.54521744934012739 0.21287995654528585 0.14736123552676877 0.10187540743493499 0.69851749746077518 0.12233949098104417 0.57945915989762975 0.36012919851820951 0.36832351487223319 0.25627087104276375 0.32548599330533429 0.73937976994286458 0.26073982992832939 0.26018535095734435 0.48230763906357427 0.45043490731612706 0.16780587578268708 0.84358816268933023
0.55406020131407063 0.77809587790103396 0.46164222027593388 0.38900548826626297 0.67741190614530711 0.86185112504025063 0.94581771956209704 0.96413822397034354 0.6923313865452021 0.014751146706017893 0.43653074766327621 0.85794227739476925 0.28159882369814598 0.21708426232716055 0.33382988038732192 0.66036541558487061 0.79426408767596324 0.76264272872085115 0.31481111368039566 0.52738519467726497 0.2200952617909871 0.12576745263142558 0.82022337868431039 0.1293253890780342 0.41753560031730758 0.64840234187299595 0.73456532859595736 0.3686258795404897 0.2115390537126724 0.59831978568052768
0.46880802726740584 0.32866610265914736 0.90370960611345275 0.91606970567785506 0.25069678943953883 0.17098170970147125 0.79949070347676265 0.62332756358103769 0.23121327086960258 0.039910642184642617 0.71841022692908929 0.21877968017640387 0.79953134676085857 0.42803180657970702 0.73884309957623495 0.19370454538800513 0.023552632907293303 0.43689758679144591 0.65378963165197868 0.14852783597267777 0.66309655209385765 0.36534520705732015 0.6809010432101601 0.29277505200384885 0.55790458793163267 0.69793898471089111 0.017335859690526024 0.36874693208725601 0.59552303981048704 0.00084933139419867136
0.41385264851048559 0.16746072988383648 0.9535751243963384 0.56315644471657367 0.71995129449280104 0.022571511414274759 0.12786941287021208 0.40255509620277691 0.095670248360079022 0.057672663594354009 0.23059379977100508 0.39183021485210406 0.84931256183571624 0.43293897234347961 0.48394879374125949 0.31400247677495569 0.90452049246301047 0.043272335531923931 0.86853029467401666 0.27262978108072261 0.73669182674369382 0.31970797239016741 0.61255860808879381 0.021487011353351227 0.69952870629596842 0.99188495946207877 0.48240495534196298 0.74449412808032445 0.37062557469408458 0.78174937410667977
0.91875100604455984 0.65702475207792355 0.20228363771095387 0.39349044215396917 0.90575875807401762 0.53760497822994957 0.11330762395862574 0.98542947717317364 0.48770963869535083 0.29826527476787729 0.85015683302291356 0.46313206186770989 0.72581291138100967 0.94661999382776119 0.71097526021638613 0.28367183507008326 0.66180244948563782 0.097139260319892215 0.44670237403996066 0.55761563437620998 0.53200391675081249 0.88244121307561829 0.99919039192616621 0.16675103876780056 0.41890773359852068 0.67680988361136973 0.63281602687489558 0.11443320063693289 0.70352504002000871 0.67413539651519483
0.2920747766150637 0.43568212814840129 0.27244238068647036 0.77870992895472468 0.60336271071178615 0.93856233697084168 0.25412826453399445 0.15654613896885711 0.73761183910152206 0.22603543257737407 0.98615915108699503 0.85829316993481941 0.22054157567601446 0.56347762638330956 0.85678226563339155 0.97273138275447313 0.51238088144338712 0.97018941139946313 0.59991069713961898 0.094789494939530858 0.53581964114741454 0.85667000458226517 0.70623709837189619 0.63309939472342502 0.79620298622209607 0.57483976333848819 0.647582845584322 0.50373386242950857 0.42204664535639186 0.5834304457224887
0.057178862557528395 0.76916636037115271 0.14205163518839165 0.63549378904237563 0.35264282042090195 0.6541926432302323 0.064132440463577287 0.15042858067977177 0.33748099611055821 0.25527153631116078 0.016992470868995069 0.94495134988297524 0.99168987621816296 0.40634661949404099 0.35379530655196373 0.78994106210844339 0.81659412753715677 0.58125208607574497 0.48913687031864411 0.82484464088929998 0.64264182140440784 0.79451732724281476 0.73255337988557323 0.26026747251873444 0.88282867752442284 0.4445012193199907 0.055587055641392033 0.33124463038789725 0.38394097927877963 0.86892166722442499
0.71254091405357145 0.37519963708754184 0.98000214223710902 0.20137505297628205 0.26927274507553817 0.11506307163118738 0.72097841802211982 0.56781725352433943 0.87488676568509804 0.47921689603271295 0.64605814051069588 0.48422991055185288 0.27070778687344782 0.20431510145565274 0.14646580064536102 0.44059063100296253 0.44028458866300996 0.61830205402954042 0.85081811398290075 0.81702478454329419 0.51701568167424428 0.66780012250354592 0.66603319966638797 0.48414277553048196 0.87076062743554783 0.060833577133615854 0.2854477676860156 0.95541357736550969 0.80496468492350659 0.26330155350029955
0.26221136448638477 0.32989304157823124 0.50308481517619541 0.21863268434123423 0.86667662611753815 0.11161761477247183 0.38322775461710884 0.30546525658183638 0.78746545394637024 0.75383995043195373 0.76687458739936665 0.066757222535319169 0.090481271229338953 0.66663451634813176 0.82976429470186808 0.11963741763671147 0.78275693028623117 0.66272058799358846 0.98200152781481964 0.96527041384642709 0.16708727676583696 0.070878727759107238 0.83028362227201136 0.20944279728065091 0.76260961848554487 0.35852975930995062 0.11626700832217578 0.10904965856522635 0.40831658753758288 0.36280169868206252
0.019716624804614048 0.89564925094984627 0.68051963241280833 0.31779839345296595 0.92913270561193317 0.92297827486217454 0.86441811226591037 0.96397661694925862 0.51082420942343931 0.25692895917902597 0.31595485292650843 0.99733321978321376 0.6984317255843342 0.12009045959080671 0.85617238087987069 0.069182997458468273 0.92528286402598559 0.11534511818862662 0.39582536622241876 0.98008851227652916 0.40770760909867193 0.21487312908423944 0.59975675254592531 0.44886997869219897 0.57326579964023539 0.45468222922363827 0.98835499424592033 0.82527573765238305 0.24847259385253101 0.68812300305486318
0.53414372241569164 0.64632794787610004 0.10134482098976898 0.78341522291880217 0.69249486138155392 0.73831363468373035 0.27596471031828412 0.80736757449946417 0.18079572202901156 0.84900619756396256 0.79884138009255956 0.24848852773231106 0.37674099974084957 0.58237311520585366 0.44952993718283035 0.88518818128548904 0.2758376769986251 0.65409862190633272 0.053254140497215594 0.62786715945410621 0.63372590625402303 0.6338871163786447 0.049187460432818228 0.055706716390912556 0.26004252658790344 0.05917209341878453 0.94008719078268888 0.69937213886015159 0.64175347497738255 0.56821017177603439
0.2240250202989526 0.5377015640542131 0.56724068999593436 0.3417912634972689 0.36306361224953515 0.81690690478422312 0.30738631668095479 0.98950730265637599 0.73470087262859551 0.6376724818627465 0.16711368678890021 0.039827421485991318 0.81247793503032251 0.58434715325633413 0.022899250974411412 0.70383746511406464 0.44785074643878447 0.85406800176062003 0.61400735707714948 0.14054544252397577 0.0088269018073940282 0.32801678114732341 0.60901933720321411 0.29479243284752493 0.87796571622846342 0.25629452815246939 0.56198939150266625 0.5219047170551312 0.6153182644058679 0.6728545312728228
0.77245285855162793 0.53822546073030098 0.0025411030553327716 0.038859408428722639 0.97942192831737929 0.1295138144859927 0.14936325589408744 0.61302215519848602 0.76676599853055394 0.9810315931340714 0.90958935425241372 0.34651565010272495 0.1020276839568091 0.86648698286691606 0.72396942744533976 0.15513459910877142 0.9976305552783884 0.39382202230588054 0.94940939558285808 0.98865708279339148 0.59636530256129683 0.078336317781435391 0.66928659085072806 0.54659650145429095 0.43025927918789048 0.13326603375929441 0.96744389715262413 0.29625267728695742 0.29837389134513143 0.066171961441304258
0.082601058802928604 0.212124671934866 0.36695035152201566 0.79953635535176126 0.023408383014116674 0.30317941993082581 0.31716639809684549 0.61066901758363568 0.48021730070038787 0.75670476989060842 0.36886626582950383 0.3296624920647741 0.37296629423959354 0.54521978430708895 0.12405934336018491 0.86550567603015094 0.94076521965433735 0.25813905572875923 0.69801057371932762 0.45645054922720679 0.9459439116360554 0.1255769861779899 0.67606399165184372 0.53732904527971248 0.92997013970505471 0.09585250915404557 0.82897250740176653 0.32785984517193573 0.302348463880666 0.22238010685480109
0.82333540289153617 0.22046325264436833 0.2856220415324528 0.7776399029251555 0.28423711357326414 0.020591347641875025 0.015416080444688941 0.061226553799137037 0.8291589088239848 0.21982979763602789 0.70134409030285039 0.76476112072161861 0.66165264435400017 0.26132550483582823 0.53287651641893907 0.29348913320842701 0.69582760577472258 0.47005111783818937 0.97784809606818957 0.19949240359427117 0.74003853514624252 0.13671881731110352 0.33072133861101244 0.69020767654651283 0.91426801662954005 0.98906975560308474 0.16873262078797474 0.38683069779441309 0.7470758584295526 0.084924399148551807
0.42482492735112659 0.94208559649631185 0.69166056790829622 0.6179920392070094 0.37161195192184399 0.46585453893951373 0.49014091245555497 0.51871396220828259 0.94951958096276645 0.44489495734971768 0.0656986770714129 0.42275548151827574 0.57770427096727783 0.78619968613656188 0.60569169655354715 0.84747086374411251 0.12366149233224059 0.63443866219660927 0.59407287618780935 0.54421580456878815 0.89649882197215947 0.47607875361584434 0.77562171239397215 0.16416726958380806 0.9685238561025511 0.5308337076168671 0.34496044760475081 0.18000453445851777 0.3958166545019946 0.2760005964980134
0.57044804471999622 0.14825580047394277 0.76971143412431264 0.77309273542524326 0.45155247425854744 0.90549865711677546 0.069381252521537304 0.041426184127208485 0.30830712516316244 0.91488777167776969 0.67243301706483027 0.72314671774496764 0.03849734669313358 0.41197248092748079 0.90736478065413184 0.041790583272036483 0.30446959850687588 0.34772432651084556 0.77352644124056325 0.20420989390894001 0.65156719938268171 0.84067209114122665 0.37274204901235425 0.37238283268861677 0.47544665331236918 0.39927416097771945 0.038343474544172015 0.60918911051255697 0.69436126363533024 0.49550788434594412
0.011946305445788608 0.50012167770788385 0.53258742907411549 0.20924097364106703 0.86747686204369556 0.34480511197249603 0.6837974666214518 0.84258529373153335 0.20065276936091631 0.96851196497883929 0.15365773125867438 0.2945024115623191 0.98098844951438247 0.72883374257212608 0.77891673453454213 0.66055813579396938 0.34491862194668327 0.16162917229938784 0.72587901645300168 0.8569686371496068 0.57513929261088781 0.19380090933111588 0.27839686006189651 0.51748833722186349 0.51203452026258278 0.82563913932891064 0.83166064553888419 0.50289652796820794 0.91886003098536584 0.62670780823394345
0.99151941506180596 0.27290543491548463 0.98880144202387232 0.70845560111150907 0.7113897062742226 0.54243258001394468 0.99909415291799242 0.35039227603454909 0.82500514978167483 0.8804438075007982 0.10590642807213273 0.21520072819330288 0.66376999746425969 0.22328911888823616 0.039234558060864996 0.054103386733755629 0.27178570368148175 0.99973594925466192 0.97562260486323693 0.17341162964966556 0.29936509295108377 0.58793861356610766 0.055113018393591992 0.83360914694131427 0.30572028841894477 0.20736791697750429 0.52427634178097104 0.13266608143258757 0.20505330102452107 0.40180081794668338
0.56999308197682441 0.50954833800429877 0.70554791581144249 0.19147758299466483 0.8903990243492016 0.36008709199822481 0.43924587030143497 0.3798502231242124 0.17424949213486191 0.85556029638833175 0.28223783637446592 0.40145556585128445 0.81101612233057341 0.95989368903851024 0.7149337931561851 0.08662007205517934 0.26955213145646689 0.50885006242692143 0.48697445694949476 0.33093624871011612 0.60186207881589193 0.089683146774116748 0.045226860082635587 0.93182075360075922 0.86643045829802845 0.61456338154535251 0.62818204137274625 0.56438672047366334 0.96498268045044699 0.26192554987683087
0.62880773356838526 0.58231217911825639 0.93993455573706197 0.22115004325848991 0.035828998475771742 0.89848084149299146 0.039854635072233566 0.73827877117927487 0.81382358959130263 0.27945178797769271 0.64572660709601692 0.4181876651892184 0.12785643781527617 0.13594465698532682 0.016002360833084862 0.2014152803481592 0.83322053936018925 0.8903027915058136 0.31318055269355954 0.96150813648123079 0.099894213384464733 0.51760224372144115 0.45768531630942194 0.016937271587466208 0.62116124757556779 0.84514418845331185 0.73883258504433602 0.097520970170179397 0.097306787977111717 0.85082992062104856
0.96908056342394078 0.4035442089052072 0.064856757602174728 0.37122887681768862 0.18300475314978287 0.025728935147543864 0.66190517791677017 0.6199703195825409 0.66982516350206356 0.40844450271044003 0.87822972915953712 0.63090450775962836 0.0028561165350107663 0.69457173170757613 0.29014506283455094 0.69655025495170797 0.66563344666263269 0.97048470804034259 0.18783253130701566 0.041808384966033271 0.095507612435137099 0.25955463009787721 0.05436688811325778 0.35673195313719414 0.73782521625466069 0.73795585748816117 0.14407356729848958 0.73299877767735966 0.65805768497409212 0.24433240923419969
0.38279222072211133 0.43123102597795454 0.45433132414816196 0.044890991462167171 0.29720346119357138 0.68976000420132666 0.51622682518912821 0.10659168956770053 0.43730513559707901 0.55833886873650285 0.23704300903886072 0.43571449939136281 0.3677703283165405 0.34163747771474035 0.42248754888149292 0.72926733912727504 0.12387229786728797 0.86142604858341854 0.21475988086401804 0.98827490986456612 0.25839382165047148 0.32234813279968472 0.18990872321420366 0.9427115142519279 0.044383084409952464 0.22539655822072807 0.23982772464761598 0.85229183135130238 0.34952322511698491 0.027015311999261594
0.27942718671961847 0.8596386034460044 0.12490884757636438 0.59820354704182699 0.28902598502798743 0.032848077848715171 0.45773492361777951 0.54100199712019714 0.18056344717105804 0.027321435830917663 0.99991772358679976 0.82298557350871016 0.55925246002534523 0.39411432656766171 0.67353486489306469 0.84705355561758766 0.61817739470647648 0.66345080837017567 0.42566385321722949 0.74948812859981528 0.89584697788643575 0.38496869427526464 0.64475539813383631 0.43157544181595126 0.40795176361076829 0.080824924392044958 0.42635432658283973 0.7329288549352071 0.53268008218609963 0.18214909233163484
0.75031996881986074 0.76852546648163178 0.50496917104937422 0.50640640304801365 0.83231896655567117 0.50747903238523262 0.41155700570371717 0.58680485275907346 0.37133896475751865 0.9911091985256969 0.20934008825629419 0.23438500046068095 0.77756600000362108 0.59086643994651211 0.19471892922978512 0.92240194391846186 0.41476393792064664 0.18562578269360314 0.35140883146059748 0.98917077511261664 0.8491639803804174 0.0038584197564194731 0.19188262839122855 0.79895960120684661 0.42739523616256053 0.19152011636756777 0.11672238602658717 0.96928953549306451 0.10135163123671424 0.10086466545215526
0.82352849531361882 0.86601016408676434 0.28413104475383527 0.5153372762509737 0.13411172950713951 0.1614423635319287 0.25765181510769736 0.15356962264877222 0.34110514875175973 0.025700032867668688 0.6888403827507158 0.87607718946256485 0.99719688843575105 0.66438290342617279 0.057471406042100701 0.44760169899171537 0.46323303301063162 0.12749976410701708 0.7469727077502103 0.38263516025657945 0.3463852414842607 0.97258273568383169 0.8344840692397717 0.23434099000479808 0.58323030071416659 0.73601547083552121 0.0062098205032341978 0.019711364160267465 0.60211432900693496 0.87442811739248272
0.10365253227211184 0.53281775242132012 0.26024939890063764 0.91283350606440228 0.41961734934550082 0.90817968159508755 0.00049373281110258742 0.021751082548805246 0.23941718987823185 0.70242589215505136 0.032194050918516501 0.090227179992965631 0.87457814722037253 0.24387634666501284 0.75453812497973427 0.41228010032521539 0.92317334978993004 0.036788742276448058 0.68996731616742613 0.15802694391301725 0.31879232173044397 0.032692858203283312 0.3743197160367539 0.62102899757012009 0.34420927970442156 0.25008167977603529 0.32893799596012502 0.86935624651449794 0.67412158267485289 0.095589007096058706
0.008881916195453133 0.49352218161062783 0.83363297582676177 0.16556780799953091 0.39960396743281629 0.083875175392071719 0.10077557117858164 0.02727759868688311 0.50241254903683275 0.52106171411553892 0.49414923192007282 0.84914872909737182 0.47847520799565807 0.087042375908185352 0.67600992142264804 0.21473776912626025 0.48293813288365067 0.67840647315456859 0.92276346164525225 0.70604228473679553 0.26193397899066034 0.1804321273276282 0.23083257025379017 0.27569959220480517 0.41251904634677122 0.39002123340132105 0.056867228984933613 0.35284246925947377 0.52293857134536548 0.76016296186253651
0.78005138895815795 0.65179779908222235 0.87166568842451431 0.1052070352800956 0.38206030326759727 0.47750104983266167 0.073683675739931551 0.7032506234115582 0.63732018169873061 0.70063259272989942 0.78382227541915162 0.82307793944536434 0.15020115185145017 0.91148922009905786 0.76159156524340554 0.40942878157372492 0.93448904109049369 0.89976713677418874 0.033729771516200421 0.086745153167216468 0.29414317614740609 0.0070936308155867154 0.36176254206773523 0.76826766346961783 0.25523254410177693 0.84369737316241733 0.20979117019992838 0.37630789505527568 0.96111789139976567 0.27630896449665016
0.85328494087761275 0.93911132407752462 0.48464776960660166 0.089224444087783225 0.020215196480393761 0.81995101070299536 0.91637538908388427 0.71286411885220535 0.20228336951624321 0.32309202791007924 0.91441766910502664 0.25285510268475248 0.15701182156135568 0.56608756600450216 0.43944825386581271 0.95704789030893378 0.91260098835746795 0.34808386047129708 0.86479424623528722 0.6326392492399262 0.95497243766619955 0.052715754440389159 0.84718588525440408 0.90359984739484267 0.94061075131255456 0.017742430396321552 0.93214936961805095 0.44601912189661269 0.13403296357550493 0.8801869975453801
0.57162544166587848 0.43910057697380483 0.088414549990987565 0.6425598733678175 0.1372709201841617 0.96691197548461272 0.4124603447789304 0.82554033550570849 0.29873747216181029 0.39742683153668684 0.31500713550077147 0.76360134234586652 0.67079721528033198 0.22395194614002983 0.36058599551603915 0.58820145077619412 0.1392566521121133 0.74622886245708886 0.99798012286303561 0.21936564953184395 0.7213198271746436 0.66796897103830244 0.91460804961236708 0.4656658831673775 0.49055598297461261 0.55647223541674606 0.31115680720578204 0.88339723692226857 0.020765324536082753 0.89452401267207582
0.42905796228975407 0.42626538948284304 0.68113051035533001 0.90433400248427753 0.75148133675546369 0.94395343858853376 0.58765219541412994 0.27272728404188168 0.21573485342199178 0.56403016189176403 0.73626803889507431 0.9587147600998206 0.90432202425898844 0.13970027886449593 0.73656879289610544 0.44474314756399297 0.48321074302396266 0.20762244267563729 0.72581601652301009 0.58538454871232437 0.088220283600978486 0.40489438819021767 0.38286542537620266 0.35847933688755812 0.59936880377531643 0.23739811881067091 0.12917421715742933 0.84437429579898748 0.43761881571642197 0.8508758990167633
0.97212876825155881 0.30034194205777914 0.88230021748415144 0.42399010038403834 0.56592647424910314 0.78474573752494492 0.082218457010292331 0.59436807273238323 0.71277693021339994 0.28755501596149241 0.15272406294685853 0.23733507851692931 0.65653003150525313 0.27030454511720453 0.96593503759041643 0.20478408738210235 0.37852400726039476 0.84468445152552341 0.024400181539098776 0.4100073129453527 0.96057334510524994 0.50470791242849022 0.72199534870578197 0.23257490175456214 0.11733486131763464 0.0021161706391791711 0.15231199027528358 0.75275863428359346 0.81953189796654113 0.60922505136047789
0.41183408826520057 0.58393236331913045 0.86565966376525849 0.2433122371641811 0.19966177716063266 0.31492017311939896 0.41367239650715942 0.77650474103443456 0.3733568303677231 0.16534612523441922 0.79221765310279657 0.83117709200875523 0.95534156951667115 0.75558010443608703 0.89696127733945552 0.41992289808455979 0.48468623148289941 0.72121807057221998 0.17197612876010399 0.62483813115273268 0.38901631004590603 0.4352916086797432 0.87087478265144547 0.82533881527056874 0.65113546376111597 0.13025010279865784 0.79458900611410732 0.9465815393047835 0.66015534378650575 0.56362770782202776
0.89177600841608318 0.15967595379520033 0.94635219737731502 0.27234640149341344 0.48570898997334061 0.93322228355023629 0.56475952934660933 0.29040833764541146 0.17505650834603909 0.60802204561420259 0.64521686957164992 0.61630845366107845 0.62894775116348911 0.51490030869770231 0.28132417907284452 0.083260281924645671 0.18198290195329808 0.033120801033831346 0.94623166326141228 0.40874179986072062 0.8823142544455006 0.32603220442407282 0.20279749775174266 0.085584604824633634 0.16127273038869977 0.2693097169379966 0.29753144214307042 0.51047903381911708 0.22216680764558744 0.04662268334162549
0.9775411313279313 0.23273273006492151 0.77169275015346128 0.88394886460256483 0.38231442475113636 0.88191055349266023 0.085158054420226434 0.21011576034017848 0.042519555663711836 0.54336783060912242 0.40075145340985513 0.21340132258134009 0.39716970538831026 0.43872480840451794 0.34703043549766971 0.2700539572339134 0.32025839994617916 0.7806730854768118 0.88267259986202218 0.6433542226138188 0.6801326600538935 0.5724754861601834 0.24302029494396099 0.0046763648921406718 0.45293429290157922 0.96967739153680566 0.10599571677913393 0.5643775307007517 0.716378190754836 0.99858853049468321
0.15221300116116737 0.15684507045294421 0.96032928454093913 0.87176816178112393 0.80627447140883823 0.097815059260096079 0.85246897971976643 0.68700603970182539 0.93939319457633474 0.25443701287679216 0.61695304324642086 0.89014292257213334 0.52656124841710761 0.32682661074325409 0.90516752783137355 0.82375841157125151 0.92781533016436024 0.25423579446756589 0.77357438906986009 0.94167445923723092 0.63413096329658625 0.61184164709295907 0.28961553775384136 0.99445036225270445 0.39502312684614632 0.0028763434245215212 0.57504659351612797 0.40826021901281057 0.070550055900354167 0.80594286729734099
0.36109640820785099 0.22927699917600824 0.30679138946213208 0.38309466747626425 0.57799012568527353 0.23215849624331003 0.034506825405932348 0.98225455023031583 0.30796249559225003 0.78571246113441495 0.76990065441572531 0.79098837606686045 0.32306166766596583 0.91783449219253543 0.63963708240132477 0.60238773263957057 0.83617866513842798 0.67055401182574403 0.68998331459018303 0.96927369364128912 0.30143712583550203 0.8018522379103632 0.57673170523401862 0.22323718812451859 0.36676584014814823 0.2821308439484867 0.16158935091067156 0.12941953805977086 0.70528521221237628 0.52773440422171725
0.18632026350309655 0.90995390851942271 0.60237553547881495 0.1673812850423681 0.80800565686151993 0.086336385042842509 0.03863809944041556 0.12539861397500612 0.2737112958683377 0.69785118525862944 0.88247111748703277 0.45433667654702442 0.85054676517168126 0.47603066658082166 0.59935346961563973 0.41393416837053659 0.50865814964011224 0.7866404964056195 0.21107113477073708 0.15560237785781167 0.23984181373186281 0.011073631702581067 0.79142519811350043 0.78993431452472784 0.82355707935107458 0.97934853474417061 0.57611840913129575 0.34650803317811546 0.65155835136147455 0.41880048999204272
0.8944922868458558 0.27407464182292179 0.6903514921963011 0.26218578114996788 0.36680145066897613 0.27669549813987443 0.63925182563533767 0.88114463270542209 0.64298596145417097 0.40033300550055756 0.90275516376152287 0.39810453816100716 0.75607249745763072 0.94451785290554879 0.49006201912631969 0.81117328571013314 0.081384652549090816 0.6200807117249908 0.28195811536298793 0.76628032365243037 0.46509738223792779 0.052069579128738039 0.33482201087511726 0.90449897828833414 0.42424019385950879 0.54132812491516813 0.14265306713771658 0.26264493918432613 0.570940890966808 0.76671001650816195
0.30994308446638913 0.50892743492762327 0.74571717778888791 0.54739337358365669 0.22066037551144074 0.71852837367988998 0.86790206559140093 0.53398838312631924 0.92688173209481284 0.035328981064560547 0.18892203991509965 0.53015865381353022 0.66586936244561734 0.16737563032039554 0.90968630372469172 0.9302141761120849 0.96847833903391811 0.90714463541791168 0.5777651550007914 0.28358158602537004 0.033884174560150734 0.79371733839814018 0.74169589615869358 0.81530021409741626 0.67256182516297247 0.59927239105371055 0.60490897773395569 0.56797971739214248 0.95833773907405562 0.69448394848334283
0.79935468997717252 0.15868121410104291 0.084688508741200749 0.32241873005205229 0.67978905675217927 0.35690803105214791 0.21841114371758891 0.4301175778892064 0.23957167455260847 0.8302532113154073 0.85258301684623083 0.058264110210836037 0.13371324268904322 0.66878070299633074 0.14448613279604411 0.12538965293612742 0.87323675338415541 0.34182845616374441 0.15555284834688005 0.83145753254123711 0.72495809339407802 0.33099063186766214 0.41581273955525638 0.043142687391045917 0.23939359045433378 0.42903516167645067 0.93936131570565617 0.4808962301985456 0.55117472597400063 0.60148532938019572
0.22851350416246602 0.73923926810436924 0.28739656453045542 0.091682124832778419 0.13323112457429137 0.70569131753081471 0.66176274929589529 0.57036503215394851 0.3793444467151123 0.080497512744508823 0.21045860107459496 0.83421247946204402 0.20375018960914965 0.42503797781579195 0.14488863842227823 0.62061487115063008 0.85812681023388693 0.52712180455056357 0.60516900161505849 0.70642707550458994 0.17000023980293727 0.87901069983062963 0.50553336180677666 0.86148883414970789 0.99962509279605838 0.56874037931356447 0.33032532851429491 0.90241619934987238 0.9742068560217052 0.84010752513205234
0.06838377903485808 0.28717822125581444 0.94504812051984988 0.56648855008879684 0.8702386117350045 0.63382619407074148 0.52249895754723152 0.6087279866673817 0.13225302670036726 0.30179975254742891 0.73298413562325371 0.060071362420178118 0.21231848028619177 0.17949897763305783 0.48664664266027796 0.006519987010767214 0.045882976842577403 0.69468195263211163 0.72129083034499075 0.21102771981444773 0.040475834086090165 0.54893597900342639 0.57636115389705 0.58013113880925549 0.25909638382269368 0.59773743736673857 0.81139874552339997 0.61980994832944691 0.74805325625750929 0.12188711973239379
0.093594172469808209 0.60130388992561656 0.13223771917508226 0.47803849879961119 0.93752373729649952 0.11486347011758284 0.16896320714838869 0.74754702520885252 0.26748496719772913 0.65405763596210076 0.48223403210759125 0.10756305600971532 0.53350147101731438 0.004753152208517286 0.65848473106944871 0.90112927911553864 0.57213836454214562 0.30629871510438539 0.54702602530814293 0.99754247416795028 0.85294102423067897 0.6919215338791308 0.57249333251798684 0.19689593540466716 0.080019176131261013 0.42744978070848777 0.2180838492022345 0.27274302159018421 0.6318741353028311 0.433697328280161
0.18738454302934954 0.79254495733179919 0.74545194038528051 0.79591694954748915 0.33010009745221042 0.89607738182189633 0.63391682085666301 0.27031674183733218 0.28317689189856615 0.43678195290946448 0.93524371671190742 0.052299105757811867 0.23620600007072318 0.84776281658908714 0.8630576999456947 0.96927683161345257 0.82474620635029638 0.085335772677642183 0.45585913679912565 0.31669606487452912 0.018081889495129722 0.0059684664907634797 0.74533874953902557 0.076841275449845578 0.39011474973885868 0.80441326561784687 0.13228039602270741 0.13850441243996808 0.29091943318254671 0.93644907870672522
0.91940267675807719 0.35886697427660258 0.083074510506914986 0.92526359897489063 0.6299406400790063 0.61385966661691571 0.82940806950819779 0.043612909428641863 0.89925911649276857 0.076956237980059392 0.62906305050252254 0.95746635691774784 0.011951190402517065 0.6955138300004966 0.099299937144825032 0.60371298269771934 0.90080274119442938 0.42217153531738399 0.93157146431738758 0.53734756602197731 0.011241746775680839 0.79708042595197792 0.23279382185584035 0.33167006882929778 0.86974365864392966 0.27939150268101171 0.62710480586394168 0.70825339077702376 0.25151184545826327 0.90815070554504274
0.54812640691859393 0.84174781086030948 0.26642678594968688 0.30425144221496597 0.32241253199669612 0.22842622714444433 0.95992747600247408 0.46845525892256795 0.5156514692240427 0.76780641650603054 0.15746580767596124 0.20529823989463308 0.049031488235434725 0.0092341497879241848 0.80102212035879705 0.95976103705783444 0.036487371992144732 0.14189323200617882 0.51759082718860883 0.1949091010287432 0.77127780841689098 0.85795298754104565 0.39826345948343306 0.60506450542442491 0.31196930021130981 0.79383677707393874 0.59308794524750197 0.31144469720920881 0.4267476394695941 0.094045559616374438
0.98670027932157212 0.070039367033292318 0.083799204217406206 0.43087817150347424 0.78780496673323985 0.79532572081447428 0.9075228039753781 0.7438277475701911 0.12195686222352979 0.098074952540638735 0.93224936975359129 0.63674909806765623 0.68475551722085581 0.28582087638758719 0.76894975984643166 0.31253574039025062 0.13094075566462665 0.28450953090378511 0.75902925202279381 0.61492689416555224 0.51121022114534465 0.20101470377644709 0.14043392638451918 0.23141285538248363 0.71355317828453191 0.83443715672583518 0.33482362685991179 0.078785169226947269 0.43396975469986182 0.51225924091452679
0.50653944762445968 0.44050833701551223 0.22913853584374894 0.36408853718008244 0.48314194816761141 0.41407795228888605 0.68761125699251791 0.60014333100755091 0.76810631443973343 0.97192761365709301 0.02521054361643953 0.17568803468790267 0.45146624369468474 0.85505841127378901 0.43548522641264903 0.37487428596835765 0.43624672990744978 0.80462778673494917 0.70140686846374078 0.28845854688867983 0.92347654236862942 0.8004269179688589 0.45940892805741446 0.8937145693248334 0.43499735825370683 0.05944295132846393 0.20326135384402472 0.7106828213518831 0.89633047735362215 0.46618688407538239
0.85293223722601297 0.9445642625936258 0.25718011636476418 0.77241405600657742 0.75130259585711101 0.90317376993467258 0.32861725361721755 0.015632358869336827 0.12902796074237305 0.77434480908038705 0.97178833896721561 0.66820304855990487 0.15146974677176755 0.48375674350906911 0.47949733155722191 0.70957731771134158 0.16747847076387107 0.68603336317971686 0.64085135549262451 0.83123334154568007 0.65618614249753449 0.2170563561294046 0.90388162397049632 0.69473528830462328 0.81170260310199516 0.26555089926941416 0.60127986093656227 0.47487799502442157 0.37995738147226993 0.53019640372667665
0.81844278734909492 0.58452591186903047 0.53656652053052356 0.38961235293109181 0.8274476949931483 0.26155108826372858 0.097353750695299099 0.46091910757823845 0.13139889348209294 0.39295228710718783 0.18128057326064956 0.72566045075992935 0.39253564870754859 0.90292889357041661 0.98605499537877672 0.21217511669204975 0.62530534781357305 0.46934859954982916 0.30648187556406042 0.90539561079859254 0.70676274989687093 0.78815915845958873 0.42360495231181233 0.20287794413643528 0.43937729407071419 0.63909364788129097 0.84117226953639324 0.41935874485922492 0.33886491182034467 0.39382932040995605
0.36762455536973643 0.94813240616955163 0.90580446726883901 0.52220214120495079 0.45278457826017132 0.081865805389309695 0.12219268403755794 0.44039420216260089 0.73964132137518768 0.26305413174860254 0.85649721770404463 0.75574724332496368 0.21960631704569195 0.939285823513067 0.55548833517106733 0.19975669882686237 0.32354325277361923 0.2344374624369801 0.2539913570326357 0.8381073811746772 0.40427477904190395 0.90390045258964113 0.18349712476979457 0.29929151535582338 0.27790863374641978 0.28862349008446214 0.0027307628748499011 0.46284242830672401 0.48736529959285418 0.66360779939958847
0.11407332558861798 0.17574701770733897 0.14377277279443329 0.96030087193749447 0.16412120145607018 0.28979885036839564 0.93182695406243776 0.60014047406209936 0.46248277824696976 0.6437415878271231 0.99250069015335096 0.50786298912268568 0.0033685437444316733 0.1540953193250521 0.860943364765823 0.17849143849630628 0.79965818293292013 0.089269722377518665 0.3938551319931764 0.15355703238875446 0.81846882071248184 0.080084465536191571 0.17715549468787689 0.72516312143131667 0.22175609676978841 0.84774965778859479 0.41907688364347945 0.24224611640985255 0.019714023685485294 0.0088027760239706605
