0.406482 
0.295044 
0.431565 
0.962477 
0.449544 
0.594476 
0.395753 
0.455517 
0.68372 
0.813932 
1.14621 
0.995058 
0.799982 
0.851275 
0.384191 
0.816669 
0.406424 
0.948964 
1.99269 
0.322742 
0.244646 
1.38594 
0.623299 
1.15414 
0.536012 
0.950022 
0.997814 
0.548826 
0.935441 
1.00482 
1.84495 
1.40948 
0.222336 
1.04436 
0.78416 
0.624329 
1.17245 
0.967402 
0.660321 
0.779957 
0.645932 
1.02951 
0.770273 
1.51855 
0.126126 
1.1015 
0.535856 
1.83553 
0.871676 
0.722176 
3.81933 
1.30171 
0.296923 
0.711126 
0.437995 
1.3555 
1.17027 
1.26158 
1.14397 
1.02205 
1.49524 
0.765355 
1.24844 
2.01236 
1.02368 
2.45286 
1.54475 
1.10558 
0.672149 
2.14908 
1.75409 
0.746667 
0.807984 
0.30201 
1.49748 
1.21425 
1.69367 
0.874801 
1.65795 
0.701657 
1.88731 
0.268962 
0.943039 
0.832991 
2.01612 
1.58952 
0.521095 
1.00224 
0.928547 
1.91181 
0.952779 
1.29499 
0.935801 
1.17032 
0.577603 
1.02432 
2.26687 
1.52666 
1.39697 
0.513113 
