0.0157491 0.141339 0.0795504 0.436948 0.220276 0.819355 0.176408 0.726764 0.98769 0.844231 
0.656713 0.982338 0.976104 0.73682 0.35122 0.645939 0.932666 0.36337 0.709825 0.763883 
0.469431 0.684163 0.120591 0.711367 0.916875 0.440528 0.249518 0.4466 0.51624 0.489736 
0.200439 0.155786 0.421114 0.605553 0.770779 0.334912 0.147955 0.480281 0.28275 0.0914222 
0.49392 0.917532 0.203674 1.25106 0.829354 0.05156 0.620186 1.04201 0.838259 1.07082 
0.170102 0.838272 0.879957 0.531176 0.400985 0.262938 0.222413 0.388202 0.693085 0.85388 
0.536708 0.247788 0.676081 0.119253 0.759331 0.765785 0.0732941 0.150833 0.405626 0.546838 
0.743402 0.381368 0.318206 1.00279 1.01971 0.403248 0.236311 0.763423 0.813968 0.488323 
0.626167 0.763604 0.609536 0.638421 0.811462 0.962129 0.347647 0.117588 0.269302 0.923528 
0.247897 0.776738 0.28323 0.402667 0.865982 0.304937 0.832418 0.438348 0.240187 0.522386 
0.842403 1.06967 0.503209 0.505402 0.868618 0.629011 0.684868 0.70547 1.0353 0.731667 
0.786649 0.821062 0.571299 0.541609 1.2913 0.548707 0.977976 0.59085 0.427397 0.436319 
0.5306 0.779962 0.676682 0.386889 0.0497877 0.223095 0.9357 0.504189 0.153216 0.832542 
0.300301 0.709733 0.100996 0.681794 0.357287 0.0784751 0.0965905 0.903212 0.912658 0.982959 
0.828448 0.358974 0.690935 0.508498 0.323634 0.297137 0.49512 0.399416 0.371467 0.847568 
1.03197 0.379985 0.294076 0.885087 0.457757 0.101879 1.10832 0.371104 0.578175 0.642761 
0.666645 0.823261 0.289714 0.119384 0.918438 0.313989 1.01561 0.4111 0.603012 0.155839 
0.59677 0.0609939 0.429226 0.953436 0.413693 0.173469 0.44113 0.313946 0.661902 0.337084 
1.08459 0.664347 1.75899 1.64623 1.23238 0.791139 1.57305 1.43606 1.87962 1.68439 
0.278094 0.204959 0.170153 0.171114 0.180182 0.204486 0.222044 0.27348 0.283281 0.192459 
0.412917 0.336156 0.693046 0.325226 0.26845 0.0559487 0.237608 0.131471 0.569117 0.885774 
0.828899 0.587903 0.976054 1.24788 1.2816 1.49615 1.11202 0.36848 0.846078 1.04076 
0.570467 0.561985 0.905551 0.901686 0.969376 1.16892 0.743236 0.586925 1.08882 1.13008 
1.17634 1.30233 0.45899 1.22218 1.38277 0.721422 1.14861 1.0156 1.0299 0.834684 
0.859574 0.0633985 0.924423 0.615189 0.577803 0.476718 0.196554 0.895207 0.91074 0.864112 
1.35735 1.53413 0.712353 1.01538 0.935008 1.0742 1.41755 0.81759 0.557718 1.29592 
0.749638 0.847449 0.647513 0.508651 0.57614 0.947613 0.884613 0.0661963 0.599211 0.888986 
0.101038 0.97705 0.56435 1.15879 0.892502 0.312695 0.675009 0.946117 1.282 0.325093 
0.761113 0.841322 0.594359 0.736602 1.89411 0.889607 1.26786 1.28481 0.967292 0.3897 
1.44142 1.41982 0.954837 1.2573 1.33431 0.953223 1.02765 1.22412 0.855338 1.33068 
1.50189 0.901628 1.52263 1.5406 1.27294 1.20615 1.26497 0.948284 1.7413 0.731097 
1.31767 1.17453 1.26969 0.914339 1.07517 0.972415 0.286787 1.59311 1.18026 1.10583 
0.117546 0.200054 0.188246 0.267433 0.692013 0.502681 0.442043 0.663616 0.362322 0.833081 
0.688524 1.40864 0.647631 0.918289 1.0891 1.10167 1.41041 1.11064 0.763288 0.494319 
0.483199 0.599652 0.388332 0.775323 0.0600827 0.542728 0.474956 0.215925 0.512348 0.0341746 
1.35118 0.75339 1.68976 1.27871 1.01284 1.18811 1.10823 0.363043 0.806889 1.1654 
0.676219 0.627751 0.542242 0.749798 0.973491 0.319371 1.01381 0.579591 1.13062 0.481165 
0.331088 0.625155 1.17358 0.519924 0.417198 0.626836 1.36556 0.839036 0.46203 0.505895 
0.665687 0.958938 0.979661 0.989741 0.822944 0.607387 0.569041 0.693528 0.849209 1.39545 
0.534226 0.859005 1.02662 1.50871 2.15557 2.23374 1.85851 1.86639 1.20438 1.82205 
0.261931 0.917086 0.511603 0.902023 1.01005 0.656417 0.762792 0.246168 0.892038 1.0628 
1.18123 1.69625 1.52044 0.990208 1.26533 1.00941 1.21861 2.00008 1.14919 1.75907 
0.776326 0.224442 1.17029 0.402161 0.627907 0.901819 1.13072 0.962823 0.905836 0.783008 
0.469492 1.00909 1.11634 0.681237 0.828882 0.472367 1.42011 1.61898 0.871893 1.13469 
0.187098 0.356264 0.282986 0.247127 0.261599 0.337148 0.24622 0.300144 0.218027 0.349694 
1.16246 0.795617 1.7423 1.61059 1.32865 1.8839 2.41922 0.728198 1.00507 1.85299 
0.508697 1.42872 1.1479 0.996866 0.467766 0.562741 0.400059 0.92865 0.631215 1.23327 
0.633866 0.55685 1.40536 1.06349 0.480044 1.10356 1.49008 0.59837 1.22814 0.906256 
0.962563 0.458564 1.17084 0.961534 1.38074 0.532417 0.898872 0.619615 0.417355 0.423109 
0.535784 0.616586 0.99545 1.48231 0.625394 0.605132 0.725906 1.51723 0.864083 1.35287 
2.03534 2.68758 2.83002 2.3658 2.22761 3.13082 2.70463 1.98283 2.61518 2.16434 
0.113339 0.264263 0.815018 1.20854 1.30391 0.154347 0.641811 0.229854 1.30041 0.718047 
0.609076 1.3077 0.725119 0.755152 1.06741 1.32216 0.885437 1.44136 1.11899 0.831384 
1.21068 1.29937 0.953874 0.476788 1.60999 1.04685 2.13506 1.41201 1.57667 0.892893 
0.42313 0.747119 0.606981 0.845329 0.551374 0.736764 0.95535 0.368995 0.392436 0.63382 
1.24866 0.58781 1.54967 1.66905 0.283943 1.588 1.04297 0.345865 0.843341 0.949382 
0.976131 1.66114 1.30469 1.66317 1.28848 1.20142 1.17128 0.557143 0.973837 0.932735 
1.09273 0.981274 0.877045 0.600106 1.91113 1.20589 1.85011 1.82517 1.71812 1.36195 
0.26058 0.711926 1.02279 0.406836 0.353333 0.369047 0.754039 0.778996 0.882234 0.684134 
1.33512 1.28912 1.94675 1.42635 1.38563 0.919807 1.34474 0.824649 1.50387 2.00549 
1.10973 0.761903 1.03819 0.748218 0.856112 1.5451 0.316228 1.45354 1.44772 0.661341 
0.331196 0.19647 0.385192 0.186957 0.172523 0.931794 0.10969 0.458956 0.595062 0.845996 
0.732028 0.395277 0.869188 1.48917 0.888979 1.64148 1.69957 1.13524 0.999655 1.5765 
1.34537 1.57985 2.14573 2.09071 1.23038 1.67617 1.86437 1.39982 1.03794 1.73987 
1.82776 1.70201 1.03873 1.62236 1.50787 1.33996 1.61702 1.61397 1.08758 1.33475 
1.37002 1.65195 2.53208 1.70366 2.13323 1.73705 1.73162 2.2393 3.07387 1.73112 
1.91988 0.866056 1.74499 0.972381 1.2404 1.00927 1.25207 1.456 1.0018 1.58088 
1.11779 1.66026 0.76709 1.12831 1.13387 0.687633 0.995224 0.817923 1.10617 0.805089 
1.35627 1.25496 1.58565 0.644929 0.760368 0.387191 1.48266 1.25996 1.81383 0.846852 
0.772594 1.14486 2.13159 0.925495 0.713087 1.90392 1.41304 0.807639 1.0502 0.76126 
1.96213 1.7977 1.86714 2.53972 2.16832 1.80112 2.09168 1.85861 1.49424 1.79682 
0.627001 0.503585 0.448394 0.103944 0.325851 0.826436 0.623166 0.606461 0.914898 0.497093 
0.460274 0.789065 0.796683 0.655722 1.34257 1.6044 0.867601 0.359456 0.939892 0.787761 
0.884218 0.208047 1.09394 0.774669 0.525748 1.15549 0.376092 0.355274 0.407016 0.373172 
1.0116 1.73909 1.5812 1.08442 1.63143 1.26571 1.48757 1.91726 1.04868 1.24157 
0.335849 0.984035 1.15524 0.665963 0.605529 0.3235 1.13081 0.66601 1.24483 0.715483 
1.0622 1.30844 0.951096 1.2432 1.86942 1.53047 0.41483 0.869329 1.54389 0.913833 
0.981019 2.01533 1.4031 1.9949 1.07108 1.27634 1.69439 2.15115 1.25935 1.37013 
0.958006 1.03356 1.19662 1.25848 0.943811 0.611159 1.04203 1.1032 1.36397 1.64678 
0.299578 0.858068 1.49948 0.83476 1.56965 1.01731 0.892916 0.872409 1.20627 1.26899 
1.29949 0.774036 1.83789 1.34721 0.935478 1.77773 1.73182 0.681312 1.84282 1.64025 
0.371484 0.538436 0.906747 0.904133 1.53683 0.65841 0.343036 1.0716 1.20071 0.436015 
1.05435 0.40875 1.38867 1.81882 1.77095 1.51747 0.977115 1.48785 1.58602 1.61259 
0.0930665 0.724927 0.824684 0.318408 0.41874 0.825318 0.103448 0.625607 0.77871 0.486182 
2.39722 1.66209 1.75381 1.58527 2.56965 1.20302 2.08382 2.83944 2.56403 1.65751 
0.859141 1.44791 1.07919 1.09313 0.897945 0.644249 1.5008 1.80361 1.3803 1.69613 
0.286531 0.810664 0.681625 0.796459 0.228659 0.638447 0.931354 0.766212 0.408328 0.00772772 
0.878751 0.928176 1.03398 0.898488 1.21917 0.852424 1.09508 1.49604 1.09677 1.26925 
1.13964 1.27167 0.571828 1.22182 1.59931 0.353436 0.773083 0.790521 0.931786 0.779205 
1.51707 1.21484 0.683177 1.56806 1.35336 1.93162 1.88714 1.7255 1.92296 1.30093 
1.26586 1.25575 1.16926 1.34417 0.764532 1.36604 1.90631 1.18223 1.1398 0.799279 
0.671363 0.658691 0.297861 1.43117 1.06867 0.539863 0.795344 1.49402 0.646611 1.28783 
1.05214 0.891364 1.18641 0.862551 0.901499 1.14731 1.00697 1.40329 1.24754 1.29094 
0.492272 0.974884 1.90362 0.629758 0.672438 1.35892 1.14228 1.06309 1.26383 1.50518 
0.349493 0.265126 0.48482 0.309708 0.588759 0.757287 0.309774 0.195193 0.203795 0.587134 
0.697443 1.79694 2.04499 1.72306 1.36686 1.19617 0.930705 0.995397 1.23551 1.01128 
0.803865 1.71579 1.68547 1.17477 2.19173 1.7888 1.53564 1.51314 1.00402 1.54911 
0.488187 0.671432 1.16227 1.40413 1.83398 1.14693 0.863832 0.825286 1.44197 0.766589 
0.468671 1.74198 0.622188 0.600435 0.85222 0.320261 1.87389 1.474 0.490859 1.22072 
1.02055 0.929065 0.863141 0.145385 1.24324 0.568275 1.1068 0.858148 0.686013 0.523224 
