0.650069 0.353877 0.554622 0.973942 0.194975 0.98109 0.723961 0.052506 0.363992 0.305625 0.432291 0.302438 0.817913 0.418362 0.65034 0.61793 0.27033 0.527038 0.0499407 0.541046 0.482582 0.955717 0.254137 0.478241 0.175575 0.858963 0.420124 0.317246 0.0960571 0.781975 
0.65409 0.102785 0.398951 0.545637 0.801509 0.761375 0.961806 0.889094 0.751274 0.58081 0.59295 0.10363 0.851949 0.714753 0.225915 0.366876 0.62464 0.352539 0.996751 0.0777018 0.768305 0.724697 0.416479 0.696802 0.583713 0.731614 0.375065 0.841034 0.725727 0.246537 
0.704698 0.900115 0.201404 0.946618 0.13833 0.0497967 0.51123 0.441191 0.326768 0.937912 0.422896 0.726022 0.815414 0.834169 0.0585432 0.391887 0.558733 0.0319894 0.902683 0.525196 0.23543 0.880198 0.862013 0.745697 0.776273 0.174434 0.120617 0.446454 0.542952 0.707712 
0.0566402 0.254318 0.0308725 0.689359 0.596775 0.581844 0.155071 0.945045 0.780148 0.144146 0.478852 0.783221 0.205059 0.0752221 0.0695433 0.133938 0.654823 0.394722 0.540806 0.476213 0.574746 0.811855 0.913492 0.837785 0.897218 0.908001 0.779745 1.00076 0.975578 0.873489 
0.310957 0.331877 0.630615 0.774087 1.09218 0.277198 0.634223 0.200336 1.44388 0.293353 0.721429 0.826219 1.28251 0.676038 0.485773 0.465368 0.632987 1.17235 1.10543 0.578376 1.17929 0.624124 0.886365 0.600858 1.00595 1.10548 0.798179 0.699541 1.21692 0.599638 
0.704831 0.724016 0.0917241 0.263386 0.503457 0.749042 0.912665 0.517912 0.931387 0.77255 0.577989 0.547122 0.445583 0.724511 0.716646 0.405136 0.818441 0.856019 0.197236 0.0844208 0.49072 0.245148 0.63876 0.845266 0.481521 0.114356 0.516625 0.913201 0.712874 0.290045 
0.423984 0.206184 0.166314 0.0687391 0.906489 0.822053 0.202031 0.228106 0.150236 0.179852 0.452501 0.0418016 0.39046 0.636926 0.0556703 0.185171 0.695134 0.812132 0.412325 0.139298 0.132572 0.451897 0.849578 0.104258 0.446013 0.659953 0.767411 0.86829 0.140319 0.53124 
0.221096 1.02599 0.939787 0.966087 0.421095 0.234602 0.965018 0.27322 0.17902 0.547215 0.976453 0.771802 0.397396 0.759454 0.808106 0.896028 0.181831 0.861935 0.375403 0.753442 0.795874 0.810687 0.383288 0.182924 0.959529 0.914406 0.130471 0.645105 0.672228 0.650974 
0.152801 0.0711096 0.301485 0.50384 0.00145707 0.137372 0.710112 0.15021 0.924342 0.375659 0.79649 0.939827 0.359513 0.545151 0.556095 0.941391 0.348104 0.914786 0.445915 0.437673 0.911797 0.249407 0.21168 0.271025 0.922258 0.965311 0.353385 0.322744 0.241661 0.138898 
0.677874 0.182608 0.468495 0.629072 0.416286 0.722758 0.773874 0.587005 0.551589 0.987516 0.609902 0.646094 0.0192407 0.961014 0.248502 0.36975 0.84033 0.728064 0.1792 0.899104 0.314487 0.651759 0.819806 0.829006 0.672017 0.0781422 0.836852 0.818916 0.751743 0.0980282 
1.04876 1.07762 0.367504 0.940979 1.36435 0.831802 1.00939 0.957078 0.394653 0.462653 0.55278 0.829427 1.07398 1.12038 1.1749 0.205221 0.524462 0.764076 0.80298 0.721239 0.893811 0.814179 1.13858 0.810258 0.679466 1.09712 0.448742 0.171869 0.844883 1.62129 
0.689707 1.44848 1.15408 0.799593 0.332983 1.01083 1.36935 0.405849 0.35655 0.550771 0.941482 0.798625 1.11993 1.2146 1.2092 0.521925 1.39461 1.40212 0.845877 1.17411 0.473469 0.629181 0.692572 1.11513 1.39417 0.852081 0.48948 1.36194 0.782264 0.682695 
0.799275 0.347684 0.555928 0.806594 0.223123 0.228788 0.257103 0.630931 0.326363 0.382313 0.781609 0.691092 0.611294 0.789321 0.795238 0.0250951 0.757375 0.334226 0.328825 0.65526 0.603393 0.724594 0.750571 0.58657 0.395992 0.655302 0.865824 0.546793 0.527899 0.0175528 
0.232876 0.457387 0.305312 0.153016 0.841972 0.00430791 0.9085 0.740615 0.589668 0.0346572 0.391857 0.878319 0.306389 0.176 0.739714 0.452278 0.705316 0.896462 0.104236 0.108814 0.924519 0.756552 0.97269 0.0185937 0.360989 0.00458219 0.0774792 0.466375 0.819292 0.644797 
0.865989 0.976865 0.929253 0.785613 1.02086 0.236647 0.115691 0.724473 0.781889 0.525438 0.0419561 0.113881 0.190133 1.12653 0.834139 0.841703 0.0921428 0.384027 0.890808 0.993247 0.107418 0.565369 0.406993 0.21484 0.897264 0.923235 0.437639 1.1003 1.09986 0.122682 
0.942116 0.20843 0.488346 0.647478 0.216094 0.822761 0.367047 0.449868 1.15958 0.565238 0.771804 0.994758 0.581624 0.0870974 0.848289 0.356802 0.754999 0.680523 0.668119 0.415383 0.530632 0.708528 0.307137 0.113324 1.05122 0.471889 0.688621 0.895897 0.8823 0.348203 
0.305275 0.204278 0.310542 0.754531 0.324567 0.114995 0.125317 0.90398 0.197024 0.589291 1.02584 0.521462 0.165817 0.423004 0.0150526 0.50152 0.773552 0.71981 0.298256 0.0632491 0.509851 0.635218 0.0789554 0.235687 0.274163 0.849554 0.543371 0.865812 0.852097 0.0981731 
0.589381 0.567072 0.560174 0.983557 0.286635 0.142767 0.479038 0.807527 0.244112 0.473571 0.777048 0.407943 0.0736624 0.748851 0.329896 0.344061 0.631713 0.562163 0.175514 0.156801 0.265916 0.803471 0.492216 0.0782836 0.0948708 0.454902 0.00683033 0.127145 0.550345 0.259133 
0.85679 1.76789 1.03155 1.5627 1.57867 1.75626 2.26764 1.48181 2.02559 1.53248 1.81933 2.30441 1.46094 1.74012 2.15832 2.01043 1.20452 1.71726 0.821005 0.791847 1.73181 1.78715 1.41968 1.0799 1.73658 0.998685 1.47963 1.05217 1.61251 1.12075 
0.180285 0.299445 0.179169 0.155143 0.174669 0.326136 0.00611439 0.295396 0.336061 0.200776 0.136288 0.209591 0.205274 0.184775 0.0991395 0.237939 0.18019 0.125042 0.171732 0.189212 0.233598 0.0721964 0.13436 0.198155 0.162326 0.0817292 0.242289 0.134217 0.330591 0.267048 
0.9555 0.843148 0.815473 0.458087 0.607772 0.516151 0.920968 0.129195 0.21015 0.0180604 0.204657 0.392213 0.595586 0.777842 0.635364 0.635183 0.157266 0.181418 0.472317 0.291381 0.795694 0.387439 0.573997 0.732327 0.0323107 0.329614 0.737355 0.1882 0.963343 0.738694 
1.88324 0.949411 1.33416 1.58273 0.699317 1.9175 1.38172 1.11062 1.63744 1.57637 1.64754 1.59261 1.73709 1.60968 1.09241 2.16903 1.92505 2.39725 1.5119 1.5072 1.2837 1.22477 1.57324 2.08122 1.96212 1.41326 1.5058 2.13429 1.99154 1.44565 
0.20167 0.666716 0.861037 0.411454 1.14218 0.524995 1.05522 0.507393 1.04304 0.699734 0.602593 1.01886 1.06634 0.464196 0.710333 0.338035 0.601493 0.276698 0.457905 0.268327 1.12461 1.11813 1.02799 0.826362 1.11148 0.683066 0.86174 0.615119 0.929442 0.299682 
1.67662 1.08364 1.57508 1.28835 1.01929 1.32868 1.37072 1.0514 1.33505 1.69846 1.29372 0.974584 0.887042 1.36448 1.41883 1.41412 1.24462 1.89922 1.46398 1.14665 0.441556 1.37989 1.16308 1.93779 1.73304 1.04767 1.1763 1.60997 1.02262 0.330184 
0.565416 0.786374 0.180486 0.515921 0.923916 0.747497 0.284404 0.948386 0.316924 0.656341 0.366001 0.618469 0.122986 0.286234 0.796466 0.658171 0.977627 0.833606 0.641429 0.39567 0.0399304 0.450272 0.126535 0.841944 0.223824 0.38706 0.841296 0.907576 0.148817 0.327803 
1.57805 1.24373 1.17613 0.379144 1.10026 1.30404 1.45281 1.63521 1.56871 0.785088 1.67086 1.32778 1.71819 1.84146 1.03059 1.47194 1.67569 2.0188 1.36138 1.23866 1.04655 0.980846 1.45943 1.645 1.42519 1.50173 0.818117 1.08609 0.854613 1.30116 
0.436393 0.627231 0.458511 0.751056 0.282985 0.824395 0.0574448 0.888485 0.752965 0.630608 0.239263 0.317932 0.262439 0.231472 0.841933 0.0684818 0.762707 0.676435 0.793691 0.25799 0.35262 0.076537 0.46009 0.123868 0.729817 0.925147 0.26594 0.147993 0.289967 0.659055 
0.177828 1.15142 0.849248 0.64303 0.876861 0.600516 0.860639 1.02416 0.70709 1.1821 0.884735 1.15592 1.21076 0.912085 1.18603 0.998577 1.01673 1.31223 0.28328 1.09038 0.909186 0.828267 1.27964 1.06029 0.566227 0.32432 0.692102 1.03711 1.07221 0.716323 
1.0785 1.48744 1.18812 1.3912 0.790342 1.92096 1.60879 1.15877 0.988571 0.829868 0.702369 0.99707 1.0957 1.43158 1.6629 1.20751 1.36059 1.91476 0.72262 1.15646 0.721031 0.732928 1.96742 1.28632 1.66619 1.30004 1.16414 1.12336 0.659527 1.17804 
1.30291 1.3977 1.46641 0.452063 1.42719 1.87781 1.91026 1.57997 2.33553 1.28387 1.75636 1.39229 2.26133 1.69537 1.73454 2.32718 1.52238 1.35171 1.4066 1.07394 0.829018 1.42701 2.18071 0.990271 1.2642 1.43957 1.03576 1.81001 0.93746 0.58074 
1.5051 1.41926 0.66184 1.42198 1.43316 1.48941 1.23605 1.22772 1.96194 1.1462 0.657374 1.31662 1.51819 0.721674 1.38204 1.3968 1.31105 0.878903 0.557436 0.615601 1.18311 0.990121 2.08034 1.65386 1.38833 0.284117 1.56208 1.5476 0.939153 0.685644 
0.341607 0.440428 1.24399 0.91128 0.914229 0.103254 1.02513 0.825097 1.015 0.304766 1.15218 1.70859 0.927273 0.572783 0.598125 0.933467 1.62629 0.860017 0.769585 0.436319 1.56155 1.51408 0.651974 0.743644 0.64136 0.430865 1.02657 1.56456 0.938702 1.31608 
0.55435 0.879359 0.479931 0.827385 0.977545 0.878701 0.525788 0.602502 0.185469 1.05321 1.09386 0.627312 0.664936 0.677765 0.365818 0.428004 0.420196 0.129685 0.437832 0.943205 0.809678 0.171242 0.0329183 0.891278 0.953771 0.303932 0.499743 0.434023 0.222932 0.123718 
0.817084 1.20138 0.88218 1.6369 1.39237 1.43085 1.17408 1.45483 1.55593 1.14812 1.75293 1.55728 1.31775 1.4028 0.904792 0.803748 0.547695 0.791469 1.43441 0.614934 1.1227 0.853734 0.680189 1.50986 0.807035 0.550194 1.19032 0.599484 1.32962 1.27705 
0.945361 0.0285452 0.299794 0.430141 0.813372 0.869371 0.913551 0.709503 0.558836 0.239343 0.553671 0.0662676 0.426584 0.447698 0.891789 0.308939 0.2781 0.292916 0.756968 0.236202 0.574856 0.50348 0.384526 0.780331 0.560017 0.625934 0.100669 0.200601 0.687374 0.779291 
1.92293 1.3684 1.38556 0.496231 1.2834 1.69111 1.05202 0.15071 1.66267 0.352765 1.09762 0.453407 0.748278 0.713411 1.41565 1.11746 1.00583 1.06512 0.711779 0.863047 0.840501 0.995124 1.52007 0.826214 1.87751 1.45686 0.946215 0.866961 1.17793 0.959565 
0.304419 0.932935 0.784721 1.26974 0.495643 1.04374 0.678461 0.639197 0.981751 0.927978 0.423428 0.552967 0.461193 0.314324 0.53708 0.873044 0.555727 1.47476 0.583913 0.698942 1.08297 0.704205 0.904941 1.46652 0.852419 0.945275 1.34777 0.77744 1.11266 1.00931 
0.483136 0.231081 0.191455 1.32121 0.538223 1.20529 1.12368 0.665528 0.140263 1.20673 0.362207 0.575403 0.0961855 0.545415 0.742691 0.248929 0.660423 0.296137 1.0174 1.12221 0.888126 0.902208 0.97578 0.55425 0.103225 0.762348 1.11884 0.823687 1.1649 0.48267 
1.09052 0.820926 0.282307 1.23667 1.27697 1.06354 1.02141 1.31832 1.39194 0.6117 0.577217 1.35301 0.977444 0.838695 1.18157 1.186 0.537966 0.691728 1.16026 0.371928 0.289839 0.866793 0.796626 1.31147 0.635238 1.49431 0.502958 0.435569 0.801037 0.266365 
1.22685 1.47202 1.40504 1.30414 0.633533 1.08006 1.86081 1.58422 1.6461 1.91817 1.57334 0.725711 1.01465 1.5253 0.803568 1.94134 2.08828 1.85228 1.51241 1.54863 1.1551 1.61548 1.4421 1.1556 1.25616 1.95581 1.22456 2.12633 1.84062 1.39096 
1.10569 0.22813 0.498806 0.979106 0.526442 0.757306 0.137599 0.658433 0.612447 0.807943 1.04345 1.11731 0.6996 0.332115 0.813348 0.16492 0.876538 0.957282 0.586073 0.863649 1.06253 0.133743 0.994154 1.21579 1.15873 0.158942 0.592281 0.545611 0.503604 0.42463 
1.16895 1.01935 0.799676 1.15317 1.69193 0.696151 2.42263 1.30974 1.04677 1.1874 1.23572 1.20103 1.06645 1.54056 1.17597 1.29622 1.51292 1.96457 1.00228 1.51844 1.01195 2.20816 1.42688 1.32597 1.74997 1.18593 0.776002 1.26462 1.64715 2.03314 
0.643797 0.769047 0.134772 0.786842 0.805008 0.72008 1.01435 0.722389 0.571334 0.964061 0.508552 0.286057 0.152408 1.12537 0.821121 0.154253 0.815991 0.61751 0.349584 0.790423 0.773143 1.14776 1.13215 0.830785 1.09503 0.322171 0.913483 1.07618 0.83514 0.852162 
0.671483 0.946641 1.051 1.11275 1.31047 1.24091 1.25444 1.25131 0.80415 1.32592 1.70265 1.12662 1.12014 0.912975 1.60155 0.394956 0.289796 0.552756 0.824988 1.07659 1.259 1.07219 0.766419 1.20893 0.755787 1.38909 0.98376 0.650563 1.5188 1.56633 
0.330167 0.13095 0.216907 0.185682 0.131136 0.391927 0.395251 0.224849 0.200255 0.308294 0.480431 0.255746 0.321618 0.429967 0.406239 0.31329 0.252532 0.422229 0.33401 0.213731 0.111585 0.149436 0.450614 0.543502 0.354971 0.473554 0.264541 0.39873 0.525849 0.313991 
1.80939 1.74174 1.25595 2.04299 1.11068 1.40512 2.03232 2.0252 1.57492 1.43822 2.1835 2.21999 1.10638 1.08958 1.63779 1.3256 1.7698 1.31979 1.39803 0.80934 0.828867 1.69239 1.72153 2.25504 1.89062 2.27736 1.50216 1.85639 1.50542 1.01649 
0.969503 0.59996 0.259526 1.04725 1.03921 0.520103 1.17114 1.16219 1.59582 1.02662 1.15244 1.79149 1.39304 0.411356 1.27841 1.20065 0.700919 0.843998 1.3854 0.678925 0.553348 0.736449 0.907436 1.18607 0.955097 1.21304 0.83246 0.179711 0.836896 0.565971 
1.19691 0.878869 1.70621 1.02865 0.981798 0.931106 1.09938 1.25515 1.55079 0.9941 2.04012 1.49165 1.11843 1.14897 0.702849 1.30605 1.10354 1.35815 1.07088 0.630859 1.12304 1.3459 1.60238 1.13207 1.23199 1.10245 0.80554 1.32067 1.88652 0.506144 
0.879182 0.643584 1.05482 0.45687 0.718969 1.58497 0.857507 1.43795 0.889724 1.08524 1.18272 0.329287 1.01278 1.20423 1.24731 1.07451 1.37201 0.425918 0.899031 1.06123 0.692701 0.660742 0.845429 1.06668 0.653436 0.694953 0.664143 1.23266 0.511895 1.49925 
0.884566 0.65522 0.399091 0.560646 0.62422 0.886348 0.742177 1.16336 1.80038 1.0852 1.14605 1.36863 1.07854 0.890397 1.63036 1.40103 0.695364 0.689341 1.21873 0.332212 0.361833 1.13156 0.202729 0.675429 1.34617 0.802186 0.481829 0.353495 0.501416 1.54749 
2.02339 3.06454 2.32694 2.95135 3.22081 3.39252 2.48217 3.28404 2.42231 2.31203 2.97154 2.4565 2.12551 2.88631 2.16494 3.09374 2.82775 3.69397 2.80579 3.47869 2.97547 2.35454 3.24814 2.95335 3.0323 2.56807 1.37103 2.79974 3.39381 2.23263 
0.0266322 0.470584 0.704013 1.36191 0.74173 0.719557 0.857182 1.1626 1.30451 0.428945 0.456468 0.862463 1.03053 0.34986 1.0835 0.387362 1.13119 1.13742 0.0757362 1.06158 0.778978 0.804552 0.738276 0.847746 0.497248 1.09074 0.989344 0.603201 1.25632 1.07234 
0.813183 0.65112 1.26155 0.873661 0.71177 0.963345 1.61724 1.76905 0.843997 1.35066 1.42559 0.889959 1.14711 1.06846 0.822587 1.74277 0.639843 0.588676 1.41109 1.01293 0.867544 0.86346 1.10611 0.568515 0.283458 1.00008 0.483727 1.48658 1.64504 1.20294 
0.810028 0.919605 0.588576 1.31114 1.18178 1.41954 0.941498 1.29843 1.40944 1.36425 1.21308 1.27909 0.723602 1.60963 0.647407 1.3738 1.12289 0.868412 0.81898 0.44603 0.754392 1.72224 0.794692 0.676031 1.11558 1.34028 1.01381 1.20685 1.28839 0.695406 
0.143847 0.748186 0.260012 0.059724 0.106414 0.359199 0.934265 0.707684 0.603292 0.286335 0.721775 0.119348 0.452949 0.828943 0.820476 0.433178 0.869066 0.818098 0.36744 0.21784 0.72312 0.398425 0.24652 0.619796 0.93999 0.887499 0.145561 0.769328 0.231805 0.885022 
0.985239 0.550205 0.698468 1.4493 1.90097 1.87686 1.70707 1.51438 0.517573 0.336401 1.72031 1.20863 0.276528 1.74519 0.442339 1.08089 1.45578 1.06554 1.37444 1.19924 1.43558 1.62009 0.512442 1.18838 1.1384 0.885778 0.674181 1.02284 1.52985 1.22301 
1.55352 1.4952 0.290631 1.12599 0.873441 1.14933 1.56458 0.98874 1.00928 1.94478 1.20813 0.687454 1.18031 1.74637 0.71923 1.2271 2.07307 1.50675 1.12312 1.10237 1.44249 1.08759 1.09973 1.19239 1.69261 0.719142 1.23299 1.61394 1.353 1.01864 
1.45339 1.06946 0.952619 1.65988 1.56614 1.51671 1.23597 1.77893 2.03028 1.19616 1.18129 2.01314 1.05891 1.58906 1.73539 1.53772 0.347009 1.11044 1.63871 1.12823 0.49468 1.58685 1.05367 1.10127 1.07667 0.975561 1.48936 0.95212 1.21365 1.4098 
0.518068 0.74976 0.68668 1.02055 0.46804 0.521021 1.41318 0.785001 1.21071 0.977729 1.024 1.58448 1.10984 0.626702 1.2008 1.06454 0.503866 1.10412 0.862026 0.521782 1.09473 0.724905 0.954629 0.807689 0.602131 1.0327 0.907902 0.253688 0.897015 0.386686 
2.09759 2.06007 1.76367 0.801784 2.36848 2.15244 2.45358 1.14397 1.21857 1.34522 1.1796 2.22308 2.26839 1.38547 2.42507 2.15759 1.98016 0.782927 1.53544 1.04269 1.19391 1.19666 1.66161 1.40693 1.66658 1.14919 1.25734 1.49851 2.2167 0.979401 
1.05528 1.18719 1.15972 1.82727 0.854312 0.988795 0.87885 1.40145 1.42345 0.600542 0.787541 1.3858 1.05939 0.381433 0.932652 0.770684 0.637444 0.517458 0.522955 1.05018 1.12681 1.17402 1.33563 1.43368 0.733276 0.721957 0.786133 1.12562 0.862651 1.04562 
0.513146 0.179535 0.989379 0.737501 0.602276 0.778296 0.84704 0.251482 0.104907 0.36215 0.714731 0.292411 0.251432 0.722828 0.98811 0.490872 0.716585 0.366411 0.425598 0.50711 0.45895 0.404864 0.13972 0.251144 0.185812 0.504323 0.58963 0.0381784 0.887369 0.0551672 
1.04261 1.25751 1.08346 0.680685 1.19737 1.61228 1.55883 1.70077 0.624932 1.36771 1.48911 0.58945 0.732191 1.03484 1.13028 0.60159 1.43395 0.969289 1.12755 1.34 1.45962 1.58266 1.22711 0.982078 0.488946 0.573078 1.35882 1.08427 0.921116 1.12503 
0.88564 0.995342 1.35229 1.82185 1.31717 1.95083 0.811834 1.38998 1.49336 1.36556 1.53245 1.27258 1.41506 1.96064 1.24441 0.846076 1.72979 2.04999 1.65154 1.42156 1.69287 1.09215 0.735257 0.945293 0.442543 1.26166 0.630602 1.05525 1.47164 1.20671 
1.28862 1.5327 0.792874 0.907509 1.92529 1.1162 1.51975 1.30865 1.52959 1.63674 1.15284 1.45094 1.61228 1.07384 1.55441 1.20663 1.61444 2.01131 0.868964 1.77913 0.666713 2.10457 0.642721 1.1428 1.58776 1.36832 1.33792 1.21918 0.611792 1.27409 
0.537428 1.44275 2.60002 2.04868 1.49727 1.38877 2.46938 1.9795 2.02027 1.45813 2.31115 3.22838 2.18363 2.24451 2.27532 2.38258 2.75566 1.97308 1.89442 1.29184 2.8509 2.7363 1.70898 2.35477 2.30858 1.46743 2.47105 1.80251 2.42557 2.06706 
0.144345 1.17959 1.25297 1.52154 1.31909 1.33788 1.46509 1.37269 0.906775 0.885049 1.98092 0.94449 0.634985 1.51357 0.891099 0.753215 1.20322 1.19143 0.808376 1.15822 1.54187 1.66672 1.12472 1.40922 0.79382 1.10489 1.36172 0.744034 0.984071 1.32151 
1.44936 1.46461 1.37411 1.33893 1.61064 1.85905 1.01544 1.83112 2.29059 1.27458 1.0164 1.61624 1.50751 1.4354 0.748782 1.93731 1.34189 2.37374 1.34561 1.37655 1.39066 1.05608 2.21091 2.03505 1.20676 1.65557 1.57272 0.854466 1.41815 1.10927 
0.829638 0.284532 1.55632 1.57094 0.557847 1.1457 1.06591 1.45617 1.5051 0.631331 1.35771 1.32863 0.606094 0.843005 1.41417 0.931028 1.97193 1.35949 1.65635 0.252937 1.11295 0.73592 0.283251 1.12531 0.870925 1.10235 1.30302 1.02313 1.24755 1.06045 
0.562112 0.643417 1.75071 0.348662 1.76917 0.694032 1.11228 1.33877 1.96621 0.569245 1.24479 1.69895 1.13788 0.970148 0.744007 1.56758 0.977947 0.861357 0.997547 0.311316 1.83401 1.50689 1.17949 0.791334 0.699066 1.08747 1.49101 1.52916 1.65027 0.812012 
2.19225 1.78416 2.17508 2.08052 2.10985 0.780127 2.07395 1.43133 2.44094 2.39705 0.956761 0.979441 0.596918 2.42954 1.89483 1.85507 1.84287 1.9069 2.07024 2.04141 1.02788 1.84938 0.866056 1.83614 2.06943 1.74578 1.87324 2.58147 2.23728 0.513953 
0.255524 0.676033 0.258212 0.148884 0.723926 0.805157 0.0312748 0.923144 0.870692 0.216986 0.104014 0.145964 0.727263 0.944237 0.420737 0.913059 0.360104 0.480082 0.68619 0.591059 0.620014 0.150676 0.627366 0.711996 0.713755 0.0700341 0.394543 0.683156 0.925765 0.486504 
0.325553 0.487302 0.835055 1.31672 0.95983 1.30743 1.11376 0.655655 1.2411 1.15282 1.2149 1.4131 1.21419 0.63446 0.636632 1.03633 0.956452 1.51143 1.27112 1.41588 1.61631 0.407698 0.38404 1.1286 1.49933 1.15932 0.687248 1.3441 0.746425 1.03802 
0.8251 0.337644 0.604051 0.580583 1.07456 1.2238 0.830539 0.465234 0.263227 0.192255 1.04545 0.919557 0.246827 0.933179 0.144393 0.956914 1.2116 0.60443 0.933198 0.505055 0.82381 1.24583 0.499579 0.60161 0.931921 0.80865 0.502137 1.40439 0.927213 0.592027 
1.41903 1.43377 1.53972 2.17221 0.876429 1.33098 1.42539 1.21282 1.73077 1.45162 1.22494 0.938168 0.974708 1.23094 0.966475 1.74196 1.6431 1.47096 1.3822 1.92999 1.43309 1.80634 1.3919 1.91132 1.5255 1.08764 0.99397 1.42505 1.55457 0.618944 
1.06879 0.770027 0.314895 0.925585 0.829659 0.562116 0.494376 0.634764 0.724312 1.03401 0.418621 0.402366 0.798122 0.526086 0.417857 0.763003 0.55423 0.969182 0.740493 0.614925 1.07953 0.681778 1.19131 0.986308 0.917136 0.431224 1.21667 0.10213 0.467781 0.689753 
1.01124 1.59852 1.21743 1.33428 1.55903 0.979193 1.26173 0.998823 0.912766 1.5974 1.3428 1.59295 1.51048 1.18412 1.11656 0.87755 1.86904 0.63838 1.68594 1.34776 1.50909 1.04032 1.93563 1.68238 1.92097 1.31974 1.31421 0.627307 1.16806 1.08241 
1.09451 1.30545 1.1881 1.2979 1.50879 1.38794 1.87139 1.29689 1.33476 1.06212 1.79038 1.89306 1.62226 1.45629 1.74601 2.12267 1.92072 1.6281 1.67348 1.72478 1.68042 1.7734 1.61052 1.48297 1.46794 1.7184 1.05823 1.82474 2.4923 0.874254 
1.26237 1.07687 0.623709 1.54896 1.38771 1.09771 0.640194 1.2431 1.15455 0.666462 0.879454 1.03288 1.56714 0.987992 1.30159 1.00369 1.01395 0.738433 1.42068 1.01468 1.02003 0.906988 1.11155 1.65532 1.44179 1.21847 0.966032 0.871875 0.661429 1.17148 
0.973747 1.59811 1.02894 0.801106 0.615329 0.650701 0.818859 0.324457 1.40746 1.00161 1.13871 0.839377 0.358565 1.33946 0.725658 1.3244 1.41242 0.0353915 1.21358 0.874811 0.852705 1.00478 0.72586 0.896329 0.980469 0.440325 0.671259 0.700673 1.327 0.532629 
0.419815 1.60396 0.830218 1.42715 1.65285 1.19349 1.6138 2.29819 1.5549 0.30425 1.48101 1.40655 0.611511 1.29731 0.926582 1.0547 0.832578 1.07306 0.964428 1.06876 1.01897 1.42343 1.23381 1.51405 1.37756 1.1725 1.00754 1.54105 1.37391 0.953391 
0.952371 0.90699 0.768137 0.574163 0.964319 1.42039 0.928521 0.830192 0.783014 0.582977 0.633473 0.530601 0.828293 1.01987 1.10534 0.808996 1.00539 1.53254 0.746156 1.09176 0.364597 0.756979 1.72047 0.771092 0.934999 0.662465 1.38205 0.723228 0.475408 0.495277 
0.64345 1.6896 1.93511 1.90537 1.09635 0.598124 1.35346 0.691444 0.435886 1.45571 1.35595 1.29778 0.837404 1.26592 1.80806 1.72661 1.12096 1.13362 1.23421 1.02349 1.4515 0.981383 0.859672 0.816661 1.06462 1.76 0.616592 1.25618 1.42562 1.06825 
0.685446 0.990308 0.561581 0.785221 0.793474 0.650408 0.52237 0.488652 0.541888 0.0570052 0.0303498 0.394384 0.734006 0.367012 0.777912 0.396464 0.182485 0.0555237 0.0952163 0.977063 0.325791 0.527228 0.847478 0.530114 0.623624 0.824869 0.311102 0.0500493 0.688191 0.607205 
1.26785 2.32082 2.02518 2.50058 1.34083 2.3623 1.92151 1.34552 1.69985 2.14136 1.91244 2.19318 0.627158 1.45647 1.44163 2.44158 0.698655 1.80274 1.3969 1.59192 1.35777 2.04499 0.888377 1.40529 1.39737 2.07433 1.93951 0.69647 1.65615 1.65152 
0.851688 1.03109 1.47088 1.96074 1.0108 1.1409 1.29193 1.63337 2.03387 1.58218 1.10764 1.58612 1.58528 0.689608 1.01279 1.34928 1.54882 1.49807 1.66546 1.79839 1.83561 1.23308 0.622561 0.523689 1.36344 1.04628 1.33069 1.13883 1.46473 0.699663 
0.972765 0.634572 0.88117 0.942785 0.793344 0.295664 0.326883 0.580826 0.51679 0.124839 0.851858 0.616147 0.991629 0.631825 0.414679 0.46034 0.973955 0.83457 0.338558 0.0624675 0.284684 0.221162 0.931867 0.517665 0.725036 0.0958929 0.26098 0.0564518 0.640479 0.564868 
1.33653 1.30104 0.976973 1.07425 1.01337 1.88054 1.37689 1.4029 1.6979 1.00566 1.70267 1.22816 0.792803 1.49048 0.979836 1.26592 0.945023 1.61921 1.31435 1.23091 1.4424 1.10616 1.17026 1.64545 1.06748 1.71231 1.09081 1.46815 1.18983 1.13257 
0.903615 0.828681 1.70887 1.07878 1.3705 1.34868 0.897562 1.1317 0.672683 0.991104 0.927326 0.767861 1.04983 0.817771 1.39884 0.596654 1.21915 0.726271 1.56104 1.24414 1.02591 1.27062 0.735867 0.876082 1.4553 0.573642 0.457684 1.48386 0.397403 0.862156 
1.71879 1.94144 1.11163 1.04371 1.49784 2.17947 1.03763 2.27488 1.67828 2.35649 1.95557 2.40309 1.86892 1.68319 2.43558 0.81023 1.22473 1.89124 0.981131 1.35526 1.82889 2.27069 1.60631 1.55599 1.70156 1.29027 2.06757 1.40291 1.75767 1.51128 
1.07321 1.58177 0.898808 1.41033 1.70199 1.57853 2.24567 0.686199 1.78531 1.3532 1.29951 1.13283 1.24244 1.41164 1.78202 1.90342 1.62266 1.47412 0.972289 0.743571 0.998783 1.00905 1.36148 1.80769 1.13891 0.25724 1.50486 1.24705 0.772094 0.674425 
1.22682 1.51363 0.442523 1.44537 1.20178 0.5803 0.744653 0.276923 1.44313 1.1707 1.35233 0.47599 0.554563 1.09599 0.917971 1.04996 1.08152 1.16528 1.0306 1.55638 1.19293 1.07376 0.577885 0.161298 0.737338 1.36224 0.80952 0.581745 1.18609 1.17715 
0.822869 0.628265 0.767853 0.836092 1.4267 1.04778 1.05267 1.89294 1.83926 0.960584 1.42134 1.85604 1.05996 1.24673 1.34124 1.56253 0.451701 1.18295 1.5042 0.62895 1.17684 1.10972 0.38768 0.71581 1.18452 0.975551 1.11787 1.4074 1.59785 0.821147 
1.41175 1.45865 1.34697 1.91056 1.96685 1.22638 1.70006 0.903059 1.3442 0.276093 1.06456 0.845105 1.64098 1.35788 1.80742 1.11207 0.637312 0.641025 0.827774 1.25927 1.49578 0.808518 1.41336 1.83816 0.850636 1.19947 1.62305 0.714112 1.41568 1.49984 
1.08381 0.168901 0.566847 0.54913 0.16065 0.822952 0.647411 0.456242 0.616477 0.710283 0.812942 0.735428 0.936214 0.718977 0.493856 0.99068 0.782288 1.01714 0.813306 0.695433 0.236129 0.291824 0.554522 0.714367 0.622448 0.497226 0.507711 0.726667 0.582359 0.455534 
1.85167 1.60574 1.54814 1.12818 1.8771 1.63051 1.86505 1.49501 1.77739 1.55656 1.78706 1.54724 1.21459 0.832196 1.6338 2.08264 1.4075 1.97426 1.52505 1.81066 0.983336 1.36349 1.86147 1.60581 1.24691 1.81004 0.59696 0.913978 1.55256 0.233323 
1.8226 1.57862 1.92624 1.02143 1.8046 1.39328 1.76314 1.41276 1.65661 2.27767 1.51477 2.14475 1.10894 2.56239 1.73809 2.19014 2.30257 1.15443 1.21022 1.54616 1.92952 1.51806 2.34853 1.36176 1.60197 0.94985 1.87305 1.70778 1.99998 1.27942 
0.277891 1.00498 0.832186 1.28266 1.11643 1.25798 0.909973 1.6166 1.21783 0.77482 1.50647 1.57749 1.22856 1.06067 1.04967 0.734674 1.83616 0.964897 1.29646 1.29242 1.55938 1.80938 1.69091 2.0743 2.11567 1.37916 1.49838 1.30564 1.89065 1.48594 
0.727304 0.663663 1.2744 1.53827 0.699974 0.727467 0.701112 1.18815 1.5243 1.1828 1.2435 0.993681 1.2818 1.04072 0.971111 0.963154 0.872972 1.06996 0.694716 1.19393 1.20349 0.874611 0.80576 1.2602 1.24657 0.773931 0.848725 0.530263 1.75828 0.966218 
0.540878 0.732061 0.701266 0.726454 0.545924 0.99059 1.08358 0.372566 0.939235 0.590799 0.999939 0.814365 1.06325 0.783721 0.0888008 0.70824 0.284462 1.20064 0.270214 0.442682 0.457176 0.204931 1.01529 0.642169 0.436956 0.750494 0.910396 1.05141 1.08501 0.819372 
