0.28401635999108 
0.649845532118099 
0.116686361506025 
0.0372217802762141 
0.546742413391909 
0.835366892046014 
0.883243911951385 
0.168171507496592 
0.104181482193826 
0.0668362573592716 
0.663720556231521 
0.239068315734259 
0.809669339860723 
0.401690960635479 
0.0913414032365723 
0.864747760449434 
0.380578944605326 
0.227446377156253 
0.04836018199786 
0.806943252108941 
0.15360676262294 
0.127878636182185 
0.401164972826568 
0.489985896058173 
0.613518926668283 
0.198719781748388 
0.0270600100261806 
0.821858140455652 
0.631880477776201 
0.794066382658391 
0.389295634318462 
0.220683459797751 
0.830939100599837 
0.00215293450917446 
0.622694573196037 
0.299500398287559 
0.460814126895979 
0.982010607482976 
0.449677091158473 
0.485944633335088 
0.701547988009296 
0.364114053840308 
0.97314335224501 
0.998232973360664 
0.737154697765459 
0.268844991649407 
0.50454393019818 
0.988263546555092 
0.958981395229133 
0.140764174236661 
0.153817428479812 
0.722083104117341 
0.470321269654293 
0.645745229475174 
0.93636207659497 
0.787343716236932 
0.0557039237086388 
0.852399579543029 
0.0339870803872741 
0.0636460565276003 
0.0680269951106605 
0.772293944882433 
0.484017869719079 
0.334436172730084 
0.0315443358989041 
0.314452372791722 
0.0013926667287059 
0.902679128308022 
0.424910123041411 
0.222340759853669 
0.278753647633065 
0.140510011890445 
0.702215513185252 
0.149894324043912 
0.603907538237616 
0.904966422041377 
0.852469408757814 
0.819092731203723 
0.0535736887644778 
0.726154554765671 
0.707148358112784 
0.641177508770981 
0.109706248969108 
0.911431449681597 
0.166977366962897 
0.458539872648942 
0.865596332508425 
0.784986953833101 
0.274522831971475 
0.450239617764986 
0.42601283319798 
0.0496890084791341 
0.969052096866694 
0.189772538906505 
0.875389676447675 
0.140371204180681 
0.328335155147555 
0.625100237329154 
0.0208146425808354 
0.898369130570229 
