0.724010743263528 0.396736966127756 0.106244954992932 0.502031427837778 0.365209299025389 0.753938007779885 0.69796926622614 0.101766659894442 0.532920433430275 0.562401195221665 
0.557358548643979 0.516299098874809 0.263955213149938 0.312531801411791 0.47710040318211 0.956041676759588 0.545739223926066 0.469602312315097 0.331379900067151 0.80452718144601 
0.179644465543346 0.333207081795891 0.532862477720714 0.302875608531848 0.782208500648302 0.23698660173503 0.126369007969514 0.721008052384049 0.328543458245362 0.571289715108847 
0.0936189618499081 0.732585691134276 0.118199563300081 0.19194956578969 0.750857896852908 0.582749558785853 0.195737054283826 0.651597794454103 0.57671279581617 0.0690618706605209 
0.174560365155331 0.323961658239069 0.989929549102974 0.0209373001824304 0.953794367467049 0.372984942236487 0.986195034825791 0.350734943895615 0.0744862072578327 0.490467566979336 
0.672211021235731 0.281806811414045 0.503529734166312 0.265248213018192 0.816520125725635 0.010523559432878 0.360166070966102 0.812896329178951 0.43455666383517 0.181253526189465 
0.224356042897209 0.686168125319471 0.903438992521338 0.93415802004466 0.581865237734231 0.417341032107904 0.964453493349039 0.704724272765182 0.919370317483312 0.265292040153026 
0.864369962705218 0.639150583517887 0.657476780666161 0.503423524939994 0.11190381414367 0.841123276642502 0.619659581346416 0.0995168225642975 0.942134246579324 0.885354188418363 
0.527632042777887 0.39562335778419 0.336089396539461 0.247240692842397 0.337985521015195 0.399368513850494 0.775860589977101 0.540157987016682 0.808332370569991 0.13806867484308 
0.855901907327803 0.301031293101962 0.032007558769386 0.761384577090244 0.692158609335753 0.91389276515215 0.597494242088154 0.812532351066779 0.163939991625177 0.912677488706439 
0.03804418965326 0.638541412296242 0.859561760823417 0.044314405853537 0.667895302498515 0.447810765023911 0.340110936922324 0.569311246342602 0.839317960909903 0.999411967588535 
0.208884836438109 0.648071851957657 0.455352575587682 0.310788062831602 0.461772342408432 0.287408565312597 0.881556423179218 0.900755008599697 0.119041820361981 0.901240908578843 
0.233940042841635 0.506735116440745 0.737757658328817 0.905088245443305 0.854986236598468 0.0227172239448676 0.143147952732538 0.527017103972891 0.353848814082155 0.955061443031327 
0.735429984400097 0.995201802713442 0.82896311340239 0.444831444163693 0.478125283782272 0.0294392319929843 0.555596417440519 0.640451929877892 0.821780890023096 0.131392890578619 
0.439522111267212 0.731330587116503 0.337351986354038 0.927576968729934 0.378947339210813 0.295324989050372 0.85057229032276 0.192619874759783 0.935855250460958 0.718873927929001 
0.242575816305813 0.252100158924637 0.417153666106866 0.112897748167797 0.158169912192994 0.811488389785014 0.998752849378767 0.246891203532086 0.324539790082857 0.171387129389723 
0.739744150853357 0.921207930842445 0.0217694657295085 0.357708181609443 0.711453890408382 0.800789364235829 0.0582027176434773 0.851408659739563 0.493837818438573 0.838185690005911 
0.818456400708091 0.119910806809936 0.351313092503854 0.254937137583869 0.291252401146929 0.461136321226388 0.956699806413569 0.893209199171754 0.0171277125203615 0.421425691308282 
0.687766406428633 0.0630511180908084 0.427942927228235 0.635303585009759 0.174518270319431 0.576084488954302 0.107257797065483 0.242870466350086 0.362557742098101 0.796100015276723 
0.535419404777974 0.809663624685953 0.803054095325473 0.101364587890317 0.936452122056534 0.751789421561349 0.768135652082279 0.109729238796165 0.701165084148837 0.207675516313402 
0.287167454999555 0.391863596851537 0.761349177737602 0.260087144245622 0.273832853431632 0.972031087751039 0.868864167856438 0.974466926189355 0.5601819853536 0.913075670664667 
0.936832633267175 0.90657449987247 0.595841221535922 0.429175158966343 0.310240472326627 0.817774856908839 0.270370950366333 0.526269265690534 0.707075798227445 0.379560098379838 
0.441959434277809 0.868098683340068 0.303402776891602 0.00193685061836584 0.246404111713571 0.773361989236284 0.565686934292858 0.632509417161904 0.437192044703622 0.648523492707226 
0.447139294662927 0.618338058704373 0.270297226835929 0.916499706173974 0.885699318700001 0.108506132245933 0.274838104750661 0.940677018404762 0.793663142279467 0.934817545533481 
0.829426720402796 0.523119296746387 0.896384654507069 0.81448377349713 0.0517506202404548 0.926889240430357 0.688440005663339 0.24721335142296 0.0912414827147478 0.606248192260817 
0.867050692722603 0.474285980681609 0.227128690878885 0.486653392630341 0.220352691193024 0.0837991648314726 0.181448859544399 0.19982944596534 0.356162933793009 0.754535697969932 
0.976484789409651 0.536339965004634 0.536765503809563 0.0784566925421909 0.591853465808789 0.242248527174671 0.863532518463552 0.365050300806331 0.318487428304508 0.504322744807219 
0.403312144884466 0.159692949188355 0.460133446714869 0.485405672213415 0.788530897217855 0.40945960301884 0.0838581977522383 0.164062238255697 0.699135180175942 0.859996932827607 
0.185556074744696 0.0493797208325013 0.430928461708432 0.967930243013273 0.895024486154488 0.175155057582092 0.749311599167178 0.37546624047337 0.509389199255353 0.562000185897183 
0.838195594137068 0.026484905813582 0.71384078583434 0.294508049329409 0.635491551142429 0.149006251155525 0.796917361984849 0.00797393468572143 0.538927899485491 0.760182370198532 
0.864122143470272 0.551015172573848 0.969751438529932 0.754913260767056 0.327619592125017 0.81540904513375 0.5712116849696 0.40830086475695 0.064992723803536 0.456645647526897 
0.265400016507717 0.474661893625688 0.735802929840767 0.54815300654133 0.252397893551956 0.367271469010083 0.533176354281507 0.235925598400577 0.105282824011284 0.560867072972353 
0.623468971513762 0.592468495898282 0.633106493297064 0.661365234505065 0.655173115104352 0.519659837439791 0.133816811396378 0.926401061726595 0.568100897479925 0.411367317756696 
0.467756776660101 0.888621908297026 0.87880539515886 0.993796956015573 0.944433538215199 0.988545485860667 0.513565416723771 0.0460132010791594 0.0226485211833386 0.457636870789079 
0.581661089562206 0.981973270054697 0.306975981374026 0.468891732409265 0.317068356761852 0.752764335544564 0.683586658770988 0.0114158821513036 0.224514710727342 0.288841483204726 
0.311316627642212 0.395342277581873 0.995118008744579 0.0326523264613597 0.339572570543229 0.0867729039556798 0.128253501998875 0.383165258228114 0.055431628769706 0.50540456986288 
0.529510577852356 0.533573536662668 0.529513675768257 0.978300493054246 0.989970826122634 0.472682894703695 0.145197391148001 0.27228839408364 0.873498905289276 0.891457760258206 
0.878817307099321 0.987962617697013 0.578364285046576 0.422538568547544 0.818693176599418 0.622459857714516 0.345441835679718 0.491218098169561 0.93422386571019 0.671323546729086 
0.173024831431323 0.710789657672114 0.208862951106531 0.806592101696785 0.208392258123834 0.595423240731414 0.415473281604036 0.807511884307545 0.458873517884972 0.00728558208228507 
0.189627102136998 0.83827622472195 0.765178777191239 0.99415163001409 0.626932116167938 0.0920157893553046 0.684541300608366 0.928206782600151 0.720639827862994 0.944853308656359 
0.578580523412743 0.980941803886067 0.132996084404566 0.679466962295678 0.706197031296736 0.697592149710992 0.0949424411338014 0.676707686825696 0.924124049832145 0.00437043064817781 
0.9907848812762 0.0580338426222038 0.775219329476106 0.818164407084826 0.603292676917874 0.987585765371916 0.660695592702841 0.807439270076154 0.642829671647909 0.432290255719677 
0.844026104742702 0.908255917295388 0.0870578735362105 0.49854150706673 0.296881599202709 0.256212947338775 0.860209026603747 0.817625288870647 0.0217478630185318 0.380939578707301 
0.7786161455466 0.437932499537543 0.843851421479146 0.418440887870988 0.599609645195731 0.214601977007227 0.492563196939667 0.31052387461365 0.719754906482151 0.53408679289689 
0.550736974916647 0.607198797810589 0.110504170664049 0.509820776666445 0.483059190325761 0.159827256912634 0.136268821911759 0.813291894738924 0.568062053328151 0.210299243186111 
0.427851511025097 0.112130502719975 0.295988659855272 0.947135300088159 0.166470228723827 0.20799379511142 0.736779233948432 0.854682418948817 0.249898373820134 0.57119789877597 
0.531603076013029 0.556752956599988 0.386141825609131 0.0138182467658281 0.0350042968500131 0.996156170104506 0.0916753455477232 0.527595845638611 0.834115089845464 0.20729109554955 
0.142268268680347 0.552498108315022 0.478155029099186 0.768951348472598 0.779407369514793 0.848712984292389 0.363428681935463 0.624016935914303 0.317570214233399 0.50997437322702 
0.829970387346486 0.283813460777146 0.805337778196605 0.292955434875069 0.609525011510176 0.269949081775231 0.478259095809066 0.782498678902799 0.927171952014899 0.0458320274884014 
0.0258258670709701 0.119321609157622 0.592303673528834 0.234162472814797 0.877771877208049 0.0085583087911602 0.082430227821663 0.044094693239905 0.0356674145124757 0.203788594084751 
0.909703011805787 0.138034363976319 0.155532571311456 0.613377879873373 0.25399146211078 0.861143495248511 0.300141960199133 0.717815521035753 0.300213988646511 0.769207715154418 
0.397766944689661 0.84874294526679 0.121839164193241 0.440136827174033 0.775292556330136 0.622100259802453 0.858486978388247 0.68798200114936 0.6310852064799 0.456605819058622 
0.602232052488895 0.119215810921924 0.742721793603518 0.282784241063397 0.205420624394445 0.331708956489562 0.143843392065628 0.843022804919976 0.888619143693618 0.624443431773613 
0.91590856539015 0.22961194886762 0.845206058639977 0.41672231102235 0.268290903502555 0.67607440665446 0.181557722524172 0.89443674263471 0.169001445597084 0.258831837747886 
0.445153482205041 0.218890370790453 0.0756835059634996 0.410217016592614 0.62980279160216 0.451883835578609 0.020105012382905 0.912256956487517 0.739561319802586 0.704233486483784 
0.56882325989436 0.874651103693358 0.976349008420632 0.628924472554987 0.477914780567145 0.177221601893825 0.730902287651304 0.720510042444564 0.469345705501156 0.160485165395211 
0.00129219365277027 0.926312167338819 0.695792380127572 0.320419878426339 0.0404517375516497 0.629799472876199 0.742289004158565 0.442740481606579 0.965543552427757 0.466759966846128 
0.216822384033354 0.317259824811123 0.233040992090587 0.708302273732665 0.0824131369809722 0.0525503613838321 0.321248890956547 0.114508240337419 0.273299202330355 0.561867344491176 
0.886916711520968 0.271961045104679 0.266852064672266 0.638522876661914 0.436427380809337 0.0709148850086298 0.760044722462611 0.883902936141243 0.209900890053141 0.920601212580587 
0.793034869125074 0.523775414559037 0.242999839985045 0.0333619743982105 0.567311171030146 0.0796278461302498 0.607092865004985 0.294251099458315 0.105831270383372 0.534472695540327 
0.920980850001117 0.195743897213639 0.992901331864834 0.19247795674599 0.673609695458983 0.732768162279503 0.183197830050557 0.68795439887566 0.70685957349179 0.926673875762692 
0.313228591611235 0.0275639295419817 0.974523046645339 0.695659252231955 0.964851804765208 0.0924809776263868 0.546064155912661 0.131351751353302 0.5576452442128 0.682894693329476 
0.187575286482182 0.869336513087845 0.702313491870206 0.0154003303320969 0.143849596501477 0.869220267894298 0.523846393348286 0.613366715255817 0.787691372990175 0.340530297780223 
0.92816464763929 0.230523298812199 0.463940178062337 0.941500251876223 0.623266634925348 0.351199575570167 0.999265666328437 0.270145340491191 0.394446707606656 0.412045547781249 
0.916850669712122 0.7313346959095 0.0211322894790726 0.977540796437786 0.287345857789745 0.84530894631871 0.321419914535567 0.625180688772176 0.318688126150356 0.45843825455013 
0.242539898011982 0.619230961273269 0.217328350133459 0.462797087528525 0.258294908438602 0.52422992158397 0.247114933025784 0.186329633256377 0.195541124264675 0.207300378470813 
0.48888241379533 0.535629345259249 0.869103858251719 0.528499039985778 0.443562411663643 0.325868439484848 0.321704190140966 0.173353069670578 0.455662826513982 0.153693226635145 
0.208133792885313 0.574417575723504 0.649842154403133 0.00632125989420611 0.0596567485160207 0.883084078197728 0.549249095949747 0.850749631988429 0.761036418301421 0.332041231541119 
0.674850752235458 0.615201501162392 0.845286345047473 0.32028698801425 0.599197866032797 0.170021099048135 0.140876433418678 0.421259373335139 0.344796024330085 0.0907081055724623 
0.89882403367981 0.15091501124414 0.178380857360859 0.56300955759119 0.671690410318828 0.307247621350898 0.940895131054088 0.84674255706491 0.497192943538381 0.254560760572094 
0.180751929013729 0.143248937696133 0.537486480555205 0.660292533876118 0.511573755647131 0.985454254537698 0.466339498407318 0.129696319328087 0.119661012260243 0.533007013230755 
0.470545176014394 0.266204597426616 0.319231150106411 0.596093840996469 0.760587569084317 0.317372173121543 0.25528291731004 0.725130132897138 0.994458276195544 0.223259937326688 
0.970027206136708 0.415953490112704 0.767437858189304 0.341533443460129 0.950601146972594 0.0142296097387536 0.543279114631378 0.438742051146939 0.260417718638831 0.510408854080925 
0.307683713024655 0.2907600815101 0.56234122039995 0.451372864767926 0.146965026880466 0.669534256719044 0.662787009486791 0.0625097609797951 0.0796192672896739 0.747211559790718 
0.727703165242366 0.67630993175567 0.570888718767525 0.750084769076788 0.816653148642656 0.0432980166528563 0.343209471362274 0.498583798874017 0.301011672403991 0.710311453724358 
0.481451569610709 0.524358347459915 0.418740485134357 0.191580333571217 0.517718479995205 0.819644791021945 0.28294161669586 0.70828880162139 0.790431993266708 0.38596495582417 
0.202969019835573 0.521748975095559 0.13046969445954 0.591016522213889 0.668568274549228 0.958954274500387 0.438230868209219 0.764177949162406 0.0233110247747146 0.326871567615124 
0.111245078206202 0.524470803318817 0.748915589533669 0.760686445722559 0.907331361407939 0.254946543438941 0.341246725190975 0.0151026377751583 0.288439466664227 0.323682147090068 
0.693057945127575 0.629977849683327 0.632907171281923 0.195837939557695 0.490867645472241 0.435478795423267 0.491778731539317 0.840212798769318 0.855893763710781 0.875646416345524 
0.0239126435953223 0.36613193068699 0.411660770266307 0.17582173578493 0.640613741125081 0.365260761382449 0.0193787592346874 0.640948202836569 0.80203726732343 0.424365076621689 
0.399339622716999 0.707360299431985 0.289077584268253 0.756099778047548 0.300442239082906 0.981023129819166 0.841128737679386 0.737602572100978 0.235476138699995 0.321841759468279 
0.0487481095914553 0.988769242762405 0.0720791559142075 0.697847563914353 0.69619105349578 0.08152005594851 0.812624838805754 0.329253354098005 0.265187237270379 0.847555874041395 
0.0844038284792314 0.268191664322242 0.563513999689951 0.959989147005269 0.949309420221304 0.831633672141139 0.439026222109375 0.40057318932416 0.116745199236347 0.233362293570639 
0.629705773544297 0.974325680234628 0.460004678416638 0.322024182445258 0.417503746665229 0.775922854565317 0.922428004370395 0.124007093434838 0.716813371581909 0.316962080130292 
0.192254610994743 0.684613127105053 0.463512145037661 0.157082591369599 0.226115239614737 0.884274474382018 0.198977146394445 0.570434611485015 0.882471453730846 0.429226180027731 
0.859131796640406 0.50519556723873 0.16000024282861 0.486384502439024 0.841099000816714 0.403886795838958 0.616741045634656 0.741591467567375 0.120514108335604 0.149121899756565 
0.0349850107120912 0.612298534161691 0.68087922924957 0.683727300022771 0.0160148195492486 0.177365261995491 0.602810096304187 0.178758329297199 0.768146931573395 0.388181495248594 
0.0474549962612184 0.88378636220297 0.486283337220521 0.199248126047519 0.574693319565862 0.958635296890531 0.88024557232721 0.806237021183482 0.834440012840143 0.477968522677822 
0.0927274478269469 0.180662021724372 0.283583539743856 0.303020478954577 0.989260718782291 0.296936028793556 0.0110969292815251 0.334074745337085 0.46393325637403 0.536316990379388 
0.410935813077733 0.0796191143112636 0.0791526529137629 0.21598805310891 0.0712894559904877 0.740476702146854 0.588548895426293 0.704402866107862 0.238464742044108 0.832308603066012 
0.295565413863543 0.702429324018805 0.837943064929908 0.40113541520812 0.480772466393352 0.83227583912683 0.410950110015997 0.575975003123964 0.232786745779391 0.399555026039271 
0.402266795517705 0.528091378209939 0.610276859377867 0.974201634613067 0.192277542249825 0.203152679355014 0.653988659070378 0.807760132030432 0.480757760270864 0.462969912533102 
0.630710737915322 0.295651810624838 0.549208634404739 0.445928508324732 0.694233675981486 0.336469050792264 0.450828956575516 0.87495732833095 0.315063173192677 0.88980004256969 
0.866306862058769 0.770719066097148 0.729930697029172 0.897107116020118 0.240656782824332 0.37390202470917 0.00372964112142098 0.580448536037952 0.993250098418268 0.214945907437437 
0.0832585172823745 0.632507459649929 0.499762071830575 0.0257078063528304 0.547497549613858 0.840422573697892 0.561992452655409 0.907434701464226 0.177161993641956 0.798908929649352 
0.332999511798446 0.611862490081173 0.399792249758408 0.123497887615257 0.849299299542293 0.0123673239159569 0.878073688033768 0.503655977532436 0.411225996453181 0.00352112503626794 
0.496618830409179 0.665094046437568 0.862547333452342 0.270114895530508 0.524094473527988 0.272832506730589 0.612189770239502 0.438726225775093 0.646278107127941 0.471529133180339 
0.578577977845868 0.242000586433041 0.645742160998848 0.534691869018231 0.179425648682009 0.8062516766392 0.0388830082072181 0.168761573040718 0.379519431010502 0.851608283177917 
0.314781004061235 0.615998139294354 0.262558787526542 0.0397408671129032 0.805643426872666 0.912131329606089 0.182956204824763 0.268455660013463 0.778876191745477 0.0279137487467362 
0.725953037321252 0.173484451642926 0.790546501289699 0.366555863673151 0.119834906505523 0.129556829429493 0.286515970243744 0.541305504815642 0.955341349837249 0.0381131023980665 
