0.162073190724478 0.410381576280438 0.176989074276741 0.768127528159379 0.932654668158525 0.0113507382374558 0.705479200778707 0.679231489425901 0.360682849426181 0.157990532294511 0.327270704322453 0.199654235172864 0.511234900075558 0.66704158355393 0.0526735123626722 0.865677343781672 0.241635159474787 0.655792136628808 0.388015464588584 0.00474679042852959 0.403858818824728 0.420012840368743 0.707038709060076 0.808807090743695 0.784234003757459 0.746577742946587 0.859509917090543 0.059810199083186 0.19816987883237 0.390572997660595 
0.817552042599202 0.54134506626954 0.6718070983135 0.75969082886195 0.842389253882733 0.724252970200193 0.087657849909553 0.471363630797426 0.413206822198759 0.893025027751119 0.792209374051848 0.723042203718978 0.446720684242629 0.212462532006791 0.907020789880262 0.835346711708251 0.843203923274503 0.289771561837292 0.20239488055899 0.38600605481726 0.436193144209424 0.138727244218422 0.903073455576746 0.807988960381182 0.552710402077902 0.427749314472311 0.982041218879534 0.90943195843062 0.722800772962996 0.352533491204304 
0.444460358619576 0.856457727329368 0.967981029295004 0.709319425112199 0.940742279834292 0.866539504012844 0.483138649322058 0.479068779141152 0.586297023769507 0.418446441139976 0.277588728580726 0.483989734215468 0.0365238523461191 0.040782333879687 0.202489159832266 0.915518727104205 0.966007634591761 0.492241353059275 0.795747966326117 0.959794287458812 0.855036839777958 0.478783499658256 0.622781937051046 0.967164537541285 0.45728556033058 0.384746084050862 0.366471863245896 0.952895804169638 0.531968679858827 0.636785717242897 
0.740602316866017 0.166081136938045 0.827578354147648 0.511679648808913 0.354958030161823 0.0741353287825174 0.721590250507298 0.0688228874814897 0.073253021141988 0.484912880147775 0.28869164857227 0.315913720137117 0.486470452846904 0.231472471410891 0.179742445639656 0.909201152926747 0.725632399545516 0.347983176283391 0.257279883077402 0.387220062396974 0.183687248093863 0.374058502747319 0.825526453331939 0.441978767252109 0.170698685032298 0.227058077874459 0.560589956250428 0.0146219472169033 0.917499746768949 0.547765413968761 
0.470570960375399 0.773786854372293 0.269887385214522 0.589115226980447 0.782430540259754 0.539268410716377 0.22789684662169 0.325966155224736 0.166450229851735 0.123268075302211 0.361428872774702 0.116417813076808 0.0112013271871026 0.992666583639354 0.29870313796149 0.560104588469017 0.206262342613833 0.973962495109585 0.926265203410968 0.873749536998814 0.195563474191961 0.195580165731642 0.551798649013062 0.8403861751312 0.396819673595339 0.0176495109110662 0.217858810769176 0.871160851388241 0.697740552785529 0.0109248740586339 
0.154997846931131 0.831865642100677 0.0797092421587142 0.025002276845788 0.525071094597295 0.322121993249708 0.977697210010422 0.0954003311082983 0.431067812081251 0.288297512006539 0.903743943815735 0.00149765044688115 0.566771887824701 0.949298815502893 0.991254123753061 0.150366916610363 0.574567725936223 0.723504583003385 0.909227638568165 0.148350991989762 0.627213879023635 0.701792466882153 0.92707702011815 0.990327863691956 0.280249211766696 0.107861780170338 0.327278564389764 0.256033926953712 0.63741141609364 0.2868438691773 
0.509089557192103 0.395763883646649 0.0620127205063612 0.699887027442127 0.764412713413306 0.0339767761239361 0.566029951929795 0.500812478540319 0.90693457874318 0.838043108404734 0.525047107487011 0.368894229607433 0.16854870028421 0.342035368765113 0.237119287349543 0.39346432010523 0.029620495046831 0.761791469033856 0.289785573748815 0.464354958910236 0.735949654062427 0.16505517364151 0.310674274134111 0.93805278006073 0.86467211539131 0.826023432355734 0.392694421964219 0.992160821968171 0.388864429739996 0.0256497341639739 
0.967559713223619 0.252453803057474 0.1217690262037 0.481272348549752 0.362124465734241 0.984013283023477 0.248350183244052 0.965129727941109 0.779618469699683 0.447624703543264 0.439510772170853 0.606694321733834 0.702612739621042 0.655311609673382 0.911428501347232 0.66083686435928 0.130173974278374 0.793358224810991 0.630757342844479 0.0568043654144007 0.444520366462681 0.907428528762049 0.801439875459433 0.500402024233716 0.611162197324684 0.226058177910828 0.173540394281445 0.505457597820106 0.755604672368781 0.503599468730373 
0.862902983523578 0.635897099970564 0.438927908547347 0.371186310241604 0.587685761895099 0.0913047346988625 0.676285496349628 0.152377489354502 0.128982025480835 0.678256669476796 0.583799907142217 0.383367778138927 0.560861641366316 0.250411968891151 0.719862564560074 0.959782452067914 0.224909470356677 0.0290365202926899 0.880365810660101 0.0159711944128377 0.26925896260832 0.650882105571768 0.888655553445979 0.0643574236965308 0.229031378788454 0.423591692012788 0.351369107915962 0.526961342425212 0.157167433141748 0.122475880501311 
0.823996917449604 0.249057010345075 0.0528926394766949 0.257669955443297 0.976686637020711 0.538200483029219 0.138613158547252 0.569707272991823 0.197543337586766 0.249916274727344 0.0758025593589548 0.217010454812427 0.629810174040699 0.577621717654254 0.768511101391521 0.677109128260255 0.372541026997946 0.0801039359372517 0.0895971493110565 0.523328775727635 0.134121876084034 0.494542385079974 0.537483872012185 0.662527497858734 0.329712289320426 0.830947103386584 0.305654064757395 0.518998460353901 0.994681243719614 0.561528551553554 
0.990260607832226 0.642109192456824 0.249170841385576 0.896611954217767 0.0438130931130985 0.803215598701383 0.704135889887923 0.0241088840692078 0.228848276859053 0.616593036133817 0.270970727286243 0.997740637520679 0.143577076489171 0.735893447752312 0.0132092574837959 0.749252149950062 0.298859327578344 0.431970479269969 0.198124582291023 0.756746255109791 0.531686410324464 0.351581138593275 0.476415664844058 0.641168042064408 0.238070909104029 0.0143610581039766 0.207415905571388 0.266396194916235 0.818251997531895 0.95525242501921 
0.951869294981368 0.543090599576245 0.221384503857657 0.311966787637945 0.222448405643961 0.243285916038288 0.282744698362941 0.911269283012652 0.822188032177544 0.701197423303021 0.478801397153402 0.0957785294196932 0.642185384537076 0.379722031225869 0.0571331746585804 0.245531839479108 0.59602474786266 0.481550170231309 0.282670288959883 0.379586763876387 0.658561526788642 0.585001849426682 0.380261184819434 0.640455871494071 0.107224554436985 0.131197226600182 0.794800159095525 0.711899540910532 0.0584090355736584 0.143801294219813 
0.930672984831752 0.324841216043045 0.857480651503936 0.857299575114764 0.0293503995232124 0.625753139725914 0.164905905817296 0.553407613101306 0.255641093086698 0.101866266538503 0.0134989297951009 0.425675977262289 0.276151006669818 0.500356966886804 0.281372360625844 0.342847977978095 0.651370621368628 0.962901206039643 0.610789287111501 0.485157882993163 0.588879047911962 0.96780849629294 0.10019236700962 0.691531518162825 0.809122619526243 0.523992565991103 0.904945379997569 0.53542375222616 0.201871127448335 0.579309954705865 
0.0934507308100845 0.530265749180388 0.845836622302383 0.337673826649132 0.482835737531367 0.33731565870756 0.50483869553874 0.962338332144138 0.66376571896075 0.229179781166602 0.529390114308862 0.381514289649096 0.325354058110495 0.999544090666048 0.570643776807236 0.998125765007675 0.981413920648672 0.252978373640553 0.367821412855948 0.122646305715344 0.240281773943393 0.561660932979849 0.353128720322598 0.393963833049172 0.230942088237624 0.646981140995876 0.838244210775751 0.814952759640375 0.210717792045914 0.840703063963948 
0.53591544685509 0.639177163689505 0.177769836422385 0.0855594541632693 0.718433061294638 0.583825409951268 0.470560898437115 0.117253182053021 0.958434809132408 0.675544024641849 0.223644418285679 0.183968379674646 0.391153287529557 0.112638628258026 0.00367315362453229 0.850395233293073 0.967536641999233 0.266429134018477 0.754506811304039 0.157308869435128 0.912096038285887 0.861768650387462 0.154871520044702 0.090852569117648 0.701067812224865 0.445431218494266 0.128791470187878 0.285573642584868 0.414316254041235 0.439689969686278 
0.659883090881791 0.695738322815306 0.447049358244498 0.432104519591094 0.972420292593901 0.547747242953244 0.999357925919489 0.932567942307937 0.368794577841323 0.648413613240093 0.639609991627128 0.0243593618042132 0.184446964741712 0.867831768756396 0.00679274188088679 0.501585566039037 0.658907150829698 0.00190268777151885 0.828484756178014 0.916309521563348 0.112800765837203 0.286029918652351 0.271136584054387 0.182995560626693 0.520910668439906 0.530418777289007 0.541168542322465 0.91803061378277 0.260423496901041 0.742370495306725 
0.249923063457196 0.783021176754882 0.484874800658406 0.95237954449995 0.944405523477571 0.0573735286828371 0.347103518314423 0.0119080000846159 0.487433136977542 0.726939380933112 0.00321072092389267 0.399359047488297 0.515544372010712 0.828431047017771 0.856485545138396 0.893379462424077 0.601538942133788 0.984182378699166 0.773996940271423 0.0325304206983981 0.0667304830272715 0.0876580534073261 0.58550444026469 0.938518471060211 0.2156335900905 0.479574411372531 0.585943461554631 0.365258067907691 0.838931005830551 0.343281529359556 
0.975123067221463 0.33369891398872 0.561511048003186 0.229170770009663 0.79531804141383 0.471112065087254 0.86553423173315 0.824344453855756 0.599807775242118 0.121358722187302 0.703716807134405 0.730439568968368 0.854805103111089 0.378263545054682 0.0732755072303929 0.00897547959160476 0.0319510717493004 0.27799553478036 0.359442751344943 0.997288478893988 0.00147063637965688 0.962755603779475 0.619390240743693 0.705530845959669 0.886354234483765 0.0422184895855745 0.885531084672185 0.821399459487732 0.620523675802569 0.948974920595532 
0.643045924587089 0.161985114694705 0.354287648121211 0.861780224714867 0.469722073255466 0.0460875446598457 0.94500107876751 0.156756945299871 0.191158936393835 0.060081996145631 0.81556460979138 0.197696526722975 0.701072863446121 0.674314797701794 0.766176990165314 0.46186776040603 0.0662948127318926 0.875088066169568 0.296204615688023 0.483673231604551 0.830656877580134 0.603633657555793 0.363375838270591 0.815580334862819 0.172395731051973 0.320712875955796 0.88858337444174 0.702237360765768 0.187193045339984 0.00846264426927206 
0.401543147938066 0.587017964398948 0.0157411535305507 0.079392914446702 0.0265292322449208 0.473282794248866 0.0447146871660085 0.845127693710244 0.214306687750433 0.57269484088754 0.531337884799943 0.429694536456436 0.836230383897555 0.384959407846395 0.49151804173703 0.538150514369223 0.355913144783272 0.388972144106463 0.597436005210042 0.20920905065353 0.940297404212698 0.267324065931499 0.529919143880555 0.458307745627002 0.784076447595202 0.589171301206576 0.840164268692732 0.617133428230503 0.29823230080866 0.245983143735477 
0.218208315762876 0.86996952402151 0.550616468701829 0.470167071914811 0.524346589387232 0.649431053606135 0.781648520336576 0.243887662910969 0.387639035519314 0.168884530398366 0.511574014813508 0.781993626244067 0.212129292824659 0.0467918096143222 0.478100450253841 0.200183952934768 0.694639711291277 0.963648019042239 0.736600802613508 0.104319195183511 0.764749100181314 0.241920252522545 0.0441628922173484 0.167315021111072 0.935374633852328 0.309009850149875 0.169011286721374 0.700631100605881 0.10295317311248 0.588883477877207 
0.202553930211141 0.0374996509164381 0.260420039866189 0.29284391826456 0.93436700807124 0.910291078996771 0.438747237444221 0.301979252504697 0.646942999856946 0.982445131575428 0.422843690978656 0.885593280866173 0.667871681519549 0.171795724250385 0.787192043095542 0.978280990940596 0.408981505698043 0.0373284282917045 0.243076292893933 0.799781117276132 0.743486631656516 0.156983883887845 0.875493860553623 0.30982085745596 0.439571421132212 0.828629491359976 0.475008554741281 0.125214054272717 0.702825915276135 0.989309236251711 
0.477509721434457 0.910313851777211 0.544660427953099 0.970188334922714 0.948678182269365 0.936696805962261 0.970756843505764 0.334497573471016 0.301381563745033 0.581705376620442 0.442303359850747 0.383844738208214 0.0528312167777021 0.431414156896338 0.287749980594554 0.407187798022567 0.932341950819559 0.777308579115021 0.0170742456821655 0.386151216328603 0.445074165374416 0.374996426439615 0.292650171596548 0.821700244520098 0.273813710937101 0.336430321902451 0.723094907132194 0.950076410680289 0.215696692976632 0.849394009384563 
0.951116739498494 0.902598350032004 0.634541314007434 0.771569488076254 0.821211650105203 0.341849395044326 0.851538209091633 0.901148966984683 0.140929069196217 0.084588386691359 0.637380895011594 0.392967028294286 0.474009158451616 0.673635239442181 0.923613952354221 0.600214837873697 0.252303002029436 0.898146820746454 0.17555944891835 0.521184327518256 0.00214554173094632 0.41523237382226 0.153671583208614 0.807793347651831 0.110487272275675 0.991667792878938 0.590047667743792 0.281841018855412 0.00158811613334957 0.746243614090421 
0.818612834753615 0.15415923708372 0.479043811053351 0.545319053387942 0.171870814618553 0.036812517002584 0.843797782174234 0.281274206929982 0.642665209048941 0.399999213058544 0.688291896474176 0.561766200850096 0.798411736255039 0.27493920272012 0.797333638714618 0.396951860562715 0.239732328993702 0.938575586491468 0.0506050862977144 0.725426553421664 0.286821302250818 0.336041181198382 0.770553068835028 0.132510621417009 0.736308890504783 0.199711880813229 0.996755597917084 0.807233822314517 0.291204854388633 0.202709664991497 
0.822724466463536 0.52769826117927 0.708976959086799 0.511480574165212 0.729091267676952 0.937272007028601 0.203406490065483 0.382612118798491 0.891497134635315 0.621388093664955 0.943748909597175 0.542487416986061 0.689031167824321 0.0797161495066044 0.0633872911003987 0.535950772339265 0.725038978290677 0.26954926424857 0.294776460558463 0.543281592995221 0.900350855184111 0.0827031737350334 0.323164550918261 0.519647588599985 0.0138821543961422 0.00120940387024464 0.386991226926589 0.846063012691154 0.167697298928921 0.99400632723906 
0.424157936463556 0.817196241575299 0.823906287516319 0.367551839230623 0.370717809030933 0.265262884192966 0.488263477836183 0.567128189242012 0.673960060549541 0.55535440463081 0.0262229900723937 0.330412409533452 0.592338135286447 0.947037960847318 0.313223388791275 0.306578848204387 0.484719561373004 0.212097496484627 0.263069624679416 0.032836492952576 0.535928141523101 0.30391003892271 0.224561774463346 0.72189238469703 0.212399662799521 0.869902301120902 0.962645117208073 0.35251571158351 0.513632511577279 0.377269710223782 
0.954789936321399 0.842871867812735 0.277102084337666 0.932766559450538 0.00876368372730212 0.982025361891661 0.823367119132111 0.588495647656067 0.51691831955068 0.627274653290809 0.636829915966909 0.933565978227874 0.827627457519771 0.154196239744761 0.219351582932067 0.953570305422733 0.680458625313928 0.415897932192367 0.251098726893163 0.0164459654320596 0.206502270020215 0.210293216414894 0.319731485583427 0.494995222626101 0.22485208447951 0.0282674562594896 0.404928324841902 0.856973042832287 0.525850398284602 0.466145267889821 
0.538126721397413 0.349378826665542 0.101533299590884 0.527575510052898 0.76787199238238 0.203194910741161 0.277622826902163 0.9821769145983 0.566168079913219 0.956979034539125 0.425531854435089 0.223820228270148 0.106201238613282 0.415327804794385 0.277054073432974 0.0403419353288846 0.864875613668035 0.026727855530719 0.626931914973599 0.542344165520661 0.404900013557607 0.280346988732187 0.258180670293978 0.698619062745319 0.00464895253148505 0.00630532651352804 0.854167257877257 0.932093439805698 0.505041635283844 0.409282312373865 
0.411704619642405 0.969455036058494 0.632297760961144 0.93439091349139 0.892542857511499 0.951503673553958 0.574994755158548 0.692206406736561 0.938824096560508 0.428214246846901 0.26398489422838 0.0546640901559931 0.825465661600928 0.340293890443573 0.160226632053955 0.524484931559819 0.438344865093735 0.889237627578286 0.286860159035108 0.971203128608622 0.680905797885833 0.679539631038203 0.269844210464841 0.908531361753194 0.0637630436132996 0.297276272558253 0.236715970200628 0.284590938297598 0.032051684042484 0.937697728719468 
0.751171692628445 0.179960493697837 0.14472414140847 0.346242922184462 0.0984144571080336 0.713932590611365 0.0944617966523288 0.748280470698513 0.909983736884218 0.0842064262441612 0.774941679039881 0.63388359613354 0.937544330782059 0.226924899657854 0.924456700811942 0.802980364882695 0.759278544882361 0.68417277404077 0.377470204956812 0.979040370477763 0.220120078553491 0.540180412659804 0.624891207760505 0.574002328064472 0.294319510461734 0.996365286323501 0.186594674496906 0.466808313345828 0.43366830361557 0.966070892951389 
0.184692402734793 0.655772891109197 0.872833315560555 0.130668425390309 0.171534408265849 0.247911605150086 0.186061839497683 0.381866961283588 0.0939561012630275 0.792601509899416 0.498834044395685 0.662134582767932 0.492997759755328 0.157204406058712 0.295753041670887 0.280744244397542 0.663933389254035 0.982812427454979 0.00107122673910769 0.990210863494876 0.226149018184144 0.615505349398934 0.447873309265599 0.444754932847523 0.396190485900828 0.171383399739508 0.7688945143096 0.776654513218433 0.364478547969314 0.391561897487934 
0.374250108891836 0.483239690438053 0.0941348709837866 0.321092354443341 0.133582494674867 0.38765490443059 0.977448808063905 0.20033003873449 0.40687828883394 0.279125567256458 0.557855523534534 0.769792254636703 0.483293676940728 0.655479977954279 0.950273519246805 0.393904939152025 0.195267474274284 0.024143555957101 0.163512483239134 0.439680902678831 0.784770928636463 0.459538098592102 0.631330754522285 0.201335732113459 0.815640041863543 0.751233818674952 0.371941215083808 0.0592894789767731 0.849590509427663 0.581334356722495 
0.305361826149131 0.541529421402887 0.805886327683307 0.311528374753792 0.620843400321987 0.079883388431388 0.0515902957185663 0.686112728808974 0.255264674633797 0.594142654461269 0.0957210909409032 0.668431215631572 0.566233333726631 0.943344283598343 0.469527417506055 0.964090083442633 0.30317309415063 0.0171648210824367 0.0167121445783444 0.944318809684817 0.946227935374107 0.885302637662374 0.731093191855604 0.542299085177688 0.42031177872281 0.348134289129765 0.921639490696531 0.253286883625158 0.0717173570346614 0.969825162471226 
0.906143266566752 0.943057682450087 0.991521166157165 0.157419944343497 0.751846532583795 0.0774821970047774 0.894880764849771 0.746774699576399 0.339138437986309 0.223682865129121 0.620521872249897 0.401457247725332 0.216463832458669 0.125325585290842 0.56485855055619 0.543074331066573 0.259196138014303 0.243759202934223 0.511923381695278 0.902225606018649 0.0367873754064523 0.808578545958879 0.8843179255362 0.53806318062787 0.792163784241364 0.780803571310314 0.0333829079478412 0.497841780982745 0.81242242336707 0.81768576622597 
0.0229145661996842 0.367825413918184 0.814956255740529 0.186789564135861 0.0586846955499446 0.787967871467644 0.68584791349735 0.168484129697055 0.907343816058808 0.614189105648005 0.74836580106075 0.494965595034148 0.296772014301763 0.582192830961757 0.34465644905523 0.513045924560949 0.45498637840492 0.237745685790116 0.153858643323839 0.533540606649384 0.981687799503384 0.327901228710401 0.680211469703376 0.894803176873507 0.66377316459209 0.565068067046812 0.508660802714521 0.0622073169095936 0.762407399307058 0.197599121826519 
0.844342601903201 0.0189564382527325 0.570228965170812 0.165425872920799 0.699703149217254 0.0172441270850913 0.41562438361342 0.799473504485741 0.712707013498233 0.921119668825471 0.0263885683084398 0.248529254946584 0.0492644422263982 0.468580075995992 0.689503181151214 0.639273105790392 0.197572280976297 0.423828698935606 0.495068541803034 0.749676877212549 0.684064093838571 0.938534380877091 0.304076312586885 0.391835192246739 0.149013985269298 0.200248099197456 0.289190237389776 0.753680282292728 0.393073935084552 0.486638028813628 
0.0787814360699265 0.719973548105183 0.785713153107298 0.0169804243276499 0.0510469381578789 0.517385430472496 0.444564779198013 0.575161405966477 0.049511500581892 0.770261073337011 0.876852629849297 0.609770437423838 0.780438822737264 0.898909946103751 0.93375278157405 0.651962606689065 0.280666359657197 0.431551998621176 0.494460119738464 0.376525136014188 0.45199028745557 0.510657577964014 0.4594532696185 0.362015444914919 0.417849116341024 0.421419389115883 0.962270165668914 0.187314624259717 0.0739517576319656 0.878200435086309 
0.611074288335334 0.302340019377907 0.998091205102013 0.328683150422129 0.486877296126362 0.222843725252305 0.251357956625541 0.843340007826965 0.748965791164813 0.186322263991768 0.716501029511509 0.376004603991689 0.180194956161906 0.357865506720875 0.510898707242403 0.673286448875579 0.330274424613475 0.0182912229933822 0.319657858371671 0.852214357259766 0.915923481952832 0.783536660423902 0.953506287862744 0.287383590149085 0.704545817365581 0.708666187416041 0.827832550095483 0.16127323117218 0.413927728399791 0.0575152411095612 
0.220259050204708 0.387201501832903 0.442156100037455 0.234785582554543 0.0515705604270407 0.250984384199489 0.31068752366267 0.0386640603734136 0.267008900211689 0.958038770641774 0.00104276709335653 0.284433861824859 0.550497705740141 0.937426465529539 0.730775957362085 0.493548429515718 0.255814210850035 0.749653406524728 0.811814395288412 0.777488681388482 0.662354577386979 0.676023019287085 0.742123530183572 0.602688000300383 0.649878539960311 0.916913452219748 0.811663313863083 0.143661212139897 0.106915652011554 0.0149350887372948 
0.179126431936593 0.973367552679861 0.0505060478979309 0.889707880852597 0.683348843731229 0.957193216782603 0.0217841849187882 0.799918628359404 0.534246292679484 0.0331240347307803 0.508063831775098 0.688606610360443 0.942126450670335 0.183925132192749 0.696885649922674 0.783821636315999 0.714371116005452 0.776037740098451 0.836960621823257 0.136678100338527 0.367912323097268 0.866242798798518 0.545075623400255 0.780187817648438 0.320139358315143 0.330082782544874 0.3498922054027 0.220754817882136 0.0087282783391897 0.358568487656589 
0.446083774032618 0.862892758434122 0.513219397263262 0.0160984862023791 0.719254862488084 0.414954941403638 0.718060816048952 0.665510251361907 0.879458602208714 0.798901677798508 0.0681100121593029 0.342472651969239 0.777543693503174 0.434114246286149 0.287303877895605 0.588588244264219 0.00373468803752901 0.626355959445869 0.730389445126285 0.411503913215667 0.215053025576216 0.185819610454045 0.970209095717986 0.427262724270572 0.807453680887814 0.24926435125947 0.311136488174553 0.847642066206518 0.666154121773122 0.892189575933243 
0.497974505771153 0.424522896215704 0.185205130537062 0.0544108575804746 0.841489603593489 0.0184349619302673 0.438820666237783 0.0254477486434658 0.660023980723692 0.289343192260962 0.640385323710884 0.719202197647318 0.624133035000755 0.77729591180732 0.0731253798447148 0.703406936404375 0.96679629288609 0.650232395060539 0.379284181688611 0.730952943195454 0.357741043674783 0.119002649800127 0.346760360129853 0.138522069768675 0.606775447222255 0.385615350570862 0.904907025383576 0.0729895320715656 0.316247809256284 0.138901108346945 
0.716686174585603 0.455713556678935 0.188595023893335 0.673518139173275 0.182630212310151 0.653666665579226 0.189747402184323 0.358249966312717 0.518718214739437 0.58473193986617 0.457825764038357 0.592757544636595 0.917111342753118 0.851006256672846 0.0521698734569375 0.809839051538299 0.273375778601464 0.97412466467851 0.674934234833726 0.119951267221107 0.982469327227624 0.646835782317891 0.841873060998228 0.720166051553642 0.856971687283488 0.606315651587372 0.935253596489107 0.23518687241633 0.444997194290549 0.119403997509681 
0.61466159618911 0.0449901364914951 0.0957147957206139 0.74950067191126 0.21512921200922 0.458028521227172 0.695184178587097 0.108255751778035 0.685948597509288 0.997510896914825 0.734801081811127 0.833470630922062 0.262674291199124 0.543802946250273 0.804845479444519 0.429010093548555 0.276273732758735 0.0296536634098165 0.666873305054189 0.929358967914016 0.196689433747689 0.363168416020959 0.901772243305525 0.0653729718071539 0.499751526058003 0.032883601114665 0.40178664783812 0.671735983161973 0.638673857124975 0.52498900542138 
0.115410978285079 0.726683843508833 0.910771034683406 0.15882271432945 0.483890054647538 0.0795508726335023 0.834801160881187 0.70964105659928 0.36942292139015 0.922745629379249 0.362918309400558 0.237779477866666 0.245659050343081 0.324547777411538 0.535747918819662 0.0143606160788118 0.369171065019221 0.480905109783515 0.624546489886423 0.338214071717518 0.256865614354962 0.73398497600392 0.782433498694708 0.230501194758416 0.215275612454043 0.438740696641801 0.373945282594075 0.534693310746198 0.688335325411731 0.44065579966596 
0.774511334668533 0.833184149987096 0.418440452854359 0.53419183890015 0.468306980621958 0.128156015790596 0.305211458915789 0.118964372713752 0.160247525000783 0.358830748074258 0.661221017460957 0.246651333840115 0.77194764424494 0.622316606659115 0.287844549361382 0.691027412296919 0.313776245232069 0.394700499009886 0.270438707779056 0.0393516513565107 0.852079645404492 0.0641940639202845 0.231111176972467 0.687913181903722 0.431787667495338 0.406966367343687 0.96649728057648 0.676728171754409 0.510797173055362 0.305926797564351 
0.643443186317654 0.0387505070250143 0.494627972985507 0.150248945085772 0.188181748662006 0.11373624542042 0.94069895033315 0.880797458921714 0.30479612026419 0.73065750704791 0.429107001624786 0.908959170958665 0.84269365103451 0.433554387878444 0.648282392655334 0.0882608818980564 0.0989949653592801 0.968167593606424 0.0611288882345873 0.215157290295509 0.555951332864453 0.624636399793138 0.656082540603758 0.48615113502923 0.650168241764556 0.732643092492052 0.110748983021175 0.778820663471019 0.88847033678834 0.300776598569687 
0.766511966685532 0.882985509120451 0.0119364437488232 0.82843383701398 0.260947003466625 0.644103747583537 0.7269043090491 0.0392027317929857 0.437348381421146 0.632173819242057 0.022557210591248 0.683979374732716 0.11887951839463 0.561992732943133 0.344253697284653 0.677732552459657 0.528981604644877 0.000201539465430156 0.768839656609239 0.357979817098564 0.389251223286912 0.204717560991861 0.227132405207738 0.0929348482256301 0.439468079557727 0.746984911381111 0.410722494508965 0.168718776734142 0.34148812476529 0.486814826449312 
0.0276444362119636 0.153265692808394 0.638217324305691 0.967134668269209 0.459860952362371 0.509827022817497 0.206772640590326 0.206414471370256 0.703975344912916 0.144088900154724 0.713644171250278 0.973525127594814 0.212595335336956 0.736801157882345 0.0410001217803438 0.427616857286814 0.641379820448591 0.312588843261127 0.294442268307207 0.382824335533961 0.585750704119925 0.580961031637531 0.727838767830884 0.517565049885427 0.331861828549216 0.881242441391246 0.697589334756751 0.782119253562553 0.347662293676467 0.585106120721252 
0.823646683910569 0.437027122627592 0.462222604532814 0.483870326971361 0.931547203851044 0.911513032380734 0.856317941565126 0.589096550833749 0.445549758003635 0.304603376045489 0.335703553049423 0.0750314331383857 0.344708776057355 0.582435238408612 0.0326425538109329 0.0760112157891478 0.345773368714157 0.0166677383729363 0.414263929598847 0.389413116765961 0.435745033754241 0.0947566043517947 0.582345120441117 0.987133868997053 0.720800893529641 0.570311516952719 0.29340213811885 0.387678542994531 0.0728958140723668 0.871922807499644 
0.204206236469879 0.546610636826314 0.626158922358998 0.215993331966186 0.949039132413925 0.348451744483388 0.891143048137896 0.393523173332593 0.483113897077307 0.417603817964153 0.303090932610903 0.737359923058875 0.00338800265646793 0.265834020476708 0.696168919238762 0.613963066946776 0.0907029342541309 0.490659766612311 0.378018645239761 0.100806748732461 0.524957431376948 0.513816425182725 0.33049953313078 0.685841200906061 0.571275020062964 0.367968309285005 0.555318398820652 0.5675143448143 0.574087073598361 0.672787121803733 
0.817446189809628 0.916741200977117 0.965117137760964 0.641492423405787 0.0573177480408477 0.585760413088984 0.845485269052255 0.222818444324221 0.638184447769849 0.120091214650312 0.0354911938844662 0.24466021277263 0.245781448368194 0.02212920493056 0.227540814096534 0.504310144996361 0.036721438369975 0.708665381914084 0.363527897545529 0.601833209305949 0.387200968413222 0.860174253739415 0.615180092630092 0.715106854591104 0.666994878329988 0.804319741448472 0.704037964556448 0.169011832399421 0.61106112595019 0.554251987037586 
0.334626023477926 0.207894284064439 0.308458727924331 0.760925567134634 0.0660166347426411 0.216709785927776 0.70493821212368 0.115730257846281 0.703396772510653 0.673692028965629 0.319716246789137 0.798182143067808 0.341598445432944 0.224462906460985 0.143430740479138 0.823680725008077 0.984652580592163 0.900342825388876 0.699104595353467 0.511602106217149 0.876555699943693 0.588272283869271 0.903863057786943 0.670383490815947 0.0411188728112234 0.7735057310943 0.346537400558113 0.0739529707802519 0.191943395286271 0.343357661356579 
0.836740316668383 0.335843189184996 0.418722775534545 0.612844229243438 0.193711245165941 0.158330629025564 0.346612547363778 0.838877456031699 0.350548975587886 0.815356486956043 0.827307077551555 0.941616856080463 0.407289019751436 0.0692268843378199 0.991337704599741 0.401296060348251 0.182931750381246 0.322290745462551 0.676919778512722 0.0358795166724205 0.101860120502365 0.0859250718824118 0.0744282423009108 0.268557575851099 0.863019562627592 0.344964291580199 0.462106039639148 0.463767341458386 0.846415718502523 0.993954262893976 
0.660309673346763 0.169732943922601 0.925273904394845 0.292500585303295 0.478505340703774 0.790724066674897 0.94480759090968 0.422922277504526 0.701636906513862 0.113819675320431 0.199730959408509 0.898552407976168 0.397578023806984 0.515843514338334 0.0381437050079199 0.61807888540348 0.365584170346395 0.897478658257751 0.510344648382505 0.685493029132923 0.400019058208404 0.20001271406232 0.720831561768624 0.866522862898489 0.348527316805632 0.868481908256647 0.929789493162883 0.000178599122352674 0.305598146604736 0.254333319519436 
0.275274228278409 0.896637927990851 0.911290922819789 0.296043134869425 0.610929066054371 0.99583531537133 0.852625698397925 0.850277860151411 0.301758251934273 0.31020144094332 0.731145888615204 0.103948679380192 0.193631236428148 0.89097305468845 0.731687875429875 0.501262955987771 0.581374632321124 0.292069362701633 0.587337760686746 0.350791145150321 0.214372237113451 0.17423790941005 0.942325185281437 0.513208974513928 0.287686181758647 0.754774627414134 0.712154840098914 0.318337086285599 0.709292379444009 0.458174261338558 
0.501682045450775 0.33311676760004 0.538725533809174 0.0724331885860587 0.547000707406021 0.737875277399255 0.452404022034515 0.0997002994433972 0.505506125610128 0.214081928026888 0.582091137182081 0.70722759263113 0.228562705290934 0.126734877654356 0.272158291228411 0.35896710809333 0.55248408048726 0.929350600795126 0.97679623190175 0.141229438582552 0.00704727888862093 0.792141489935831 0.385817180864436 0.259349593917518 0.90541139041938 0.708233291460302 0.679033190941675 0.650402591072889 0.0580103614379772 0.158562638774357 
0.811870038044221 0.220556648642777 0.791843149114599 0.18840437170754 0.215573310905144 0.810742788952289 0.115410597737061 0.60290439042395 0.455998200609631 0.500480116282239 0.332851070597665 0.873748162771876 0.634270049713322 0.804157276050761 0.201440896123628 0.323277685250845 0.0716861188288419 0.226837531645288 0.323771764104026 0.0908330251477415 0.300619337891447 0.0432304303926271 0.866640572892209 0.501376990171032 0.156257643261586 0.87404803770251 0.441697806486884 0.165402875278967 0.381938928471291 0.888842783940888 
0.264602688674771 0.427695906056387 0.438117027180751 0.676683411450127 0.92313272580231 0.224860389138383 0.519361907836691 0.908846648692829 0.139332150292761 0.362920095235252 0.324826984429465 0.978552630064378 0.164870000535832 0.933129265624938 0.0912223766014745 0.793153234379417 0.357903004879672 0.110314176181961 0.119372142102157 0.724151761263936 0.827003719972694 0.0500431513296222 0.925662992816181 0.0726635887719224 0.275085321701421 0.770965450411871 0.751757202963624 0.24390092281827 0.670186357770359 0.802107520287345 
0.199343833315382 0.605307519197314 0.996241523015453 0.613653705665634 0.44001587199344 0.525621306713649 0.147246630671123 0.287943906417515 0.292328119295025 0.99581109583693 0.0766223681069972 0.300226186348863 0.220048706029775 0.618014690576734 0.0342736308172911 0.267933736901528 0.0741193972575348 0.78493362308169 0.244024806719339 0.297539147820697 0.889634334526093 0.950729207574139 0.79401118106107 0.0188186239445723 0.106441293622967 0.593738241182598 0.541669136976844 0.595613849767854 0.468559763854086 0.224345986175833 
0.803454843488526 0.412502060647729 0.0743712322984264 0.0970661292431898 0.685297671903285 0.435262820554968 0.579431443086006 0.507571094403158 0.269607027506815 0.931802112605684 0.504982631640955 0.0234719793116551 0.736621284932643 0.0108867781523877 0.118362139083697 0.40405260144073 0.817007898529595 0.185019022669791 0.907513584604595 0.245796322034474 0.829135166351512 0.0283977046729102 0.86155914808517 0.762697944455978 0.481727722344149 0.0240402493526026 0.612607294529141 0.0432313928391577 0.480754624197229 0.90007507746787 
0.856957635302963 0.875139613863108 0.379980863030241 0.186006587868205 0.894352958131745 0.253189592044115 0.248856931741552 0.478540168289764 0.204983786650769 0.265235877545987 0.21269185852008 0.499762512738154 0.990186978907821 0.369620598369272 0.951374622423659 0.477683540880374 0.474996607953586 0.393049460801848 0.343551561761515 0.379805842414024 0.526763390350805 0.338210406456476 0.10320739660276 0.67847350919099 0.0803603683629236 0.691327392350283 0.826398147744649 0.622290310803088 0.102989454773963 0.681183771168129 
0.22901873901142 0.837574737501267 0.693260853800836 0.724054160816915 0.515656769706153 0.4334453971756 0.26816714442484 0.0534472636817362 0.151191518368548 0.397649152733891 0.35980807401271 0.113677816762516 0.28251069787245 0.133966442904198 0.264832864367496 0.108412910252344 0.452728028234559 0.420970837268112 0.596594192881897 0.0831928960944858 0.363514296276961 0.623132706833474 0.556725049084246 0.729320606561682 0.903478315499339 0.256608889974843 0.805131351315846 1.81870571967391e-05 0.273350445012088 0.509246275450046 
0.215700979293096 0.990807221441697 0.839331150381175 0.930453564957363 0.36450198540774 0.0454019153351918 0.823637033718671 0.290634263623323 0.725014827178773 0.402747032065272 0.259911806361062 0.987447283355373 0.203852444700337 0.578498976083711 0.788185343757635 0.608501680543754 0.713647035325548 0.350894502114337 0.937110548830761 0.965814233739243 0.139381619867491 0.0239984928842929 0.352131837878817 0.256380201065048 0.158685095396754 0.713382219813502 0.744680977353603 0.725969974321657 0.789930867177748 0.152699447563366 
0.500851842763431 0.50531515736944 0.89592581936834 0.234073804504461 0.705386993708995 0.128324415076553 0.159136164623724 0.201666603918322 0.209050413951431 0.367965271549071 0.275924553195015 0.11500639974857 0.981043246126776 0.0113291406320318 0.948896892276391 0.785098830981002 0.707341163540135 0.843908779014902 0.60441873066011 0.0929148829278205 0.0612769928807381 0.765848641721259 0.807271698314261 0.322735166940004 0.176146254967143 0.826991547953729 0.49522956199751 0.394557463081536 0.577331905102657 0.66549453972933 
0.34945519434606 0.890070260545776 0.133359217167629 0.5972148673526 0.483190222255068 0.326237678090084 0.933162669211636 0.979588354282202 0.57828747210067 0.603496451987992 0.9294454133559 0.961687112191907 0.70648040001264 0.170355981185979 0.927972260491564 0.0148646955100812 0.286195736925507 0.80838769422671 0.435446051193183 0.892383456331044 0.155848137169062 0.477958324063573 0.263260903466926 0.365099971964705 0.57934977686122 0.586868948490542 0.394173701523353 0.489985959550966 0.111982350569903 0.607481213836014 
0.228754458210005 0.663331244893374 0.541557268462695 0.905055007824377 0.657462539616066 0.775206611043592 0.587649566535512 0.858837607516101 0.882259007756651 0.283135352859656 0.483685411396817 0.274669972188992 0.557057965674385 0.0143599168977748 0.908274335722535 0.31767698090468 0.49276118182027 0.307211567634568 0.0349513421505353 0.443869225729835 0.0307726528117366 0.452392320228009 0.679749938665812 0.816831350146317 0.307498874133982 0.959993614246915 0.815568702821441 0.918713456616254 0.315703122626714 0.809735734320309 
0.0495986057411178 0.989249312629074 0.816625156948107 0.850800843826958 0.096820609083236 0.780639509469822 0.851175757834564 0.876250356879841 0.965504989414546 0.547032678094002 0.78420623270656 0.201659214468982 0.135277334997662 0.0681384970595485 0.192906183509926 0.690970634906205 0.368853240133006 0.0596505428291713 0.448831835804369 0.542040782721265 0.109245921005994 0.124959180307725 0.169334706694681 0.385608179538028 0.791375208822217 0.379257832125126 0.419221572182382 0.604433076183158 0.399712545017183 0.377775371072561 
0.811576460282147 0.40986284344627 0.491620642460728 0.678834766253625 0.374243518665075 0.864187638273224 0.70432013883186 0.98499612020065 0.823270134746598 0.944856773976733 0.421494617645175 0.0179112293013663 0.391909262654315 0.390805376299031 0.328845670961664 0.440188218454232 0.273551627650587 0.993439855484383 0.268830863698728 0.17295577587464 0.875933279065006 0.546557410129627 0.320969330552712 0.430716071689711 0.797484914926709 0.334356014421437 0.0622772785895789 0.451011127588487 0.518905378571938 0.51207805646734 
0.279620352524344 0.650913184421164 0.958940161402555 0.130075270450747 0.927512704026076 0.000738560597106686 0.48045730448417 0.0642585065571176 0.936291715073316 0.730665039187323 0.125861644219281 0.968094186634073 0.178050314063795 0.772019595506529 0.977708701157744 0.964615275545626 0.605507909547278 0.427956390888813 0.107614336333393 0.363209646613512 0.88775351710946 0.82388378832367 0.982031563990393 0.742121498285696 0.438657647875263 0.893885945029847 0.0986593514325984 0.727505173893854 0.228026169642237 0.319128575772005 
0.00494507235677759 0.533826223246349 0.0266762303748787 0.945793015202863 0.0273832470505728 0.934497554493552 0.474696661139689 0.798961006715505 0.848636982050608 0.176630653597821 0.666951617136365 0.0886694076952573 0.929878209406701 0.712696289282616 0.729254000557522 0.333478924477829 0.949567760597771 0.128281308737676 0.563364900055033 0.50952864542766 0.310440513654892 0.258807420964309 0.938322006515318 0.963069006145718 0.874072489878674 0.405131273060447 0.925550870661221 0.581636804926682 0.704320672162559 0.879398533579987 
0.38272317735767 0.733497348875135 0.675315573011674 0.200671019598744 0.781270192153106 0.254964684153691 0.490345115867432 0.229285881733427 0.252062228498885 0.964113186262822 0.211770456458093 0.435534088533983 0.801648353170108 0.179788917960009 0.0700519626873147 0.507445399591627 0.295256129145062 0.24372895953014 0.432019929551104 0.428948891653387 0.697241409641932 0.841465361415145 0.86345767441843 0.79751697413032 0.783376848005999 0.336155871338016 0.923944159691004 0.166746421210009 0.720305695959731 0.521894849363347 
0.661391161590053 0.660817134508971 0.980878054030701 0.593089301136415 0.667925897039831 0.113034387171252 0.499989771832968 0.519358468138566 0.858755996722262 0.811641226733614 0.135257898430963 0.171095211111988 0.956485207817087 0.105103570638365 0.913062232343345 0.166966097645182 0.446476838917011 0.573786611448617 0.843036436141995 0.805033355778977 0.0938284661424544 0.872514243411506 0.172931365856648 0.0860943503623372 0.13832491926657 0.14064447321193 0.380561891311156 0.0741622032914047 0.199944968068108 0.730013032287597 
0.542908657457217 0.26579534735084 0.845338654189709 0.354483370898635 0.376236105457187 0.573371888986215 0.418199254045482 0.424310802601032 0.933956329717606 0.939016504079867 0.824248682763339 0.939885526060259 0.63076724422347 0.44904073201633 0.938534157849937 0.954442454932949 0.703472353830798 0.841389341431714 0.178538801675112 0.809103544860442 0.0375441864584924 0.399814123379375 0.472556994448582 0.0069793423081848 0.586946715019202 0.959221611039898 0.4055201988945 0.202611194907302 0.519729774480913 0.997238524536729 
0.636542370209355 0.818069056016732 0.791459606029876 0.0723799221694056 0.0253752893186844 0.997246936040936 0.432527772695344 0.987992102233468 0.601612810470022 0.951735006829162 0.520617124697571 0.489781224097835 0.605249234027754 0.39736353712532 0.536061793374915 0.152990489811282 0.385120198688632 0.891848025454965 0.013134062384246 0.894169239458222 0.103870829683133 0.741943300222778 0.751615616370424 0.752337706480816 0.254339009824984 0.410426678296488 0.963350488445801 0.581637210998201 0.503745246547909 0.484878022822162 
0.299985859541932 0.4466688715132 0.868612615851889 0.378446544738036 0.379382392729077 0.919671252460016 0.832909005223947 0.345291789534541 0.798312905627602 0.223674874864711 0.850185332772558 0.911151185776984 0.36076197579452 0.0245638339154057 0.891512995234751 0.118746391200391 0.100078708138142 0.169875020928625 0.749726426141991 0.7654134565725 0.471546161403091 0.494510152917054 0.0497765481063527 0.689628304515688 0.51498507132121 0.362893588050069 0.584628886617554 0.746170460581323 0.967495717479181 0.165176437147603 
0.883644232297392 0.889934086852447 0.0469248449216769 0.45367634727937 0.658160367605156 0.93080011379836 0.497533934149506 0.87647759571919 0.705382748118089 0.401038921390228 0.112046656572613 0.155253556236967 0.490249806853307 0.588197494248907 0.831616356436441 0.810752300401889 0.0554596339907589 0.438634132879833 0.161526432977224 0.885871944109931 0.95957280151449 0.889197262575475 0.723070326990616 0.418619145338596 0.601034642194956 0.0192168197346877 0.815388397932142 0.417501198645604 0.257333653665948 0.867410204589161 
0.0643007082282061 0.939765885083993 0.821761663244754 0.973566127821708 0.373581563694396 0.191331949882953 0.279945880183399 0.141923623894495 0.602746822106724 0.593541720268657 0.677172738099264 0.0712496428551159 0.804867299566039 0.671687438820075 0.295231688971619 0.653450035334418 0.799794010674191 0.194041350298202 0.463905016555093 0.949330394767831 0.851834347518173 0.712303970967289 0.930925553087234 0.140061801445558 0.780227711885959 0.253321307232139 0.0787743000467139 0.0597486513774487 0.50835842931382 0.280836937335439 
0.359064528863431 0.0102123472445187 0.357558982193472 0.807614483400875 0.814675293592532 0.547241103386388 0.864834268485432 0.325897717434151 0.611078507626679 0.152313145464364 0.641188643138657 0.123227294131583 0.551149484895642 0.851124839379892 0.626315127704477 0.706221669543642 0.679958256865445 0.549863850373617 0.16146806903115 0.143510137565321 0.3545586549428 0.951695470152777 0.380133971000128 0.552146707030817 0.731315834729292 0.191841519018295 0.465526981744679 0.50750511124449 0.619615554301954 0.472250296008953 
0.32503349125245 0.149634020522128 0.818602323366978 0.510695246072464 0.653025613885079 0.0796822269014554 0.0956909307828879 0.0949264021301592 0.947585097701764 0.132245518585171 0.450147637892234 0.860592617975369 0.55321348753612 0.245410119723006 0.272870143175578 0.112890723415135 0.532775572739645 0.756394454249243 0.213825545473385 0.704252487673611 0.760724319323608 0.327006142419887 0.347060807487974 0.46497119888896 0.368292503602652 0.306844510581734 0.769292218091316 0.0133701501356845 0.496785528185358 0.177618404466413 
0.239855585694042 0.235649119319994 0.487963723599441 0.951305328814119 0.0347054590595317 0.395200479306849 0.38373133229931 0.643751275536317 0.0477570770451615 0.704452400839346 0.615326842236999 0.176302050578249 0.20184189979797 0.9154916437433 0.198796267794483 0.635192432687927 0.304707095160989 0.194117717983146 0.532297110308685 0.19240081167813 0.22784859844341 0.671067397452139 0.949256272956206 0.570057705897672 0.541778027746646 0.435306736454326 0.74193751191312 0.684672250858177 0.918441078970994 0.888629996366027 
0.257164587929995 0.465549967856445 0.186526898353235 0.868143446278369 0.414327443017109 0.0415323250394754 0.814489605593924 0.263357064610588 0.292359624816659 0.467954938428889 0.594020123557399 0.917842661849414 0.897031200286444 0.728669759451101 0.0916247300351087 0.301524948072833 0.232115025539815 0.568794227244325 0.295471431627191 0.891011257241651 0.928057104100386 0.996562037601782 0.14704937944453 0.64530716531686 0.679339423676088 0.701433285696694 0.725556353380737 0.656604419877842 0.88775947821108 0.537029590712084 
0.738020176236469 0.456298610532094 0.940153654575819 0.349293317501108 0.278916455413886 0.104797296118017 0.316650319791688 0.484946659861212 0.635360831144249 0.874573867253566 0.380950100421718 0.471737554404487 0.426146056328877 0.124772263107645 0.957960463883487 0.616108729491255 0.69267312127472 0.835917137233543 0.613745438046871 0.0828600020814543 0.283877866055745 0.415682366159983 0.689478372076869 0.674101684413044 0.147126087036188 0.400076009205234 0.477372225546224 0.846649475490257 0.444461183541431 0.980112754168602 
0.228760849863161 0.900888837195127 0.406000240330107 0.129732958494374 0.427836985930447 0.263556367903895 0.955478039520095 0.232847407121843 0.456887708345915 0.167082027103399 0.996229519904749 0.0290535112664887 0.119914551363452 0.327831042060037 0.857163242181015 0.407491481432185 0.579123397912961 0.46987204687398 0.0180838128725176 0.998687595476485 0.217770617066301 0.130274161564228 0.702692913702323 0.948259180461001 0.283307096060526 0.0052460705580653 0.0502913798380561 0.978958470592939 0.348532208017585 0.284456314637458 
0.682025493684145 0.0616097947142038 0.754998560024018 0.401047010727464 0.53220691695327 0.215120951694738 0.504613279539386 0.572320805350865 0.634295061434954 0.590163803125718 0.811933580277028 0.585838014135977 0.0393828579748634 0.916840982256394 0.710509676553506 0.680477913685096 0.65867587940507 0.785169891700906 0.795887280629366 0.330197019395736 0.580353573958681 0.793982347641356 0.695675792041391 0.60080948603506 0.162459883221937 0.470957658140506 0.710243623195264 0.480996836209358 0.931855512478284 0.206536402259896 
0.132927497518599 0.82584712559597 0.320026383163581 0.607364856818414 0.856656923004661 0.4863550481278 0.650796638318986 0.155464041358026 0.111639295161755 0.924176736323572 0.487660574479884 0.808074003980448 0.342871037405162 0.532338949220887 0.981111037409273 0.155386833009635 0.0668194160577374 0.353165499236635 0.475345105467016 0.74087162964375 0.25526368381123 0.0750015928904509 0.173752637251903 0.00202980476615193 0.992514077540191 0.754705786357702 0.514672124636285 0.1230574433652 0.144961243651093 0.0411170359094852 
0.320202949619504 0.25609775636218 0.360702885314688 0.782803588178034 0.208827633199697 0.484864653542042 0.37874186439479 0.478082365613032 0.41325368200123 0.663727770156186 0.210606245949178 0.22773487326567 0.351764145668395 0.403847352723774 0.440795509642498 0.228234691593979 0.383729826100535 0.701403843947836 0.00312604969399404 0.168258234859562 0.390198033658816 0.442382810252766 0.0468335195462433 0.82429115801093 0.0570967368285791 0.092027669634246 0.489812054775219 0.850614023365473 0.698999001914948 0.761763229784475 
0.807352619352823 0.535977130402073 0.203696994178231 0.858616824381131 0.104198667307856 0.974202511763694 0.357599641488808 0.774784279998754 0.017753259618211 0.592428429927526 0.32261171520155 0.283005805695029 0.357061595056264 0.218693972289722 0.0533684247119931 0.781681003181066 0.0572704196477083 0.956108955581898 0.923439624498895 0.315096233107872 0.33585495550425 0.47971841318211 0.878180573698439 0.0325793150630223 0.49184863586108 0.922851280949967 0.705636894377949 0.336993219764765 0.0182174654543249 0.412994582931414 
0.645125085857224 0.576233696546622 0.771871375046364 0.391928001374784 0.351753081536995 0.835724078316086 0.219274166892433 0.568085494734608 0.791553904989537 0.572126406971032 0.508455352579915 0.0319965934145228 0.357377435238303 0.232020738431905 0.00649219323118249 0.707153213925464 0.976238417369853 0.597569703759895 0.690352702021871 0.142161619138411 0.034520861283673 0.789207589451126 0.232159397549727 0.296390163043287 0.589869054473781 0.167061416188239 0.54037324064637 0.158152707633782 0.212122872166348 0.0257319207316514 
0.527595457340432 0.0400805442646081 0.76411317985006 0.786017619005762 0.573034285865984 0.349014973616073 0.165250166899496 0.719851522107731 0.935983940407782 0.484276013951795 0.933567871840495 0.977430098659085 0.0510848432874176 0.0889749327026363 0.474811405617332 0.0255303997113346 0.827482154962658 0.475208621730386 0.776486446094953 0.73500590298333 0.820146347051051 0.252982611202191 0.15103359518315 0.158826031649439 0.985362794951208 0.319136221945086 0.239041730563443 0.626977711264082 0.143333009799341 0.619532369232457 
0.620661844980145 0.603797383206972 0.697782322966005 0.560321134448373 0.95104699657416 0.43339407747777 0.832088465027666 0.338683209064802 0.209370901038273 0.406113927023462 0.0303566058993556 0.900176178093851 0.853801885504976 0.777046039993399 0.0503370582571272 0.825596693452975 0.849341474550725 0.865721437431394 0.275075427678763 0.723571124099007 0.276468019621769 0.0220564532611988 0.876043673903854 0.0624278560460898 0.937513242954153 0.990040059155677 0.7972304920306 0.524042877510286 0.182974756768721 0.0290727242093903 
0.207776931894798 0.597304395807732 0.755031258532055 0.260645657269738 0.246369649662513 0.073710342421654 0.601709769681698 0.403484066517437 0.187036045984194 0.786332857715456 0.35088357011784 0.215830750501201 0.404582251730751 0.460906587804088 0.654748002817122 0.360388876080524 0.98796323595767 0.0870130870078999 0.714580677775663 0.628609766815661 0.327176087498183 0.809302000776663 0.930263273357964 0.848726590740851 0.00223017640987382 0.0661030279941272 0.941838071971068 0.488861498831404 0.620226129341624 0.86436190613929 
0.195806015916735 0.524065794178815 0.168169514208649 0.447883441568772 0.617941576051602 0.538777673099742 0.707091947652187 0.738962622026198 0.717848634281392 0.39960565576792 0.614268742984731 0.796648320022765 0.389100836931899 0.454072453208613 0.813997167026829 0.592169543593922 0.606770369075637 0.788232066767173 0.115096959373355 0.640272928423515 0.414766527163389 0.965991321965946 0.83502388250013 0.264463255503538 0.648038375401985 0.825783450178382 0.819880317090767 0.950088892787383 0.98589608286331 0.254448675807219 
0.144921366432315 0.131406821774912 0.42785997183196 0.146755143942231 0.502087667060801 0.611122891485533 0.66031553901851 0.263511301122138 0.0081219871739227 0.188779875066774 0.983006356863009 0.71982490394325 0.267031424127566 0.691308634881264 0.426711966931022 0.219316752469578 0.0893840200902333 0.509600190354395 0.125634987391656 0.0340496362266609 0.897407120671676 0.447414540131799 0.939890946291102 0.453447367517305 0.791999415961448 0.19655169286572 0.67279130954336 0.765762012377429 0.282865028316205 0.775755290700809 
0.254077276403502 0.290280078203247 0.45479036406754 0.943239294944998 0.286537961710484 0.5942478158917 0.0841163461538249 0.927676899716386 0.706760212506693 0.39162908299603 0.468389598281948 0.426401478548303 0.957708898641813 0.328664928944095 0.735247995394416 0.497963887266595 0.517361377585617 0.702624004628811 0.410794019338241 0.688966671683375 0.782096661122792 0.965652899591899 0.617989392026238 0.29556335158403 0.825077646713282 0.749369881337861 0.0982203102763361 0.624694796244473 0.631936820857064 0.584506156681089 
0.251048865502258 0.0529112141879094 0.864245219433307 0.483405960986896 0.322386139149649 0.078735120888352 0.328702033212385 0.795900498398808 0.360516736078337 0.980156628153794 0.520985148384594 0.669220146505408 0.922175723394908 0.444263371929115 0.090178957928997 0.0970936019535476 0.409342246809053 0.93490858027845 0.610097241116919 0.594139962057245 0.465386446839251 0.0979626108069665 0.902434482039609 0.82559369713593 0.267289567747581 0.547578885589529 0.436088685662392 0.176449720453177 0.0465238365821224 0.163629976636223 
0.69915219115077 0.579828238149753 0.808689062808356 0.567228364070643 0.318286778040044 0.252321520306218 0.38246635019254 0.971314202612126 0.041933338859824 0.599277564224535 0.219401948558362 0.496118414244541 0.00940693628707572 0.990984375542591 0.408249089414525 0.234880490858232 0.907446297402733 0.261755366002274 0.837637096055068 0.281620124173614 0.48239489322632 0.313419362474702 0.0834324743680646 0.621978818672989 0.362075557679896 0.748380661804661 0.299233844063509 0.0742227960495935 0.570016857213804 0.631081563939321 
0.701885631328823 0.933643232841469 0.760399651584278 0.994999076097555 0.113776025277437 0.145166785129897 0.944133583547886 0.801625073914326 0.973836122671326 0.953028890960503 0.159374942688675 0.736071192057862 0.860996921271572 0.198457382966274 0.266057457630823 0.867953210110364 0.977324189591371 0.116017813170709 0.985484896186767 0.673767541957356 0.693790158935484 0.409146781065177 0.37836257758943 0.656293065465434 0.701480649725141 0.887507604809079 0.409818418939928 0.643645516269339 0.529794579357665 0.462902429812663 
0.119766220608851 0.781310615030308 0.0618065038636535 0.233063044576596 0.80338305747267 0.723665801380678 0.623675161855393 0.332297551540187 0.536238890884234 0.747095659989475 0.229635838908944 0.163964776645656 0.369200638694079 0.365701905695249 0.49243407546779 0.89569088027501 0.671298598908738 0.296983165386247 0.293256300398346 0.452563985464966 0.622202498560617 0.234582161962853 0.964821891714779 0.672465306575115 0.406569998616743 0.366346604486242 0.473499634035855 0.852645652702135 0.692769766163645 0.0241223926366172 
