0.247696349974127 0.549378660566536 0.642035605363014 0.960808832812859 0.0355840555460808 0.85599578370573 0.951734097240464 0.0129473084628901 0.754262578237285 0.349691053280559 0.506667087814053 0.573494943384083 0.139376659820631 0.44058062207951 0.60667433789926 0.469752474782266 0.14422997146215 0.254409602118064 0.0216800215088277 0.324767155160653 0.573974981562096 0.512301589882515 0.309071329512554 0.412987659254634 0.424874763293753 0.598925134196705 0.0270679522792662 0.0838406232824417 0.421585678782418 0.150277515949151 
0.971048640949953 0.545149281794119 0.33542389761813 0.1314351104315 0.724539013870415 0.867437179249525 0.733691590372019 0.314745686846871 0.395141881055122 0.545493573750873 0.0247616560327929 0.452547627236601 0.471038580800689 0.0482394223244604 0.00504381084036225 0.402889658651729 0.0568187406673863 0.510317903670024 0.615711802596344 0.797816355629814 0.555170864734975 0.222798153699051 0.638959791024847 0.832133710585124 0.152640504757034 0.852788570157052 0.129969335028084 0.508671709149598 0.74401423370836 0.0257305522405053 
0.634532795191787 0.494410493472097 0.44193798126488 0.547339282876827 0.70980477259743 0.742720300967681 0.901524081764186 0.164440773893276 0.736832570921286 0.380337981074551 0.576429091062842 0.215250689083179 0.0718929032407656 0.903081778146494 0.359990280012444 0.438816040159962 0.347540519672939 0.116791765622532 0.307494459051201 0.00245724940449381 0.74100284549278 0.92911975236453 0.223801287713106 0.984416047327822 0.246527525595594 0.855269366139883 0.209437087212495 0.8617886452586 0.152551238533058 0.919398337873814 
0.870124437428872 0.058387408469969 0.0351279050430248 0.996630074720926 0.660305354924662 0.853886595878505 0.916802716996878 0.939921989965934 0.910396588756005 0.402621378542919 0.375394973374094 0.614114724738311 0.161591809133252 0.722307313403145 0.396662360780056 0.371286268504353 0.943064538952296 0.480871527154709 0.725973204705789 0.695176347656872 0.374607889343657 0.421463205863767 0.384635939076926 0.353851813342092 0.876782425601711 0.81482620793134 0.682473379362206 0.690827084885228 0.738780276895909 0.454394300970293 
0.149980347253217 0.471216169879103 0.195021946515363 0.576614431821192 0.656615466559235 0.652219227873024 0.460064534619319 0.188984832304895 0.325928716088588 0.450288915423396 0.483926876281429 0.559295393272562 0.13604676984176 0.896753903551599 0.640849154025747 0.733150912443178 0.620486795622819 0.0121000718712112 0.335260044669431 0.921979061725643 0.222847801603362 0.388354184158522 0.133210477651795 0.0802808314044184 0.0236871951524765 0.409205789583145 0.558126408357019 0.477589438166763 0.425259490832363 0.325606635992587 
0.552540490726412 0.578703941090813 0.650943495553535 0.87978718299119 0.54493514321481 0.327940153177281 0.61334035129946 0.0926794656544414 0.574292519205663 0.465301027556 0.727978501677945 0.0146747864717742 0.206904190431132 0.0575059632126794 0.0697332751493431 0.737742908131959 0.252962677796236 0.174074634385138 0.300038517920396 0.133791791754006 0.797720513102591 0.261054567704653 0.410891550130571 0.794944702139694 0.676061308328105 0.196107313147016 0.877102609672775 0.84247751211856 0.75926969237051 0.875498984016354 
0.808781120759899 0.267852938650259 0.0131498127843948 0.872442602277329 0.656620415149119 0.316557488604733 0.657278230641824 0.423506203638736 0.380743757868583 0.609936571351282 0.0702890214581831 0.660724520302141 0.725483057045572 0.682651894579601 0.773304794465212 0.919320516862752 0.949297009265425 0.219108379897496 0.0345566609783963 0.519410958044393 0.303701731222172 0.581062723615947 0.827480130827852 0.0791456669137857 0.66511170064428 0.0694433438387608 0.810156911367859 0.901809795777664 0.92307186157068 0.990340463362008 
0.947926042403645 0.308924067455461 0.567818529521307 0.600262038530608 0.0265953588120065 0.796162106130779 0.00517285682991424 0.0183966119449564 0.431992734296903 0.0587981228735305 0.923124855351248 0.00298733913308706 0.777037530316317 0.158278991888339 0.752019780564652 0.308005831628157 0.727383606136454 0.832871764325144 0.466699289560383 0.839261812286636 0.495802186503074 0.162853572929726 0.561565651633134 0.371764060968543 0.590874185948632 0.249794612705617 0.0806324984760279 0.0966296757949028 0.432769431107668 0.706576213741081 
0.60982745501459 0.857057444791878 0.834143488150678 0.836999931550608 0.110367659069958 0.262649148293501 0.750160075659626 0.575971881687571 0.780829565389983 0.687886642410642 0.875212848046885 0.353944015058703 0.962668589662189 0.113393497347656 0.380847710871538 0.115536274839909 0.834900269676413 0.54685952617881 0.837315825017727 0.32920495871382 0.336858236984238 0.0290916910532408 0.169541470885341 0.361713968341819 0.540989976295346 0.119201065080208 0.656232852615693 0.257001920224378 0.974302352283779 0.760290700499238 
0.325052066019868 0.201524511237713 0.634640500734639 0.608278433839097 0.615669194277706 0.3028002839805 0.897750359771791 0.405782990240288 0.635048490646269 0.979052954085379 0.0328005219284483 0.791856867686032 0.953477955040962 0.987485709282234 0.0444780713749173 0.179540857822785 0.903862093243581 0.982141872406327 0.826023456365128 0.342321488415352 0.831693471391808 0.650980252845597 0.853629738746187 0.899106502051191 0.292263963655142 0.321913696853054 0.694439080141533 0.519481347758076 0.792761324960745 0.235887704620626 
0.303120025626082 0.808267171118729 0.385513979770423 0.813522680163855 0.193945386485496 0.047268387231401 0.295078297144919 0.476877664191739 0.968357998920108 0.675063737768339 0.297231222027444 0.976981078581284 0.996378014019819 0.699958448682423 0.959738838263177 0.588142145882755 0.607555287559289 0.522223983964906 0.252049030522867 0.556249754895665 0.891305198540736 0.680741901521346 0.715127306682792 0.408974837100457 0.602220215125339 0.91667762266848 0.93213382693876 0.784860446672568 0.23453310676845 0.786907161376531 
0.288208967531241 0.311878058533682 0.957415928399322 0.652024527749264 0.309290251084747 0.861216267362688 0.756457474787831 0.72700879386374 0.241696761657431 0.0967229535358733 0.900993885079725 0.116461231085688 0.291258724690429 0.375974209609958 0.473988806105161 0.49067314181127 0.960968551021669 0.132536502908553 0.0414395508975681 0.536968852015097 0.00287752643575305 0.949871731917973 0.100645412772104 0.888735634072218 0.213194326058501 0.205928380462393 0.480150643032301 0.993190307171755 0.73832422632341 0.61112474712132 
0.997826799659252 0.640859294921329 0.441873402687106 0.327077226006571 0.169207096885455 0.0936921321059271 0.194222087994353 0.504378767459664 0.0588603319385535 0.174759483595008 0.453172557650046 0.153419184014848 0.847477686855561 0.252063216419203 0.561796674709845 0.752162027868989 0.49772428692678 0.0340688763294146 0.0247575584882674 0.195367483642088 0.299279802350828 0.152258118536335 0.524312224901687 0.64389628790438 0.102621557271853 0.927323527479317 0.304969568124799 0.47195075913119 0.880400172346177 0.493035596492974 
0.743841891884348 0.809753593174668 0.764998600396228 0.708107171919462 0.973845060764313 0.800031613600062 0.0633649293335961 0.919357466089936 0.161594982875429 0.878277924912061 0.762426885450131 0.792797595091576 0.149408826844194 0.641265365819677 0.623028662359672 0.0781360025234561 0.0607710534460581 0.425940917755038 0.879963125725529 0.962399495068816 0.872399352771679 0.929658678574733 0.842949356894432 0.397566824340326 0.95531925637556 0.541792176084147 0.142026592858867 0.747222414865878 0.90447241947534 0.978026104171295 
0.919276679035986 0.772757914445944 0.549339005087044 0.290690288459818 0.233378166755676 0.51333372885553 0.822387672488234 0.422641339815761 0.514848749573633 0.309054209587652 0.0412275257966354 0.599527747695667 0.592171077139633 0.431358513909648 0.899142687222477 0.792324424046076 0.380335187373189 0.267639781196213 0.259929682368729 0.69444470637244 0.819870461126787 0.883436442433083 0.653180597273086 0.302573756733876 0.586758521550538 0.7918250162724 0.217430136249462 0.751716617517737 0.355513713743183 0.507051965608141 
0.321794739070065 0.119899982751216 0.268829765610034 0.332629889835964 0.104340086966928 0.380454225036213 0.385033400070023 0.825542944718937 0.854291774952714 0.77175013975156 0.617752732379624 0.328413658333536 0.014683214929075 0.633172025995381 0.98039349003744 0.343306383677403 0.142140119088651 0.748924907978126 0.0269109805960072 0.490347936703517 0.359169847030445 0.667763767981262 0.178924320689944 0.381620503196952 0.411977387413308 0.128220053754361 0.428735553253694 0.547212256736282 0.259974431728125 0.891187876533902 
0.626907228075322 0.185201211123646 0.265266625859289 0.624391053599777 0.903178844554746 0.292318889012337 0.729437205283187 0.0711907723513471 0.337463958259196 0.529374507962329 0.81852006152275 0.144197544039473 0.488229020822249 0.762462339072883 0.542675781395226 0.744434223365925 0.609348357074177 0.512636416384714 0.780772230600285 0.384043140421677 0.998561879146843 0.298883528570047 0.148939732820191 0.340344644379351 0.166231503632254 0.252842916215937 0.669015358082266 0.958764439831575 0.327828454412792 0.912796041093836 
0.212807635734686 0.370510507393031 0.743745695471711 0.605863650956447 0.451532405199057 0.34888056212636 0.853803991551471 0.436366762684276 0.882113162755366 0.41600305306217 0.353201768990047 0.448563433060188 0.337625434912275 0.711771009930587 0.589158223211156 0.240705816920925 0.440563337366436 0.139195439627536 0.358918894778196 0.960021329083391 0.961059213509185 0.392152288980656 0.320180823977807 0.542149059710424 0.963702740689945 0.0689805311950175 0.0934599459856324 0.222084890890917 0.968216254970287 0.707504344395965 
0.723364478772775 0.436775202340866 0.300725966127156 0.678212822803985 0.637811698244716 0.136004494018306 0.765068782532924 0.77685251072672 0.53497654569359 0.0320468429620153 0.090939838946292 0.633818572633446 0.0850580737279956 0.493373853571557 0.729772486745891 0.571105260145298 0.249536731449871 0.31265667355456 0.91579355598224 0.780470555584019 0.967367177728578 0.88437517873078 0.715750311570089 0.238424602154613 0.616705016093247 0.441785994549386 0.850492178591978 0.229082433904092 0.245848034745812 0.304524525020695 
0.937712607899336 0.847136265373681 0.966418278606769 0.226998452537282 0.697742237408248 0.396588296742425 0.476497286198201 0.89689233885945 0.61947026528712 0.205194216511647 0.368384196643259 0.394979541545032 0.408969446546848 0.73460616610721 0.193202039915025 0.993780219517466 0.122553640800411 0.345744048725323 0.967800990646549 0.591358838031259 0.359397898208261 0.550922010584574 0.204951262309812 0.466316677605621 0.401077237274524 0.216955337393534 0.355173856285868 0.262521390217043 0.587173408525959 0.0065861766375374 
0.584654335791118 0.162033237849139 0.366743393411458 0.117009870291674 0.62325320633664 0.152162508242479 0.785176863192947 0.240057621077213 0.698813642783441 0.565595964119626 0.952973449714817 0.240681050876054 0.78764362819944 0.401721059451001 0.568136347531443 0.68539438491345 0.362059369554317 0.295556189252733 0.407337091164948 0.140369403072794 0.858536872200028 0.252779264900931 0.548996119860589 0.437966971223002 0.532026961110147 0.228918115423909 0.694965857728707 0.705069565562582 0.30068307613399 0.191075289571302 
0.484250993363382 0.429655397682911 0.6250070577893 0.807789274073747 0.219061492627049 0.400554825491692 0.520136441804663 0.0526532488703459 0.719222232348936 0.513528217114761 0.824524752762525 0.0633403362448302 0.614063162450383 0.642920013833659 0.186585399072022 0.376693009035146 0.12119035251683 0.810352556866811 0.839017499482063 0.190130884863838 0.369530108412533 0.511746924335759 0.0588532205408684 0.750192510459128 0.290308336004926 0.5529550749495 0.135131429282757 0.260471694985009 0.969517476090179 0.617797942335319 
0.836498464010205 0.0587203754852128 0.179710423258184 0.971812705958957 0.173047348319054 0.969851911453577 0.108677509093412 0.292533183286282 0.701757263658269 0.311880183157725 0.957660832210137 0.617795203134444 0.0312608436569258 0.0104123562189326 0.0712283115608735 0.312805740516501 0.316273004521896 0.128234415500551 0.644252781873287 0.652397221264358 0.0290690711739135 0.747013650726561 0.896724947180323 0.911952452860199 0.181711383631133 0.424183224055612 0.819617535256885 0.315524631751274 0.00746320379896441 0.749920400688532 
0.998702017138678 0.0744210290975657 0.314696063018945 0.197930243902415 0.94243603806868 0.483841263738609 0.556885467084426 0.956806916537427 0.997607175720236 0.0407818440941449 0.920357751702205 0.123793347727456 0.338580467687364 0.589151501117458 0.0567520612116325 0.407673908143234 0.397460278745022 0.225257682335824 0.384627526753592 0.650253338418833 0.211464695857002 0.673837598760007 0.803096805836752 0.561552177947676 0.847887167963175 0.959178426694315 0.678264540553881 0.495966147031301 0.529605758034801 0.453494674506224 
0.285508971839124 0.482371003432901 0.723354939588422 0.441318308267938 0.687645261849377 0.464986011856933 0.989932139249633 0.269185023571819 0.761929946839207 0.0276677854841537 0.212640820717887 0.427076985632827 0.0860720500577962 0.353305477204217 0.995539455275598 0.460392712910154 0.046597965120591 0.484218651805537 0.699822004137133 0.681922143651028 0.965057078595569 0.238167745938198 0.68639656584025 0.59627811117551 0.104061292483258 0.696676380102484 0.633728611876595 0.0790426824271607 0.749237288897474 0.235097331201999 
0.558020196572142 0.23413683961525 0.515102062878748 0.13349837768715 0.865672292780001 0.247323974692525 0.162346517885272 0.503477393317187 0.465232941181616 0.830319676062483 0.856794537952213 0.0369053210783078 0.33050844313134 0.45309324472665 0.219192791693802 0.0116895981543509 0.310288542148496 0.275226065915932 0.24030183450439 0.424224356209064 0.420644958532595 0.294017918019851 0.939184640643344 0.494667684097206 0.263881315815994 0.161277031434558 0.714533080238736 0.357426659370574 0.79931082035707 0.913989156957246 
0.888878777689779 0.655535522435412 0.347195082042043 0.723657399656964 0.498605845971434 0.16070859589358 0.605874455662274 0.766529868368929 0.426165861093596 0.497937693609438 0.614951692971837 0.742776461131061 0.74376361230038 0.787691000887018 0.70671599029622 0.802735035498153 0.16582869960613 0.844782068212969 0.0695614665105257 0.510521198656764 0.328939870118151 0.161209339399367 0.861128449241273 0.218209639979217 0.937442734368297 0.730131980483554 0.291060126632878 0.156667113715748 0.375063060331148 0.578539923426055 
0.23581880404513 0.161440690405961 0.499532868032734 0.50338550142779 0.0422731587970012 0.447831920936711 0.437834304314558 0.157282382457179 0.633360084674084 0.194023741707584 0.648264999718093 0.842175270882896 0.546665336116429 0.673584946602036 0.686474725076621 0.869724638090765 0.34674593284967 0.722236565799131 0.272999686419911 0.712929052556875 0.217924017561884 0.11489708815629 0.863431916979204 0.876692926437649 0.0960810155189625 0.684147549014379 0.793999716783047 0.0213186689281954 0.147899817927466 0.355949366045683 
0.309007621776947 0.378370014861425 0.602765431019326 0.446506279001244 0.823645768472181 0.791351632085138 0.57228393049407 0.392961039212623 0.271992421449776 0.906840248020496 0.122860170130734 0.918190679835718 0.533552453208937 0.37464405989192 0.896605865693892 0.877047499513702 0.0053717533433693 0.159962781526372 0.648140743620916 0.301578275024309 0.0449378209404232 0.839169103496616 0.339619464500724 0.842415776422397 0.0278040304966084 0.514972689944203 0.405273000138894 0.117728094927874 0.622265993370106 0.542637229562108 
0.810834040573447 0.249917455301124 0.391198336437195 0.610007268292594 0.595777361641248 0.396991492903351 0.331610814456585 0.398207281163051 0.496671283800185 0.519769549906321 0.789120140570409 0.0890355521599521 0.460322194163332 0.00617788949789537 0.0402274818345848 0.958390720686298 0.587172576554265 0.0342495469436115 0.679507389953342 0.586576591061216 0.6806918387593 0.350814134641917 0.291427433780063 0.588206308710766 0.985028125110217 0.594356620185604 0.632606338569859 0.359778564864906 0.0237997888628864 0.753894414714773 
0.989255723681839 0.324579319541124 0.0305087452371831 0.482634285301502 0.988682082625331 0.696618283455291 0.947771094820983 0.0961435414881049 0.405453490429309 0.829544752069176 0.502917993295401 0.573841501555011 0.0410109381929272 0.901336439971613 0.391506466445461 0.847616285296514 0.655788772674207 0.769515716661843 0.815152267727267 0.435088574361712 0.0429973181807954 0.838981843873988 0.400279479029637 0.462196645006699 0.370824947424021 0.324270534618053 0.403623152403454 0.560362336708958 0.0708085131849704 0.654272538473037 
0.126892578531187 0.799274947301983 0.339567786737849 0.681056266611722 0.195314202815184 0.491480703542023 0.377291372633424 0.344602914454718 0.237986715001511 0.806584852881905 0.0128042286333091 0.388224235312375 0.476713401146769 0.609619718476852 0.367233272999493 0.593109316990924 0.403227431074134 0.896894396866705 0.406578603773753 0.105588120652589 0.329819991647231 0.745984733242133 0.0594584597666705 0.916183796775989 0.396191117624565 0.732892528646016 0.670172759239802 0.295230443975139 0.568618120740528 0.949480716459598 
0.00248594566093723 0.355277405856869 0.324054134289359 0.661380022186536 0.115045940592563 0.010403878579111 0.00127635966958877 0.575656956768183 0.38047468500684 0.541606136710232 0.399287563920438 0.116916362172173 0.29051724725737 0.746037373053765 0.413324030574305 0.945823989844964 0.631679950548803 0.12949313693707 0.959714347842196 0.907309159539681 0.643512053618114 0.345328638956099 0.97472094056321 0.785432652395624 0.995833874764197 0.305500856928407 0.246988227268085 0.658094960196568 0.79988415334935 0.885964432117285 
0.770840257215585 0.700049611503336 0.706855645285933 0.518865065932964 0.675098697262824 0.67436019846543 0.871484081749129 0.417226949526668 0.139860343325848 0.266485796437158 0.344325312736545 0.204085034474968 0.195247172570837 0.553858681008589 0.469637347029727 0.0337235325736663 0.0155583542369075 0.214115770601801 0.0595958051891508 0.675453136159004 0.247605101499204 0.322160598682512 0.176566592573135 0.38918295627764 0.676820864626244 0.788689292560363 0.419854133280065 0.601030032542469 0.482956332847241 0.000573603136099932 
0.489408953410488 0.227256336896057 0.910674717151498 0.0513507299117511 0.941291570448558 0.360401635887574 0.289473906256837 0.132795227038968 0.00803916941083975 0.315899676168363 0.44455332441631 0.160858198112431 0.980807794782678 0.596708232261923 0.879829182048113 0.842588958004447 0.202360866067312 0.608580075141798 0.852825949080754 0.961739297015591 0.278127619989688 0.971389633678615 0.400515286108185 0.794494802610287 0.909357434123639 0.687774940858765 0.0341549629569612 0.614707743095034 0.498614470358884 0.846738683278219 
0.623147389489505 0.249502514125845 0.56626266532581 0.223912398527825 0.149335317140711 0.418962660826938 0.47794747135595 0.36928852518785 0.0238921256514707 0.104241633654888 0.0558538231156526 0.670088458655682 0.719444942655213 0.742506012627438 0.0927341134686236 0.0201238729233944 0.35574830866763 0.687945411633447 0.552176211666168 0.533486729154239 0.867330057999717 0.497692277400629 0.763310502460402 0.379219995643717 0.893519033044863 0.713782489172299 0.620828128190557 0.000509651107588316 0.449517387315544 0.424504365489171 
0.940181637556384 0.356598799820726 1.12246626063431 0.291035043688074 0.778536715514936 1.03653834594696 0.803553183301079 0.259098703777866 0.670062078041883 0.815494465635657 0.238748412256763 1.02718169048972 0.862824292004669 0.570326026805473 0.33534313684167 0.960292287937337 0.4826123491451 0.77923143533316 0.189188115750667 0.70630058607133 0.260321058893682 0.281553627894321 0.64335746984475 0.570708590552337 0.261554767893299 1.21239344930776 0.634927824252204 0.657735797123518 0.634338230619687 0.920929633049192 
0.445397342978889 0.624750613922674 0.0870922339605639 0.51884228966832 0.601925667629831 0.170608783638921 0.957395000449421 0.884729490153293 0.0314553495355704 0.618144926662173 0.637461028750027 0.290367399989333 0.0814415383218752 0.824916192593447 0.227390771040164 0.14553715939144 0.485355376949659 0.687196334562845 0.568168870642483 0.794891175820244 0.724204740359876 0.905576774574856 0.104463982745363 0.882584500065124 0.245026570732729 0.013874090959179 0.778553600376147 0.75887353359049 0.858870212596168 0.767520454372396 
0.466326427566907 0.413455886251576 0.857009014737861 0.439741741611555 0.309397812219583 0.17738029313506 0.912625967983348 0.601001695400542 0.847324811000308 0.803596853087655 0.323772464433187 0.567260979807573 0.813718931051899 0.010741050028887 0.15859587417574 0.374335498441136 0.162147246887764 0.884810920797449 0.863282073877053 0.734189457559557 0.697807007662588 0.627045359985152 0.255421734095184 0.20022350573922 0.75682773194166 0.988448720872444 0.0196257220213634 0.910011537935514 0.0491518309909628 0.658542016750605 
0.905128858103084 0.88045241458322 0.647546790772838 0.0220964712873264 0.201436383572661 0.249353896599813 0.199355664959613 0.308690180606734 0.499460663998824 0.0813419072047055 0.897293128422148 0.929602375867634 0.254735850882364 0.647898890736713 0.578285224105826 0.482822064797771 0.151154139594681 0.686895167427108 0.849712014966626 0.197417629074874 0.472351634210749 0.766313186823339 0.564251317927996 0.474812393888731 0.791184722145952 0.0243151241442621 0.587253192320533 0.485779983830296 0.620186853739285 0.355024690750133 
0.895871338421745 0.384013499696673 0.319080041030334 0.190417656347136 0.453511362385815 0.419156317154832 0.0313449833973942 0.173556055142201 0.372062573131788 0.71397260852152 0.707423905916149 0.41110476737794 0.648357742058595 0.661814954507738 0.529661390499947 0.51431137296542 0.884496887430083 0.319877832044135 0.896227920120966 0.607032761826794 0.347427125786243 0.144747268459193 0.928684837641036 0.872002204646076 0.40049773455284 0.053438168321266 0.403857290509023 0.160886465135956 0.0183795726700666 0.720278585044894 
0.777273608043037 0.541536088698131 0.647211496539032 0.867730991658702 0.647762665984374 0.27243077470797 0.103550837735448 0.256942263424875 0.644398205883501 0.508000700816416 0.412204614546199 0.62096391368174 0.869601737372528 0.414325681400342 0.181898546985623 0.321745445680501 0.463873482970541 0.0918551620888615 0.392846607989993 0.144037502333567 0.0819082031978098 0.521929220438355 0.639683404312963 0.557278627402559 0.682819911157557 0.0185788733053726 0.867270518879541 0.0292437930819533 0.760217303541373 0.637112124697771 
0.625481893232033 0.921618629198295 0.735572161356062 0.219718233917772 0.830691717801685 0.273679758793727 0.926258743189331 0.969643700440312 0.233227816604726 0.214376220727327 0.980166897273131 0.0531137660027847 0.610342299505102 0.789700304027413 0.469682183576691 1.06553269234436 0.33279791368248 0.66677661868106 0.294101155865004 0.574976447474922 0.546247848314789 1.03100004692023 1.04855068468996 0.54943813464896 0.158287514972865 0.667451994531796 0.448437011257167 0.993445248613604 0.702658055535554 0.977408343262305 
0.4408560575222 0.191394506956441 1.15772208525286 0.811104380604449 0.752932167918987 0.737149095449655 0.278093413850644 0.971308764835517 0.577031260703122 0.931909272459598 0.887778303547019 1.18152133503578 0.377630159162126 0.835364957929041 0.125824002360715 0.827130229825696 0.156353244637363 0.842252867360231 1.12200590783543 1.06327648097174 0.956774881907888 0.227224767916378 1.21705164216374 0.986211143349977 1.11422259337821 0.681513635977992 0.69678685759007 0.962527681724105 0.942344424859024 0.827940769509427 
1.03011172964173 0.465870928287035 1.07043511300576 1.10031817012695 0.608557966468081 0.653234874917551 1.12501320326871 0.558060415967387 0.970075892896495 0.357381020125948 0.626865161414437 0.267692532637361 0.355235865001975 1.12525443975721 0.327772973386149 0.538243876879156 0.89457884827845 0.750734507090832 0.828197984363649 0.494460280788867 1.00122151664806 0.453033358326682 0.516833698147521 0.967678464194392 0.593941034319754 0.413233866685362 0.925617260443072 1.0701122175593 1.18139881968892 1.19496993088449 
0.367647869034656 0.768159166165179 0.913331986332692 0.851580562506776 0.231663733835247 0.901091241798443 0.893814020238064 0.491935260366138 0.119819001373261 0.47170059105163 0.18834077116385 0.895620789592314 0.856251016060014 0.302596503795439 0.990727829447908 0.827438740406991 0.251277185190345 0.241485104161991 0.795869052355241 0.165719432977235 0.632473775110365 0.933436871010618 0.460342810954041 0.203238676092048 0.469580947835366 0.853862751673515 0.294605479963554 0.504268703449343 0.993689450206098 0.801521161049555 
1.04935144298617 1.04708448492409 1.10925512916529 0.742250612045514 0.126676013798448 1.5014503280114 0.832997990719939 1.59567486725629 1.91309612322878 1.47429886656642 1.01432883843461 1.65142755649475 0.547863035459704 1.26605923678103 2.17299595242804 1.70397253110794 1.00227828638351 1.78642221197689 0.378081610822498 1.71925619304628 0.588337230965699 1.14113916211634 0.85112937542237 1.72671330917473 0.784538509369894 0.908523690974619 0.905160370573424 1.24165694237235 1.19697603619622 1.61687984963032 
0.409542280375507 0.177519836674415 0.634717993159877 0.533678779504073 0.199826596326112 0.577182454020224 0.304528480111226 0.390128164980739 0.995440461329801 0.443554328323609 0.322932758258047 0.200368735488652 0.497009331204228 0.168139472300899 0.783682151445024 0.287655145839054 0.39765715529295 0.293768980151703 0.866976128679186 0.472086862158119 0.624652056488994 0.203572943931079 0.656629926583215 0.881725111684829 0.523924879855522 0.565838074969837 0.757063689937592 0.517619876177421 0.314524061495801 0.670591934559854 
0.568078019825258 0.468423670615718 0.901314477515514 0.832100829411634 0.672973282840037 1.02770970544453 0.343511644537227 0.575756892571463 0.808923942675212 0.286001421492222 0.755314669127769 0.41774626770035 0.316447455940556 0.900463614573734 0.675194392622263 1.00873624023119 0.847898403009068 1.01508456515434 1.15825647078035 0.362645289855619 0.326051394075326 0.760610455596521 0.860441187386669 1.35903927231819 0.288160491656022 0.574750718051851 0.894320991412028 0.427322873140373 0.697152609930366 1.18412314167178 
0.901414064671564 0.303825096842097 0.761384379855371 0.978796688718679 0.628237640930599 0.0987154232390258 0.630129434478106 0.312082811899223 0.4245057148999 0.53836549545159 0.0851886361759053 0.049340051859834 0.78668044676418 0.959752337572053 0.235165749098337 0.873911009636872 0.538821129183753 0.396834283535958 0.030070288999911 0.38805409025432 0.309047938714131 0.27689405307689 0.919220295181458 0.0402461606581658 0.953765313447115 0.015344725372573 0.698095053175404 0.944914924015119 0.687365821401259 0.0738510326601148 
