0.317535895894021 
0.986156458078653 
0.596813378550252 
0.414745151269588 
0.741147343377614 
0.303918039783516 
0.122676977234485 
0.508800801381266 
0.99875691254351 
0.367859792929352 
0.0459794980093396 
0.467268520904319 
0.802741179250016 
0.716240295702119 
0.544944237809727 
0.712764285381385 
0.189708200027007 
0.0221196699062301 
0.364580355267169 
0.112492924860774 
0.326708481934748 
0.415842385698041 
0.28679062844994 
0.126734607714994 
0.339010630892258 
0.206973229771506 
0.398477974892883 
0.694213995736257 
0.909294384871551 
0.512719272408504 
0.94302095406115 
0.268324330845705 
0.248832770482283 
0.720061506862824 
0.212580651908871 
0.724075493077795 
0.451440822156763 
0.24726575210316 
0.847769599297509 
0.308205971931038 
0.382986037436026 
0.405458114196929 
0.677999616820849 
0.342378735489305 
0.597998511417008 
0.857286476888781 
0.919445636749206 
0.996916848165243 
0.467352751443393 
0.538506121129513 
