0.68240719877573 0.0418443226273328 0.136252392914694 0.584148931474244 0.840737513066119 0.83680137205492 0.289407994501511 0.47810427184237 0.763296438506063 0.570287350318497 
0.924789358400229 0.915356333925999 0.796632989888237 0.0658906805572998 0.961772418386563 0.445334610378911 0.571498655210657 0.88376764697164 0.621361528696437 0.791441558464906 
0.855363408065507 0.312675913746418 0.307602259311685 0.307435616061149 0.923972245691311 0.815558082384144 0.103667051420538 0.238226385184941 0.672067578840431 0.331842382670524 
0.0169754413750904 0.668292613124891 0.777603508292414 0.925724282192821 0.939258473146822 0.224716646174315 0.040632388013529 0.95994927713927 0.75467917726734 0.0942795692707216 
0.978805218069845 0.00539277624488081 0.382626277571777 0.485911179159639 0.308527058571541 0.801305546152214 0.290394444850242 0.456445512064786 0.943173356456732 0.286386242948054 
0.882344260335979 0.275969938439408 0.198564351953451 0.685362255271367 0.689500948969904 0.49990575633328 0.283210541466699 0.143229449930054 0.584493304284607 0.0187237613051284 
0.181900006257662 0.513521030389222 0.292449661227349 0.800570954271218 0.0398486711763417 0.911691510296505 0.0867430084722272 0.136635494845563 0.691794023407239 0.33297874230713 
0.126876537470485 0.580554843407485 0.998558889975443 0.456792431675602 0.273464296182647 0.425769979285033 0.648295023270877 0.680136586205863 0.430586827663658 0.640267088567964 
0.128695907466774 0.799856887052557 0.503408756381175 0.885111482942896 0.210786137375793 0.415809327707188 0.634749023969324 0.702867106504649 0.802956304154611 0.0615967567962692 
0.67839400395851 0.0386663993090652 0.105079051267024 0.829013530311068 0.657912325549828 0.514763513988003 0.225309029716344 0.104990138903262 0.767334294027606 0.517541052332554 
0.865118419643895 0.0295093463892828 0.239334309367225 0.793269047331548 0.132564876529648 0.69836304616481 0.0669271537822382 0.189258726180722 0.776579936379759 0.115143182524007 
0.654017763313178 0.140896686026237 0.704130271901348 0.632517979950368 0.977407052104411 0.25234897316589 0.823575648205562 0.491436574517591 0.973686744075637 0.504011844357257 
0.510243513654571 0.633443510988106 0.468801755839525 0.276875860644667 0.118796693113346 0.16988785524056 0.536598011179217 0.757719505745703 0.380777285508147 0.543703273810074 
0.182791612299977 0.556634663282451 0.245439583476847 0.89936604210508 0.548284094344065 0.589295878552707 0.692885327277185 0.537894372584115 0.995525073784379 0.299943850511089 
0.0935972730283677 0.91706666358941 0.511274508801355 0.56963427758774 0.50757859326737 0.746107519805771 0.929353553147085 0.793335984986285 0.00085696033423559 0.819389868574155 
0.353678803651955 0.151046658931173 0.21603139198998 0.746652497567908 0.793273290855223 0.604518517706425 0.2710912301768 0.0707178735989702 0.555238290310201 0.376431160434629 
0.90767522065027 0.0152931354104845 0.744460324648431 0.873295885333906 0.714629262735417 0.614777802497768 0.0133271944902811 0.524595855611644 0.793728344578079 0.706256660137642 
0.546781012309602 0.566995419242399 0.839559202897617 0.821273404234767 0.26900603449143 0.212210176900851 0.382426554353499 0.467787078259895 0.309720442292349 0.252127504714002 
0.132322940079843 0.0659267402553379 0.791519245233167 0.444189063849968 0.0756311413281502 0.101635072866125 0.876743408301765 0.109241232921383 0.501867717039457 0.972767349873562 
0.342803966284869 0.855759052533856 0.898112680313878 0.297761929018097 0.0630541008753354 0.85167622416704 0.362411125702002 0.211410439311084 0.920727569393763 0.537468865982846 
0.463722834449967 0.59939196418476 0.86430490549929 0.449330320101074 0.810277235203142 0.538139978739476 0.930622712301555 0.556092372896334 0.718054110505915 0.774321690335387 
0.601219748397166 0.120079115333622 0.160219714252529 0.302737945883996 0.0057076492596964 0.420464223072563 0.81254438411023 0.255666079919018 0.539286064634856 0.134431647455678 
0.972794927389855 0.755959432954978 0.523621818580403 0.287179257464081 0.153498660400845 0.702765741778853 0.249173380494982 0.803709878613772 0.0495417121083848 0.953316220747422 
0.171080131389199 0.894550734370196 0.949872892799372 0.0582670202248532 0.310173290475717 0.164651590844643 0.822025018720996 0.0049342756103236 0.717789482293563 0.816461385298628 
0.290117831477952 0.491352298238308 0.598575926478411 0.0799744407469601 0.394927205165229 0.146666047229907 0.673795833040868 0.991094542130667 0.741366714456816 0.310525656242477 
0.658006882382408 0.479505359372628 0.163312978447161 0.22519357108204 0.581395499702581 0.132535098662457 0.0424891194830503 0.15491804121612 0.416203144821444 0.0376346524705713 
0.911406345360228 0.592144559620238 0.916070723977532 0.352350479511881 0.0679331993997526 0.810450418411439 0.801893025387772 0.413112982330879 0.794015940098712 0.524712105438594 
0.228012988872017 0.861067273310674 0.25351938845461 0.868696851719156 0.1621850446821 0.657147727284808 0.42496419823949 0.240127890272461 0.458958768476736 0.459415121353546 
0.702449353023477 0.810719548000871 0.356807631057346 0.0903434086856659 0.850468319726086 0.646680391031632 0.230660498051687 0.404074219908031 0.0683860373737789 0.622099656037382 
0.642413698260815 0.323017150315856 0.70262546401177 0.0461303640990915 0.22870411899041 0.644808540605963 0.473043230851913 0.389719446040747 0.812983141625673 0.840013862563482 
0.28772620571584 0.308507816473264 0.0271764010904715 0.970138350175226 0.515373215525936 0.521713931166954 0.0790771914196505 0.756411584274579 0.251834032153114 0.146125970491017 
0.0180960282868159 0.943980122589518 0.642501810244288 0.759164826923348 0.430290575028487 0.281152326016366 0.812060660669853 0.638579281973882 0.10585879923068 0.354513575705716 
0.734781731988003 0.831448570939374 0.649424501111736 0.105817798375469 0.590067032732018 0.583880543743153 0.544598251700469 0.307469166461412 0.0261030731383024 0.857023416542909 
0.164023173050802 0.014184998778141 0.528921320593483 0.639898331346819 0.710641740321216 0.0379886551517214 0.0306110243134079 0.246493821995047 0.224481980267929 0.902012364261566 
0.0383177711673242 0.591047998769052 0.78325541001407 0.816478426744529 0.182696136904058 0.14663081428906 0.644307319369425 0.878675985762169 0.33834019842193 0.0310684187012007 
0.529528766479084 0.572170346310396 0.00907596569935225 0.265039086559521 0.687528606656246 0.813300971310179 0.203974645670052 0.821144878367836 0.898007993984311 0.979076963240677 
0.369729452656182 0.175494570991419 0.94556850446012 0.131726339579784 0.201601974428941 0.423568712560286 0.421211378654756 0.472580156395001 0.902524723763703 0.565582224096358 
0.0343970608210681 0.788256985987293 0.884078119517944 0.275591734516127 0.944439792784686 0.694915881567402 0.522214129533644 0.187005971246035 0.0134240030382627 0.981551892820272 
0.397024782896783 0.585748951889498 0.989333910661641 0.158351031186553 0.425589198401671 0.986701399921864 0.287876301031523 0.179528185139999 0.329040732410534 0.101192492473105 
0.428034665245272 0.198260603670805 0.0403807568353814 0.949915953771439 0.514400231936216 0.0912260414980344 0.163611986965192 0.882871992329754 0.574062358981786 0.490513945264751 
0.0782235705071324 0.435075518911368 0.779560259585706 0.378578504130223 0.274952658507223 0.662556930647421 0.407606879959607 0.618843321381345 0.126678811468832 0.47527624181873 
0.722606350659018 0.731761092010988 0.0629833782223892 0.72169854298137 0.352283015334011 0.492565918157572 0.0134006233727734 0.0297962146373159 0.243203741835555 0.859235053426673 
0.156169796526399 0.993690406530558 0.845842449568139 0.72491191738768 0.552789119026423 0.99524349365328 0.150067425122166 0.260096483955032 0.321350513124772 0.556277450522531 
0.625263560962584 0.669617849094989 0.181566201742631 0.827508964978672 0.172658165579045 0.765859901855952 0.135753145346819 0.59715502488103 0.754548778597589 0.145660501314781 
0.252917399149216 0.567934870217282 0.496939748657898 0.506404505615041 0.264057830192424 0.754037694627205 0.718027368037514 0.808254152952524 0.06015979443945 0.47682953624539 
0.893993566156741 0.540947493779182 0.202455880575266 0.400207538523434 0.701272289292062 0.551640356791611 0.568170054346254 0.121797802935198 0.490227070458901 0.12789057908754 
0.00670492866503252 0.106781104736239 0.0171663607848767 0.958569494670186 0.570016429793922 0.687832327190887 0.181553969130679 0.238494241159641 0.871547563224783 0.554751651906145 
0.562891791451668 0.904047844914233 0.25093026808383 0.150627970969784 0.925627438602877 0.0509598031238027 0.661181551650669 0.224971870162365 0.295869419022828 0.159540612040615 
0.812292654856568 0.813551384817779 0.334977051300413 0.183732698664462 0.401814064366149 0.103198919215926 0.737196411573892 0.20734458712631 0.588588471506499 0.384362517194686 
0.935564325649491 0.550745576184696 0.742611041506679 0.0532342729926271 0.951415338328394 0.738797898356885 0.964012595940502 0.00480249109395341 0.85538954972341 0.834858279414601 
