0.424992 0.375994 0.687231 0.0954224 0.155698 0.636853 0.609484 0.92942 0.937885 0.802562 0.462547 0.273757 0.47475 0.491171 0.599386 0.113684 0.159372 0.553812 0.914733 0.279638 0.864497 0.3619 0.441219 0.492489 0.608571 0.31436 0.601573 0.856865 0.766363 0.496763 
0.371727 0.347166 0.806085 0.145994 0.955687 0.596458 0.537195 0.863804 0.356952 0.0785886 0.876803 0.614839 0.0201347 0.0196755 0.180176 0.236754 0.397239 0.81141 0.788803 0.251962 0.5042 0.229903 0.868499 0.950075 0.445698 0.503277 0.623423 0.706665 0.0340884 0.502215 
0.616338 0.171331 0.22356 0.457296 0.939872 0.988306 0.844949 0.988701 0.255101 0.636505 0.453288 0.614162 0.630775 0.775607 0.952621 0.903722 0.029879 0.916983 0.506526 0.403016 0.672539 0.193774 0.566528 0.856129 0.660545 0.474308 0.884373 0.583361 0.490703 0.180431 
0.068217 0.309598 0.353235 0.734547 0.890056 0.758369 0.554403 0.307116 0.960032 0.251268 0.946661 0.876336 0.848244 0.664911 0.963959 0.837927 0.872262 0.520419 0.598521 0.84555 0.0104122 0.68208 0.278791 0.989345 0.447105 0.335091 0.59396 0.685119 0.0801647 0.386201 
0.58419 0.890891 0.597329 0.804843 0.862427 0.220085 0.683175 0.582253 0.864197 0.520907 0.865233 0.806903 0.348717 0.873022 0.537539 0.674601 0.0313994 0.0309991 0.894682 0.458139 0.764677 0.87604 0.126626 0.583376 0.62725 0.0385025 0.129446 0.0957701 0.219835 0.582707 
0.203964 0.801177 0.22228 0.0307569 0.892588 0.334794 0.0230969 0.00329004 0.640813 0.638536 0.541542 0.682956 0.26181 0.035752 0.394112 0.554503 0.121417 0.890984 0.296154 0.0331778 0.428782 0.792963 0.103441 0.609941 0.766588 0.337848 0.807551 0.110561 0.242425 0.908447 
0.764354 0.782462 0.0189635 0.603199 0.893562 0.848743 0.817043 0.353236 0.353163 0.671446 0.0667401 0.237258 0.427164 0.641018 0.0460953 0.34355 0.199935 0.760093 0.442158 0.451415 0.49204 0.083985 0.974897 0.424419 0.736441 0.260431 0.621516 0.683442 0.640049 0.488059 
0.416014 0.305027 0.926583 0.0417796 0.599192 0.451293 0.5941 0.234899 0.252909 0.683558 0.0294919 0.790104 0.197288 0.779144 0.860275 0.303397 0.275013 0.131893 0.403836 0.681096 0.630943 0.601463 0.896163 0.992923 0.97749 0.17029 0.736612 0.540005 0.586299 0.333257 
0.163071 0.376567 0.621478 0.214571 0.234086 0.0999701 0.0532905 0.505066 0.720133 0.609071 0.231169 0.026114 0.303145 0.804423 0.923343 0.507285 0.112304 0.190255 0.680104 0.724958 0.0777095 0.0449497 0.218757 0.193895 0.21738 0.462842 0.848713 0.19678 0.188558 0.386479 
0.614462 0.977994 0.975014 0.0888557 0.286829 0.051619 0.770023 0.175978 0.324847 0.763306 0.425729 0.521968 0.352012 0.947577 0.295275 0.488313 0.414936 0.458648 0.984565 0.010004 0.70541 0.615878 0.0529249 0.0291929 0.86123 0.41707 0.788868 0.0515197 0.0815865 0.0863071 
0.267376 0.945875 0.353688 0.283509 0.000644016 0.379669 0.99321 0.938638 0.0781912 0.235987 0.146815 0.737336 0.651887 0.705984 0.656599 0.291142 0.0142829 0.710198 0.998695 0.992253 0.120506 0.351965 0.653327 0.614618 0.243681 0.517315 0.16918 0.0965049 0.219581 0.405001 
0.30469 0.983978 0.734488 0.7323 0.534055 0.0979487 0.73693 0.558032 0.0869999 0.116181 0.0776353 0.237118 0.731193 0.816827 0.279651 0.15632 0.70748 0.660002 0.795442 0.367151 0.0899209 0.23054 0.638013 0.726316 0.760514 0.834128 0.258556 0.0979066 0.570697 0.43869 
0.389976 0.62132 0.850745 0.630962 0.323445 0.277222 0.708787 0.921236 0.971034 0.0112688 0.726244 0.20521 0.138183 0.882461 0.353829 0.925137 0.384167 0.496634 0.72924 0.281449 0.779912 0.0496586 0.284678 0.287365 0.0985717 0.732387 0.177905 0.804082 0.164788 0.741974 
0.696867 0.494522 0.493642 0.772863 0.690988 0.583128 0.719708 0.880177 0.476623 0.557672 0.626036 0.647037 0.458241 0.142234 0.254974 0.688348 0.786486 0.434373 0.0251657 0.110514 0.982504 0.230776 0.115448 0.333737 0.809328 0.3888 0.991192 0.761168 0.717927 0.851928 
0.111463 0.408386 0.481261 0.26518 0.982985 0.361238 0.973266 0.690852 0.777787 0.500398 0.977302 0.79027 0.855689 0.102342 0.806062 0.463006 0.0698493 0.914487 0.298934 0.465077 0.227675 0.263482 0.641517 0.547379 0.378462 0.670321 0.301708 0.371557 0.588993 0.76553 
0.799026 0.552527 0.118623 0.917457 0.863049 0.696183 0.29648 0.896345 0.8701 0.850291 0.654744 0.213721 0.492876 0.298549 0.647906 0.84778 0.609474 0.847242 0.215721 0.290588 0.186917 0.512253 0.96585 0.713337 0.392011 0.29872 0.0658195 0.406903 0.337304 0.103265 
0.455371 0.6848 0.470951 0.270103 0.998145 0.977179 0.30009 0.811487 0.904895 0.36242 0.11691 0.642538 0.864098 0.565484 0.262807 0.119263 0.956442 0.991679 0.508387 0.448608 0.151754 0.028172 0.412558 0.339328 0.150076 0.0329 0.638447 0.183584 0.357309 0.525005 
0.368152 0.471443 0.291563 0.0452061 0.549793 0.588405 0.501209 0.491924 0.197816 0.73076 0.882036 0.548238 0.1399 0.879886 0.608979 0.78849 0.820139 0.858888 0.958615 0.971308 0.301271 0.651233 0.641877 0.71303 0.862312 0.55674 0.6794 0.585254 0.333857 0.864583 
0.662932 0.0520504 0.114199 0.000120666 0.560612 0.887678 0.950809 0.318131 0.204445 0.501587 0.796928 0.768433 0.218935 0.244556 0.222079 0.858696 0.401279 0.922389 0.890693 0.783474 0.697298 0.97738 0.20557 0.699972 0.590289 0.687733 0.365455 0.655543 0.00349023 0.147153 
0.229684 0.739457 0.385761 0.93134 0.315371 0.284398 0.925817 0.566912 0.517368 0.259135 0.866191 0.00631069 0.244554 0.690662 0.389093 0.552793 0.967442 0.199094 0.573543 0.959509 0.576582 0.777532 0.598012 0.541513 0.199264 0.326295 0.657919 0.81725 0.303642 0.149187 
0.442119 0.828018 0.401538 0.010718 0.992163 0.184372 0.534936 0.865703 0.737015 0.578289 0.285733 0.477134 0.828562 0.198507 0.894216 0.885901 0.317988 0.719179 0.349893 0.228651 0.0347625 0.631177 0.912321 0.996897 0.570422 0.245289 0.359177 0.0472348 0.323849 0.482593 
0.668626 0.0369782 0.0156589 0.877215 0.562853 0.377674 0.568412 0.349715 0.794763 0.939342 0.497055 0.799867 0.771994 0.565671 0.431041 0.18424 0.0249787 0.235033 0.510191 0.583569 0.248322 0.169363 0.672057 0.00023766 0.00594665 0.902114 0.635419 0.572641 0.0151942 0.184864 
0.709038 0.944958 0.0861201 0.590194 0.150452 0.880765 0.666377 0.131573 0.181194 0.831199 0.770154 0.855882 0.0783948 0.677354 0.970079 0.126983 0.835112 0.470565 0.828321 0.795259 0.881632 0.532487 0.574111 0.4882 0.758069 0.035092 0.049068 0.341661 0.283115 0.603145 
0.212574 0.0220282 0.71671 0.694688 0.180387 0.140263 0.155882 0.756773 0.16336 0.0108808 0.434493 0.0942885 0.206808 0.361209 0.394924 0.681641 0.195711 0.983061 0.578414 0.382325 0.708922 0.487027 0.798242 0.00701191 0.214073 0.940148 0.99855 0.118544 0.618196 0.822303 
0.937941 0.674893 0.338234 0.0787553 0.664506 0.492458 0.0764623 0.827082 0.532467 0.110614 0.661159 0.31862 0.783284 0.593437 0.739561 0.612384 0.773909 0.123885 0.637633 0.185212 0.731946 0.0492556 0.611444 0.786977 0.497414 0.501628 0.591704 0.868046 0.168728 0.593123 
0.279651 0.453484 0.203266 0.394512 0.5594 0.588592 0.0548618 0.238384 0.666953 0.377715 0.757058 0.704457 0.500584 0.133874 0.717186 0.0744658 0.025718 0.756176 0.425668 0.0695773 0.241132 0.201914 0.450493 0.823253 0.770274 0.526812 0.909822 0.116508 0.474239 0.712382 
0.0584461 0.407842 0.614286 0.942947 0.23313 0.926652 0.605681 0.135189 0.100436 0.980459 0.235234 0.649256 0.269131 0.535604 0.605859 0.516336 0.0970903 0.967591 0.658725 0.873812 0.0618227 0.805017 0.60893 0.679742 0.197089 0.56394 0.909645 0.828973 0.735497 0.834343 
0.311193 0.587659 0.104894 0.0373046 0.0184561 0.14032 0.610833 0.278881 0.835167 0.861231 0.18942 0.465984 0.850142 0.789282 0.34096 0.490839 0.220252 0.568608 0.413739 0.413442 0.936702 0.824594 0.185599 0.361534 0.521913 0.962766 0.150744 0.36929 0.293535 0.711674 
0.198748 0.43193 0.407956 0.0344345 0.136983 0.696285 0.108249 0.500251 0.394531 0.122873 0.352746 0.53887 0.373525 0.614917 0.705143 0.000394033 0.159351 0.312732 0.795147 0.810519 0.396189 0.448656 0.110916 0.499097 0.421463 0.583181 0.586839 0.0582773 0.241941 0.528407 
0.857124 0.783003 0.460879 0.194663 0.275691 0.773231 0.472916 0.585393 0.0525987 0.631591 0.375882 0.506629 0.62602 0.733554 0.849516 0.0259669 0.66402 0.647987 0.543118 0.663718 0.113683 0.58193 0.511395 0.332897 0.511898 0.464844 0.371991 0.252907 0.197261 0.741864 
0.107912 0.273412 0.52756 0.0832188 0.67261 0.623976 0.264938 0.0240958 0.517657 0.622141 0.31861 0.968975 0.790071 0.666205 0.031615 0.714253 0.54397 0.647288 0.58305 0.556854 0.127687 0.83552 0.394085 0.565981 0.342151 0.0191432 0.763513 0.0018252 0.673063 0.836674 
0.0648796 0.765767 0.443071 0.942193 0.147767 0.941027 0.833907 0.93201 0.151001 0.896834 0.776797 0.392395 0.943836 0.885411 0.261739 0.754744 0.625232 0.249951 0.0874072 0.650999 0.190466 0.833057 0.803899 0.856815 0.395193 0.536485 0.68383 0.516478 0.220863 0.649767 
0.517114 0.338734 0.166214 0.365334 0.413311 0.459831 0.330859 0.123396 0.647921 0.505669 0.107107 0.166374 0.948807 0.15101 0.519535 0.848976 0.187409 0.792203 0.383382 0.483138 0.369613 0.748626 0.0892004 0.980359 0.602617 0.856163 0.392091 0.839585 0.499283 0.378495 
0.913212 0.437601 0.5602 0.450634 0.198683 0.263923 0.60202 0.0375577 0.0798718 0.599802 0.0392505 0.52615 0.622169 0.990979 0.509205 0.569368 0.523189 0.917964 0.450898 0.672831 0.604832 0.922272 0.123305 0.527791 0.888041 0.586906 0.924377 0.749089 0.660225 0.591168 
0.710041 0.213057 0.0542188 0.400785 0.996132 0.675645 0.109409 0.961515 0.409425 0.663346 0.108766 0.740887 0.978047 0.00191271 0.544955 0.396186 0.573256 0.371136 0.0532887 0.566655 0.0254006 0.880977 0.0540683 0.979125 0.743365 0.204243 0.463949 0.876382 0.653177 0.770875 
0.185623 0.506735 0.84252 0.183561 0.0347972 0.785022 0.851927 0.480445 0.892798 0.394725 0.508853 0.753782 0.48977 0.90478 0.718813 0.0873736 0.245105 0.388469 0.419264 0.816081 0.393399 0.353129 0.275188 0.535674 0.134626 0.822896 0.941855 0.513051 0.393051 0.687499 
0.563693 0.197714 0.0549833 0.288305 0.0902579 0.722034 0.572449 0.885914 0.66649 0.266853 0.395715 0.992588 0.499249 0.964126 0.961898 0.0112276 0.269322 0.407863 0.723685 0.294298 0.473328 0.252947 0.607904 0.906474 0.920409 0.231351 0.596895 0.274099 0.991146 0.329331 
0.0721445 0.465637 0.862128 0.247547 0.90553 0.209344 0.586246 0.0845984 0.524786 0.604192 0.369948 0.919501 0.784582 0.643292 0.0434542 0.706012 0.208321 0.0633304 0.0396616 0.873396 0.924697 0.640378 0.0442124 0.578512 0.838101 0.0546169 0.985697 0.956542 0.928726 0.61743 
0.474853 0.642324 0.923878 0.515339 0.963931 0.826503 0.921759 0.550795 0.233809 0.350352 0.368618 0.840455 0.836589 0.952193 0.0706049 0.854038 0.425883 0.671255 0.0829159 0.633382 0.2238 0.0570763 0.308054 0.926912 0.0242431 0.999599 0.0894158 0.631181 0.122775 0.630887 
0.112215 0.268459 0.332375 0.573145 0.861923 0.0975332 0.0551129 0.485103 0.811451 0.526645 0.873177 0.510604 0.67588 0.117905 0.884818 0.544896 0.15996 0.109597 0.631456 0.729483 0.393581 0.781099 0.508132 0.551604 0.547737 0.671698 0.470779 0.339857 0.00726136 0.545965 
0.338081 0.959692 0.184019 0.318188 0.653751 0.277532 0.00585539 0.587579 0.204622 0.0280509 0.223573 0.0410358 0.456543 0.56274 0.379511 0.465836 0.791816 0.194447 0.435005 0.143292 0.95896 0.68878 0.190522 0.40691 0.501638 0.962832 0.757588 0.00206916 0.387427 0.792371 
0.929497 0.446095 0.262054 0.158691 0.550507 0.397877 0.751406 0.0210838 0.848518 0.560256 0.288419 0.123113 0.250081 0.0750948 0.112137 0.146795 0.164144 0.32609 0.244816 0.0230225 0.587172 0.850903 0.772777 0.678686 0.704736 0.77838 0.497334 0.308181 0.38364 0.683197 
0.143544 0.190046 0.159719 0.630004 0.676445 0.698787 0.562653 0.224246 0.736698 0.775649 0.327924 0.40692 0.715721 0.398457 0.705197 0.855333 0.361835 0.0509025 0.922344 0.401821 0.323667 0.511688 0.205873 0.831992 0.435148 0.615365 0.151851 0.736906 0.64474 0.701449 
0.345292 0.748767 0.10676 0.259539 0.916923 0.128252 0.184319 0.922296 0.977841 0.409341 0.645881 0.0463663 0.96285 0.528115 0.633837 0.756339 0.782422 0.441394 0.486141 0.764566 0.681049 0.733179 0.0516081 0.297187 0.316813 0.466821 0.890916 0.529995 0.456666 0.514394 
0.263648 0.923583 0.759707 0.280329 0.370546 0.0226789 0.204193 0.425426 0.662769 0.894821 0.809342 0.702884 0.607628 0.0980868 0.221924 0.00624675 0.76407 0.467668 0.329993 0.858296 0.0252351 0.927726 0.575449 0.813796 0.213167 0.274684 0.831286 0.454993 0.128266 0.497835 
0.0516239 0.62666 0.553254 0.0746155 0.638342 0.452207 0.60675 0.213163 0.657404 0.144359 0.840683 0.63204 0.379038 0.488465 0.0818029 0.319634 0.100871 0.346308 0.748249 0.530048 0.969566 0.544097 0.00208983 0.535437 0.97592 0.654564 0.329904 0.709182 0.141512 0.116936 
0.0883775 0.0428677 0.844539 0.17364 0.100697 0.457324 0.786467 0.151906 0.961796 0.72643 0.66609 0.685915 0.423621 0.591712 0.613982 0.191014 0.78072 0.537208 0.0284531 0.69126 0.967096 0.0553491 0.781694 0.511378 0.640145 0.166477 0.99467 0.94157 0.494682 0.379852 
0.952325 0.694039 0.482286 0.346914 0.980403 0.194929 0.1321 0.838192 0.107759 0.016315 0.783459 0.960503 0.735838 0.0450894 0.269345 0.0633957 0.524141 0.857706 0.643243 0.504579 0.923255 0.432126 0.57697 0.802936 0.0431055 0.78783 0.368974 0.634017 0.775433 0.423025 
0.637672 0.191064 0.961997 0.476852 0.351074 0.682429 0.35818 0.492 0.930343 0.507954 0.899529 0.026969 0.00841348 0.615563 0.823138 0.655769 0.967015 0.751109 0.185524 0.169233 0.496255 0.0985643 0.658917 0.832485 0.67089 0.833917 0.590997 0.388813 0.77261 0.424388 
0.0618177 0.449356 0.725711 0.587209 0.334644 0.9927 0.128585 0.8252 0.577842 0.00883127 0.954419 0.266072 0.309269 0.855663 0.138303 0.0958886 0.701756 0.751106 0.533503 0.081872 0.621092 0.54347 0.623627 0.499192 0.515938 0.111666 0.230681 0.688067 0.734489 0.332842 
