0.0414873043878145 0.595494262395858 0.562964890015144 0.739632357444648 0.243568392781917 0.556997754202854 0.0460035287071644 0.319176919220307 0.446652302026997 0.741052954696287 
1.22112935613298 1.98873400953846 1.73117422675432 1.33302337160147 1.64796099574698 1.20507612167746 1.13625799989265 1.75096422302559 1.70323407404597 0.806711255127344 
0.555874637317986 0.699208142454369 0.662406382481363 1.32364056983052 1.21478921657296 0.76806160338894 0.543801581775876 0.293264607075066 0.977575932350597 1.15734225358722 
0.189679596311757 1.17351133817781 1.29331974363643 0.945140728560706 0.656487374822709 0.718426240216744 1.58080002610196 1.61611825928922 0.90298818920463 0.451344388910596 
1.23923132907118 1.97270686172605 2.26490833070532 2.64435414273475 1.15879719242423 1.48569402492353 2.12304924179494 2.45881047802687 1.57746870870413 2.29912206766304 
1.51658109583438 0.73092128427689 1.2823416951399 1.28347837154375 1.57321455517882 1.19644950740531 1.62445196689956 1.11627214697598 1.32070680198783 1.34867200553402 
0.885227364708404 0.66141623841704 0.881931027374917 1.68530671033965 1.2406274435683 1.08290794344643 0.710788303040332 1.06552211759947 1.53592515713992 1.19701384021582 
1.88025501399976 2.03195893774926 1.31383958595506 3.17505513277373 1.93954078112903 1.9835604109521 2.31009391932695 2.01639641866276 2.06545788161952 0.980597106287641 
2.14430412653119 1.97564593001534 1.49997828975114 2.46810631019635 2.17870526377916 2.09271779465491 1.60632794202142 1.66965094970383 2.59712583780527 1.15169240629603 
1.1855030822355 1.44883706977983 1.61489802545246 1.84412216066109 1.48007760304749 1.29249414102011 1.21600005134008 1.9828128816907 0.9868557098825 0.826962430411197 
1.25143505302212 3.0577252393059 1.86004315276994 2.56387284570616 1.38057986613792 2.2713101372549 2.06668119245415 2.23561120850155 2.6519573233624 1.20546779784331 
1.54806709185641 1.63304471052521 1.0785521705879 1.9146235152326 1.400240065575 1.42310765162387 1.35975287751821 1.33370094919487 2.46394837855285 0.620040866920061 
1.79073612109623 1.16803458643088 1.22615367007723 1.97521501224206 1.95021026000967 1.93861323435346 2.4478711519252 2.03943548390891 2.09598073383071 2.02874907217901 
1.92720060016796 1.1175183204255 1.1954978737436 1.92080650742473 1.92246859232047 1.98549311873666 2.55542084803041 1.41943832218601 2.09173649325606 1.36596987752741 
0.529118938922553 1.35257205151854 1.22674397198506 0.832845362233367 1.10153602371078 1.43552040686623 0.642030754209187 1.36209419366363 1.58508822219757 1.74044920817919 
1.15600339106477 1.650392393068 1.37196229165106 2.66088684536253 1.47402826194252 1.42246985843456 1.32790185622393 1.43402972500691 1.71189503733219 1.11761051606846 
1.3770045457603 2.17718231239323 1.86411474359398 2.05157447493211 1.37686192574905 1.48058280336725 2.88035142484316 1.4351696406227 2.13117080673385 1.42078142483107 
1.11307453676344 1.80411009939628 1.43780996444141 2.14939016552924 0.252766590578502 1.28260794715752 0.990327301348103 1.30816045093493 1.80519939858566 0.719608498326563 
1.89951128159687 1.20025183792542 1.61924054515646 1.52382453937966 1.99628692834779 1.48397870191525 1.54724018096413 1.43254486471987 1.60247285574396 1.27047657236762 
0.609717161563079 1.38117085788614 0.365750957454579 1.28663617461812 0.937140320070121 0.889948505184591 0.789444285231003 0.265894551103937 1.40195412276631 0.210019720103761 
