0.876382 0.673046 0.718831 0.0302197 0.696119 0.318985 0.891406 1.02178 0.0337033 0.845768 0.782166 0.0656651 0.990331 0.19234 0.514155 0.381484 0.717055 0.441876 0.297404 0.762008 0.435541 0.570974 0.629607 0.122783 1.0407 0.889152 0.471676 0.732118 0.609274 0.345041 
1.24332 1.32229 1.10747 0.257282 0.313469 1.12793 0.553427 0.500233 0.434522 0.615704 0.527811 0.691315 0.596992 0.942908 0.201135 0.137497 0.859578 0.673393 0.354065 0.485499 0.437842 0.973958 1.34218 1.21494 0.888149 0.918495 0.263537 1.04969 0.892709 1.10693 
1.17325 2.94924 1.77773 1.90012 1.2795 1.94843 2.06585 1.56232 1.6072 1.26438 1.87754 1.19294 1.821 1.46816 1.59486 2.04575 1.03792 2.3158 1.97689 2.06672 0.72345 1.57137 1.88233 1.68088 2.20332 0.834167 1.73379 0.724865 2.27252 1.41448 
1.16671 1.53054 0.994968 1.62457 1.50903 1.58868 0.624201 2.11305 1.06299 0.993404 2.06883 1.66772 1.75977 1.09056 1.19862 1.86179 1.08352 1.1557 2.25418 1.81012 1.84046 1.92527 1.54594 1.41219 1.67991 0.788367 2.20472 0.866333 1.6025 1.36201 
0.150005 0.267701 0.852255 0.560292 1.42136 0.816616 0.950735 0.858511 0.97697 0.471096 1.06619 0.831735 1.11052 0.401543 0.84796 1.41141 0.484614 0.80869 0.873218 0.468971 0.867026 0.697537 0.375845 1.12226 0.568398 0.828025 0.69284 0.841833 0.147818 0.783301 
0.557211 2.0599 1.29423 1.69353 0.873351 1.35703 1.16765 1.55815 1.38229 0.825964 1.3012 1.58485 1.21116 1.37266 1.90314 1.34512 1.45726 1.93888 1.57977 2.24225 1.10457 1.02942 2.21285 1.34881 1.7876 0.507704 1.41671 0.643984 2.20991 1.3572 
1.5977 1.50368 1.12201 1.6468 0.970728 1.82044 1.43037 1.18965 1.69339 1.74341 2.21835 0.898005 2.168 1.40866 1.95515 2.00453 2.26338 2.23032 1.13916 1.59954 1.17454 1.35818 0.9841 1.49141 1.97863 1.73056 0.728931 1.5881 1.01325 2.04473 
2.30759 2.94445 1.83036 2.66184 1.58931 2.34592 1.64475 2.40636 1.65657 1.69406 2.84617 1.66516 2.32682 1.77808 1.68999 2.22357 1.99368 2.28948 2.72293 2.12732 2.05892 2.72097 1.88161 2.25681 3.12919 1.68415 2.4343 2.06054 2.72824 1.96743 
0.805881 1.60951 0.908909 1.41874 0.583664 1.10161 1.60371 1.34496 1.23712 0.787286 1.03734 0.980672 1.02237 1.06807 1.49152 1.55705 1.07602 1.25642 1.44082 1.46598 0.420143 0.559753 1.17037 1.51505 1.19966 0.703332 0.944311 1.22075 1.42104 1.10533 
2.06834 2.34191 1.06163 1.24402 1.72288 1.13652 2.1482 2.39867 0.888121 1.18973 3.11949 1.01138 2.38513 2.01638 1.48299 1.76846 1.19162 1.73432 2.16893 2.10155 1.64002 1.49377 2.05231 1.66071 2.64992 0.757545 1.69846 1.17407 2.00979 2.0968 
1.48273 1.42525 1.32681 1.28675 1.60509 1.50102 1.41897 1.6723 1.273 0.115948 1.8489 1.26036 1.77077 1.87533 1.28079 1.32454 1.58401 1.01717 1.68623 1.76263 1.21302 1.46147 1.51621 1.57695 1.65763 1.32717 1.36565 1.36905 1.98023 1.59299 
1.58726 1.2241 1.9021 1.30477 1.77937 1.34931 2.0879 1.97932 1.1349 1.75839 1.98324 0.952075 2.48693 1.42556 1.59673 1.85594 1.82014 1.32886 1.25671 1.68464 1.71459 1.4911 1.20024 1.3164 2.09875 2.1744 1.53437 2.20434 1.07831 1.14916 
2.4765 3.6457 3.15202 2.19149 2.78396 2.09159 3.40427 3.75372 2.85725 2.64576 2.60068 2.13415 4.27387 3.21106 2.36906 3.67013 2.48242 3.64043 3.39395 3.9917 2.66019 2.43183 3.57113 2.69224 3.07781 2.39537 2.65679 2.14275 2.74314 2.13699 
2.55838 2.73857 2.09453 2.0249 2.03451 0.985079 2.65791 3.37034 1.45146 2.54776 2.34213 1.47509 3.42041 2.8911 2.31357 2.16948 2.1332 2.54715 2.08344 3.40709 2.69795 1.23014 3.14079 1.84163 2.97914 1.61246 2.08126 1.53611 2.42109 1.83161 
0.922001 1.58795 1.36376 1.56584 0.928046 1.43922 1.05252 0.624334 1.19356 0.970263 0.515025 0.959353 0.681126 0.493172 0.968626 1.20839 0.96143 1.43261 0.302102 1.11718 0.640001 0.849771 0.805791 0.993824 0.966866 0.990943 0.867504 0.684399 1.29446 1.00747 
1.38259 0.709358 1.33761 1.78182 0.82929 1.07886 1.07063 1.25913 1.05109 0.596687 0.858821 0.653788 0.900046 1.18958 1.11463 0.724972 1.17465 0.447971 1.24094 0.710543 0.38524 1.00891 0.819264 1.38699 0.92441 1.55852 0.83248 1.53942 1.55294 0.525411 
1.29179 1.45012 1.26075 1.2917 1.01246 1.10495 1.23434 0.908971 1.03005 1.31685 0.612664 0.465655 0.885343 0.721243 0.581412 1.10366 0.498108 1.35846 0.567468 0.911399 0.789451 0.916974 0.909718 1.01335 1.0176 0.998169 0.749573 0.66349 0.999552 0.890682 
2.15917 2.53423 2.47609 3.08037 1.70427 2.73188 2.0356 1.74585 2.24325 1.4396 1.41297 1.4899 1.64424 1.65025 1.90822 2.01602 2.0844 1.82161 1.68429 1.84186 0.980341 2.04001 1.52255 2.5134 2.04068 2.45531 1.70073 2.16538 2.72019 1.72082 
0.663905 0.271856 0.977299 0.191864 0.654779 0.218293 0.712208 0.601593 0.0913648 1.03849 0.245902 0.253581 1.03124 0.976403 0.328895 0.480279 0.359434 0.347899 0.0528015 0.988591 0.723189 0.160418 0.454911 0.13971 0.503124 0.815662 0.647802 0.463364 0.257296 0.0731467 
3.06707 3.29589 2.6169 2.30992 1.61133 3.26813 2.61534 2.61879 2.67832 2.40797 3.54053 2.17853 3.92918 2.66331 2.57649 2.95038 3.69111 3.7205 2.31913 2.61825 2.33329 3.02 3.1109 2.92575 3.53232 2.71635 1.66692 2.84109 2.18132 3.21576 
