0.164278 0.198597 0.583565 0.375429 0.937216 0.160796 0.00764784 0.971089 0.500889 0.56434 
0.899451 0.403902 0.346081 0.817045 0.992598 0.364107 0.765149 0.197167 0.956019 0.818493 
0.851989 0.602364 0.223114 0.471123 0.519872 0.590623 0.222101 0.1882 0.337008 0.486383 
0.0899308 0.808446 0.425306 0.793424 0.663562 0.793439 0.0805157 0.926587 0.121936 0.419577 
0.582237 0.7752 0.869319 0.833828 0.573792 0.283503 0.223104 0.290261 0.426964 0.483424 
0.356338 0.168452 0.819387 0.0689218 0.133479 0.140657 0.988383 0.216269 0.507838 0.890351 
0.344244 0.321423 0.795385 0.290117 0.534366 0.486057 0.411261 0.29751 0.743643 0.613192 
0.0695587 0.832126 0.542872 0.261539 0.336666 0.946616 0.92311 0.282559 0.587451 0.0399265 
0.386821 0.460558 0.0673852 0.0698816 0.404203 0.739707 0.72402 0.551024 0.852066 0.345067 
0.287511 0.842732 0.0039606 0.735447 0.576084 0.5456 0.526365 0.717637 0.654662 0.425761 
0.325743 0.504647 0.499653 0.699494 0.450515 0.386024 0.124687 0.026802 0.559941 0.965927 
0.735836 0.57341 0.278214 0.619618 0.48691 0.130808 0.769362 0.698594 0.749535 0.840667 
0.220234 0.386675 0.149473 0.847801 0.417236 0.233324 0.79498 0.235872 0.982746 0.739791 
0.747255 0.625195 0.692517 0.17567 0.849722 0.370283 0.93202 0.680502 0.253113 0.641311 
0.628013 0.417896 0.87622 0.0908858 0.254318 0.940079 0.183461 0.985955 0.729992 0.44411 
0.686833 0.649928 0.849217 0.880904 0.0905468 0.553154 0.921533 0.511197 0.500871 0.0647559 
0.890506 0.0174698 0.531045 0.592196 0.254194 0.6297 0.00155624 0.420926 0.947198 0.897521 
0.638629 0.41295 0.677035 0.233786 0.260883 0.959965 0.415548 0.467726 0.753863 0.621 
0.0918716 0.427686 0.0392672 0.331534 0.946894 0.530599 0.538819 0.547687 0.236774 0.216562 
0.530762 0.17069 0.314835 0.681662 0.349818 0.610931 0.180685 0.385563 0.0583908 0.888223 
