0.836843 0.620312 0.689483 0.0119966 0.67704 0.296557 0.855625 0.99474 0.0172604 0.79308 0.746385 0.0522972 0.987965 0.144731 0.499068 0.367079 0.71642 0.384821 0.270534 0.713624 0.402409 0.545258 0.5763 0.0871524 0.988692 0.880046 0.452684 0.709011 0.561823 0.291018 
0.96325 0.948752 0.899589 0.128201 0.178327 0.969065 0.299979 0.308681 0.318051 0.242498 0.274367 0.596625 0.580236 0.605678 0.0942645 0.0354607 0.855079 0.269253 0.163737 0.142776 0.203156 0.791797 0.964585 0.962554 0.519752 0.853991 0.129004 0.886014 0.556595 0.724263 
0.27601 0.778277 0.540484 0.447153 0.243249 0.499556 0.354684 0.495849 0.159173 0.0624277 0.712942 0.469087 0.600955 0.651036 0.409676 0.294379 0.146617 0.597576 0.8951 0.54929 0.131614 0.488514 0.542285 0.52074 0.806102 0.00236754 0.687282 0.0323502 0.993508 0.097008 
0.0936449 0.106051 0.232777 0.416373 0.948562 0.901157 0.17177 0.77173 0.662659 0.283832 0.470083 0.522398 0.59011 0.271621 0.226874 0.893311 0.0317774 0.165783 0.756973 0.677191 0.973285 0.905775 0.641209 0.493014 0.253719 0.310019 0.846143 0.0116293 0.0314405 0.670318 
0.104885 0.216604 0.7401 0.359677 0.964325 0.382425 0.867974 0.48668 0.657691 0.334341 0.839693 0.580036 0.826192 0.270672 0.738649 0.980997 0.469303 0.728813 0.508497 0.14269 0.398082 0.261121 0.0669015 0.884718 0.446153 0.678653 0.285156 0.836229 0.13267 0.460331 
0.634237 0.845898 0.470758 0.292314 0.30604 0.359768 0.573954 0.433786 0.263759 0.845157 0.573947 0.214433 0.0379462 0.763685 0.242017 0.231069 0.0101877 0.915208 0.431014 0.776125 0.531465 0.412519 0.855086 0.571549 0.834266 0.146073 0.30466 0.370662 0.76116 0.866578 
0.710127 0.601266 0.386174 0.565681 0.248067 0.817524 0.437535 0.0254388 0.546429 0.96772 0.775304 0.213513 0.94094 0.652834 0.966792 0.909164 0.880353 0.94914 0.238709 0.553056 0.426779 0.0770073 0.184021 0.196327 0.616146 0.774599 0.110837 0.522055 0.135114 0.887249 
0.920057 0.660594 0.177072 0.666573 0.378122 0.15405 0.0348885 0.952755 0.119805 0.674302 0.988082 0.547734 0.774883 0.229137 0.361108 0.656752 0.719823 0.352455 0.823303 0.474853 0.817963 0.668349 0.272222 0.444695 0.735185 0.44374 0.76615 0.729069 0.540481 0.455998 
0.714524 0.820721 0.107579 0.660944 0.0452521 0.516396 0.706036 0.832649 0.485243 0.478827 0.155342 0.0950696 0.526062 0.593 0.339782 0.68635 0.235956 0.33275 0.913385 0.644456 0.223401 0.285214 0.40729 0.838384 0.562802 0.27318 0.449183 0.511757 0.57107 0.374684 
0.906226 0.405164 0.0786719 0.0804302 0.753887 0.22718 0.827575 0.788169 0.019211 0.0235847 0.968745 0.209838 0.869065 0.839294 0.264073 0.34019 0.127356 0.338506 0.273171 0.568078 0.774576 0.111205 0.537567 0.525908 0.780011 0.00428422 0.350668 0.0853004 0.442117 0.827397 
0.0467999 0.685625 0.574668 0.750854 0.0874757 0.507956 0.456954 0.265256 0.49588 0.110446 0.451239 0.840707 0.0218004 0.363514 0.965828 0.410611 0.797088 0.640965 0.21097 0.829117 0.0334097 0.113081 0.727653 0.353523 0.431537 0.188107 0.406656 0.446975 0.971646 0.569578 
0.407965 0.459755 0.141742 0.935344 0.033246 0.848884 0.845241 0.628644 0.802481 0.344353 0.729944 0.309865 0.546057 0.146962 0.651023 0.738906 0.897939 0.684321 0.362871 0.345899 0.984252 0.855811 0.802577 0.323309 0.941907 0.412309 0.427208 0.919845 0.0635438 0.759 
0.54773 0.372216 0.73449 0.0316089 0.615376 0.194516 0.125474 0.817911 0.573905 0.0308811 0.129596 0.756192 0.884966 0.685202 0.00333734 0.566763 0.652144 0.508068 0.747249 0.841388 0.79196 0.664924 0.937507 0.10546 0.0537274 0.572917 0.57849 0.383657 0.509477 0.164556 
0.00317458 0.8535 0.237513 0.724783 0.262074 0.164604 0.319387 0.877001 0.733273 0.238976 0.0514196 0.416744 0.973198 0.311684 0.910983 0.565341 0.970871 0.783083 0.649801 0.865404 0.605488 0.206945 0.941926 0.440846 0.691813 0.214412 0.34074 0.0302385 0.615372 0.153036 
0.716986 0.972463 0.742099 0.76269 0.810798 0.979532 0.555324 0.257997 0.706624 0.780838 0.108206 0.173507 0.600388 0.084539 0.0533491 0.821542 0.201775 0.833409 0.0661165 0.358118 0.565511 0.736393 0.0791101 0.607455 0.56865 0.717186 0.470618 0.185602 0.343921 0.520363 
0.994084 0.19859 0.80278 0.994137 0.258258 0.169347 0.655621 0.848105 0.394971 0.575049 0.141172 0.430837 0.37427 0.6004 0.569997 0.228649 0.496195 0.328866 0.341406 0.328948 0.277352 0.104128 0.652688 0.517526 0.190109 0.685462 0.309254 0.716251 0.752376 0.0193857 
0.0677526 0.948293 0.380988 0.307244 0.376077 0.281093 0.987258 0.564878 0.575133 0.428393 0.987475 0.178072 0.666845 0.470455 0.695133 0.801859 0.325277 0.750198 0.778447 0.7555 0.0449215 0.400899 0.971926 0.271768 0.660592 0.074483 0.389962 0.198413 0.423421 0.603416 
0.416251 0.547249 0.573027 0.843944 0.611818 0.974476 0.444649 0.440384 0.702985 0.0231835 0.768907 0.238876 0.563329 0.631258 0.583531 0.531773 0.726916 0.127611 0.963785 0.408851 0.115595 0.969401 0.178474 0.931563 0.786748 0.935421 0.560596 0.881961 0.857746 0.542167 
0.615786 0.212053 0.925025 0.148797 0.600422 0.160714 0.67934 0.57513 0.0434385 0.994419 0.237949 0.232747 0.984667 0.961584 0.325866 0.426038 0.338554 0.293861 0.0380978 0.95619 0.679932 0.109487 0.436678 0.104226 0.470569 0.767161 0.61299 0.447343 0.230578 0.0416561 
0.862406 0.192256 0.326103 0.473919 0.455904 0.40243 0.33447 0.875884 0.608803 0.731987 0.807117 0.412285 0.937719 0.340811 0.290785 0.55503 0.930546 0.984267 0.217387 0.534609 0.719374 0.839803 0.145792 0.982762 0.807323 0.644041 0.156648 0.57858 0.253957 0.679502 
