21.490449272444696
29.172469285501069
34.815484188333926
46.554253976991987
8.9781232270822606
44.563778052851561
32.71084259362074
27.391209142016422
41.2027782151848
16.737504868483434
5.7714237096129901
31.404631123384625
20.068728976732029
40.511402051555336
19.191954466677739
9.2300558472201786
39.608772494175433
12.173946196736782
0.49761452194377476
21.016457224409333
0.69650874460739032
23.239768987710001
14.126137483807987
23.315471624315517
11.296308779244118
31.09477411429075
6.1128488858966676
3.5112339432307702
25.499142040870236
48.4461349125094
10.435067225855679
5.3559233320540658
0.32607297148364522
45.870304779176514
45.382464896668111
15.190870259853575
39.507684143706072
14.990500476097621
7.597275845424126
16.746958593312119
27.284367402030995
43.24220413236209
25.386442618690769
15.232311124431893
29.777028501389186
34.078508424067394
16.782663219712578
40.275171768287592
37.145795949613884
47.544273907350096
