28.730366405145087 16.059364903395949 22.623083278412707 14.42229164660929 18.810092851198025 43.648838383268533 21.639121345993548 0.4390848887293986 40.189894208779833 49.188081339371955 16.534435656824094 2.2077664181246424 26.226421006967882 6.7982598182479235 38.134730372014921 44.538954495351661 47.593261919797733 29.124934656898567 29.455338319545248 0.50198735599747635 35.933124496459783 43.670431397162083 44.790344313230683 26.997017069954062 18.895423734170393 41.077668786373025 19.77525682571218 36.950750422321192 46.33430299802189 12.029783251298479
43.042560908624218 48.348628129068935 4.6024503521798783 16.350530565940812 31.792601284887329 48.971303085818334 21.258732667336485 26.295167859310119 36.700021292501319 10.097522330400253 26.614426622397502 28.392842954386914 24.151707690887712 47.544625114965889 17.157335510146428 45.515007895028212 32.153719169246529 33.174344922634361 22.149595764623495 6.5389555091411342 4.3113558129402785 35.635451829385062 1.6391792279980575 17.347795438905266 31.126145702905024 1.8188246438266407 20.691948001821011 24.457755542491569 8.5262652166151724 49.372617401239417
46.581079435593431 42.609336195233382 47.953479002612433 28.12408365968307 24.965706736771473 39.180428422694327 10.028996619271933 41.322860041115021 13.330072357120596 32.047210352310238 16.707319482240059 1.2430407025158763 35.569478810572477 3.1074814413170082 41.848380101598686 38.075669396051893 21.516753948400076 46.599327708328964 48.027346505765564 15.367162743423481 23.65321198610912 2.9217215552103291 44.073829797529697 45.836967278744439 9.9519164881368116 13.523641503321906 37.805803650108828 12.364792479362515 10.937155001690716 39.774244334177602
10.282719426931367 13.957580973756681 19.941351695079398 29.057754625409626 22.235716167280593 31.430246601347704 42.983994206571388 37.747583486853884 21.474779685521241 13.170566674337007 20.959105118978712 41.841410515279676 30.655882217727502 47.95567747011458 17.295306056463946 26.068572747172059 5.1346165744019592 13.327735009612093 36.961882379407122 34.68691204771541 44.906251292101928 15.944917279189422 18.373178478881815 44.979599869547634 18.002269610241747 9.3421370592790733 7.3058222472174723 33.916910601957291 37.233430507445917 31.960312136709241
10.888926181176542 37.928544812364464 12.164344960795672 20.371538915927587 25.325129964208347 19.321158290474585 16.247133474091545 41.767454566665648 9.5111679545983066 27.266507016828314 35.787148894084794 7.3416136054552519 24.635631160764568 3.7139564864919392 23.939303031983368 14.289211009865063 13.542531402704192 41.018182242737467 20.717521162167948 47.565461794329842 24.164579559995971 31.073157343627024 23.085811410598176 48.351432954935817 1.539054870333153 2.0063621239557481 24.728858287276871 46.393494919247232 2.7636366393624567 43.530503999870959
21.059872457959063 40.647915729541957 5.025302802891698 45.434958358594315 47.546485580720997 4.78431302417449 13.00375966130248 4.6589316301670767 44.52825009729986 48.981627015752153 27.47006040321439 23.125346882659191 25.822620392559141 23.274782644439302 5.3282340789551643 11.318640440934674 24.636857717890766 14.314260478215473 29.966755670342639 14.481433228155057 38.828472639118658 20.198719554534765 31.214194389137823 6.3321018109911673 42.540942988530155 7.6380679639374334 23.166292011090999 15.65179191008488 29.532059889532118 34.199399710910598
22.963874532651261 16.904356571771046 11.342050022988939 42.417029549227188 8.1450836676709457 47.573774122070567 37.910383427931102 25.06960412252111 41.410785125478277 6.3137395581284146 46.649456023757466 40.125347029980269 40.020673198458411 10.69140468014664 27.389850769651758 32.402005187099519 46.075971488730019 49.595596115142278 45.362562052015356 10.054849168872307 45.588896121027148 6.1335400431028333 42.165458636686019 1.0495863607232614 29.899492892106917 25.24427873863711 22.882261226879223 12.31278329089219 43.794063122072217 46.71405208759338
35.511964193018827 11.143933196964708 40.571310476022489 14.755676444043994 36.697702457513813 24.302578372348226 37.665439640704399 24.298287500176066 36.913003543517696 10.726244324330894 2.5885656531561461 38.469110597709125 37.223487988991863 30.899051898336278 5.5167548673275579 18.612173470621617 21.806117718840831 47.770822432173368 40.919752233058674 2.8950026261856685 12.931469105226254 48.477513724187773 25.363442071085 24.261671121227788 11.681301871155233 31.846233823934263 9.0597239644501251 17.890897773157107 12.117058728070182 37.002758250499575
10.987084858670823 35.081294405158772 0.85720764908897795 13.254117531750534 5.4865019032409776 42.684883129737692 8.8776641372817462 29.500218645736698 15.375434674209801 21.558865049313606 12.094526936496255 5.4270442447487817 4.6832796671691401 49.407796754767787 12.228445931735257 10.951256513739679 22.907026031216933 45.831830788676939 30.739441255006572 48.651815450001521 0.40023787218607337 47.315990034164173 19.140647138592435 20.475454934498668 21.802685336733859 18.69064207231542 44.102783436368632 20.998755650029992 17.986162532656099 46.766104121058916
19.368720871667225 46.865402431623302 15.046737964242954 18.465780099137049 0.40800411030716638 29.036514287391661 37.663883868109423 40.241738867921192 27.176817338829867 35.456799569744732 1.1370896503419292 13.278831262533183 34.508878887049654 49.199690097995394 26.488411136439073 8.7315295017452534 26.549291384296055 49.409490133330422 18.736847403943749 22.779458178337833 17.168746322760008 5.9896910587273497 38.996494095506769 22.04851778456068 39.010830304710439 10.765191018227091 45.254852942804163 23.4910090358402 46.28406565476817 43.056644954589011
18.082657827360237 36.778951242638577 27.296685190446084 0.019389333769028738 23.562790603743462 3.515761464324215 36.994816898237133 17.001617927321625 2.5323092302614945 48.422671775562527 16.853897375899844 45.81699861958834 33.824475543710477 42.000529680793548 31.675962756029119 27.310735993583862 22.624624695087263 32.96348231805878 22.876243100846953 16.502462789421362 20.172611093294261 29.050218126108735 35.270900040558125 43.380179638908636 11.953842741081408 20.541920480706512 19.443333353353406 48.541159040262364 25.863114557017415 10.34857974887912
46.73383906990923 1.9148352348224338 0.88414341337848201 32.669534836748475 39.776458592374723 9.5147932263714949 15.673354437355805 35.233567759799506 6.7913688687712277 9.0272601424412979 17.129837198921852 14.184590314565545 19.993427994642445 28.568703235322378 43.971266538978846 42.853398562992425 45.502607758279716 26.142594738872415 39.253382141256665 38.630971723927132 19.796631354655965 47.210713884123031 32.394504831442454 10.135005311081416 44.45027096548538 15.595479868120602 21.241551371679211 39.998821406702035 39.51985568387132 28.509133919730328
13.769307129291445 25.812377409636291 12.57259037851389 48.021887361922218 46.314566135324426 44.332326626128996 8.2705936586342315 20.517483077539943 36.675340502674622 33.126418285503249 45.146569875053842 40.26819700629175 6.5554203853811579 6.2957986276318687 4.0400433429626421 34.866442812430641 32.176940964119012 15.511129713730639 26.876916206625033 29.944544236185912 43.216107903861932 34.96827710193773 36.286904861690942 32.900091866043127 11.474220403135336 37.360625779780278 8.8731077182800409 27.82568782195899 4.7140625889568213 1.2520866557443411
28.587597498989659 47.770864672689271 16.583343921761564 41.113898429960436 4.7514596203617829 13.506750942042892 44.56732980442473 6.3823685411016209 7.9338654047835213 27.000117064342838 16.388768796035915 26.658014233513843 8.0417744131792954 2.8252598428113918 14.695803212770523 2.1433965069542338 38.06310352523402 19.872946741870905 26.472854315000472 34.944064378062222 40.27593129466748 28.775627070010323 9.6816920648746549 48.08008040669862 23.809817761851285 40.497739462568497 46.08560790725852 22.329897036134923 33.754012761593351 23.429722600987272
0.26939963648626386 0.67067870801100438 24.813994479864768 18.771637790671129 5.3772564996068546 31.605214895176253 49.57882587326889 20.705509257375628 47.595752318033711 49.902102770081861 32.389430615030356 29.725120592330491 9.3292537867672802 27.319105350057267 42.320868504379298 45.022699085744868 10.784120105117582 31.215654350781328 48.035937505221767 23.244475121261374 3.2411921824280396 33.702598268076287 28.009818382074364 14.499205287400555 27.2860727109049 3.8438047816929353 4.8546339987664302 20.854477750312164 40.372836497371509 40.210065901223807
26.947882471554369 22.58694947761817 32.813539543273215 39.073558792794323 14.700697240953623 30.266932323511682 33.343235417548669 1.9037195367264468 44.266018957463785 28.046380387137198 8.3807569037404086 8.8440772066819076 39.269570102518209 43.827565847450572 46.768969754098528 44.409811404124753 31.759778896056197 42.083696182303569 21.261707977520359 1.5926939366679846 14.628875740738575 18.840763304388673 16.58023654227128 27.999380728317547 38.159139909224912 18.314175244005234 18.23867190791978 7.9672102439778376 25.80615111912639 45.674175645871628
23.993115589153604 35.892883808610122 3.3109256584288502 24.671874554050419 15.983496002011524 38.935255241121368 34.558833444614521 22.602317672632402 46.049866001659069 17.437164410321053 35.011547040957822 1.6647195631719534 49.136774476626371 27.016789043848288 47.522930633010802 43.135965018939444 11.452520169717504 24.385320078491205 46.051112030624139 20.421331788818105 24.988697936787688 38.058886992564759 41.607954271230867 48.870661752408637 30.926788527372999 2.5873874235444871 15.326277491789861 24.070314386176587 26.677388801532498 15.110692755760599
0.50732770580810493 46.826140623059054 48.12276690683133 35.665621655750286 36.319630722879658 0.84808706595237648 34.122914940344792 44.005109377556174 44.118836890303946 17.773097758102516 27.834815943023276 14.075556605151554 0.67475105537112223 18.904574168102322 17.84059622621432 38.256264948527566 0.0088677544644555351 13.038050172787299 49.799285289432468 32.446847798845965 1.6835800476578309 7.4782341466194087 10.809236698233562 25.543147560526076 13.353062463868911 7.8307063049531971 7.695073850931208 26.434501692945133 36.116865853617647 39.668122942735188
29.153694819261876 25.537207813720439 8.3751005415927793 10.216655615922747 30.124035878612762 21.749492214291731 17.98839137530139 28.839199049008851 12.066741001638782 48.678614885467553 47.044414385023899 37.995849745922968 33.40340756023712 5.4712539004423135 17.33933657658589 27.979079754002818 28.324939221566858 0.33215469860860619 40.611283674120159 10.426954304551574 26.305633403742313 25.336765775899828 45.032670441648357 5.2502071321391144 32.757324666734341 27.496464374135925 12.019132728202596 2.9000926042572734 18.52654599641172 7.8390080951189303
29.194772748928322 42.222625071886064 48.401497589251392 48.835916499956788 7.5619774953936654 9.7123538977149959 45.732126394931825 13.262445500494849 5.5248082001475263 44.814652088335301 3.6153428212123995 12.668804194051567 39.405511670749441 20.069480842091394 34.572406943423942 6.311068225734048 15.292017375139757 16.555380466554134 5.6585778243096705 11.938660534100224 15.936396659267613 33.439109973263982 26.841875973220837 19.999916741159133 25.205517510788816 24.346135123625544 4.0068641194062966 16.017634988625527 48.645185490512979 37.289237312038765
18.096142694381324 39.291127628819304 37.349898750515656 15.18742229581215 41.500989170323557 22.401763775812743 32.418340900237489 37.293925690542657 30.430914789849133 34.142738003692031 33.063477434821984 26.457274353763371 3.3230818114717695 9.6310036025071177 43.320719135238548 39.820789194538037 11.31389496039716 14.414285148768444 30.661276388337534 2.0572992400485512 49.895981226949573 4.5954440225153848 30.019144094568382 43.494442487544291 17.583290402844312 41.011138817101006 1.5851262742536529 26.633201042503625 49.00007419073377 45.191987904437823
47.482298749534742 21.944751282264505 22.528108628882269 5.6269608676672096 39.867918213150141 6.9551978628028612 16.308149096379672 19.741669526854469 47.524514310507477 7.6881651998493981 25.749155475653168 12.036217651558598 24.654673381648969 1.1455763410371711 43.878006782625469 1.5409659322123093 43.297700790676622 12.329273036182361 21.25294033639177 8.5571504386047916 47.877927652545544 12.392191115519172 19.595144044030306 15.034982263185096 44.449011349235768 13.78195322726747 21.113467069893979 32.298885096881321 1.7673721639208015 17.792477531966941
11.749076034617119 39.413359043649699 49.246522136473715 27.449879266156529 24.326954387098212 21.972943693900085 15.451334283977992 13.770265543093773 40.124040161544102 24.257982425821826 19.352429304803422 5.0473048813825212 42.119345301836269 22.902875234396131 17.497305520637919 30.256152034992663 26.994752827208124 22.776483615175806 41.207027037518927 11.11711225214138 43.811340397987159 22.831100487357972 42.295479822668355 36.630848186253992 0.82513401211479409 20.333475704181335 4.9922122773186661 11.042963211819014 33.396194802253703 22.306345363141709
26.193810590468036 28.966224633868414 12.473088686964632 45.298554248712904 38.000973341872047 11.102731674528767 2.7751117685496283 48.002081169506553 33.094544463267489 7.2103227086464079 21.534788906622968 29.713708135595901 14.912543367833605 17.461161681540545 18.997881397025498 14.885339620803659 4.5834043963679596 9.2041058034344179 19.973026877910758 45.925584408192208 31.938727300565272 10.846472987951685 11.09226672030095 31.64373552717754 26.973718823732796 42.266634409875998 26.410954781964772 46.86499359815793 35.376071682435303 3.0807700982978434
44.36062943065641 16.675670103436691 48.670124949449828 9.7545705486964103 12.610590536932838 27.05911226240379 49.822602652602164 43.544052382646548 31.665216221931754 39.542866828614386 3.3004057405752087 21.893669378637842 43.646952377417783 37.738826303954532 7.0278559748736944 48.527936938548045 18.488823489940206 44.80633515279311 29.915209999714946 36.810601135482415 11.546088966037713 5.3996944192545762 21.185461021613037 14.467933669800898 35.561995718688401 11.557501456200242 14.309183712938855 34.49052136257172 32.498331224428718 15.96374553361983
20.167402482028628 39.036532343118878 16.102098394879519 30.62570632181124 29.878708204821251 48.481375581238851 11.306686425419935 44.92272776146347 31.196647332784583 14.662178326918898 44.598562058721321 47.870965061334878 0.45226444629893009 11.687437298457057 44.708501840557354 29.183575479852319 21.21373052110452 20.774583876573452 16.52843863183482 37.35525694970233 1.7111496511076927 32.190479989767589 7.8251653846797913 49.618523307163699 4.3564976286527521 22.331089987054028 24.708249637985023 9.7109037974353853 34.363487402336176 14.854723829166753
47.950442398975078 13.786885679592773 19.414668795247859 3.6631212579595416 5.6172673736455536 15.795169932998062 32.940610445565824 33.925579026178951 17.978125978469087 20.008799343925716 35.084039549841997 7.7540904505137762 17.512767479898447 48.039007269422697 10.792192610119175 20.455579399682243 38.600738399493451 41.472983868410154 24.418739841190614 30.877310094864342 37.764363486141676 49.089042591578355 18.510398786890256 35.851687433262754 21.96030581938513 31.510047661315816 32.775800227551862 21.981572570553489 13.893880216056878 9.0321612991907365
41.989963338168373 35.539071151913234 49.803720756558114 43.995413475745771 47.373809900637184 9.4418637042029605 8.2962723535466161 45.346574472548326 43.887460190047037 43.574252624058467 18.406508289911159 13.476450285538236 8.272411695138663 45.605233130963029 11.923638582641924 43.28475003490378 2.3351874680689577 34.979286360502947 8.4267331921910973 5.1970876041615846 33.797060061877573 30.253669032619108 4.7904816894618918 10.261755630344451 22.779627190472453 28.694728003998655 44.051481912640924 25.831272235233094 18.637500291002194 4.1669565362073691
36.099049110983074 41.706272628832068 9.9575309363321569 49.397474226104919 14.988147693200435 37.981262129495356 25.75767808702868 1.2082565794825384 17.911721112437608 14.827970783549786 18.406953375401557 29.203949905011921 43.598649299954495 11.534584871803741 18.190615744087498 49.038770119794243 36.247105494086185 12.794162103739835 0.71938192734366191 4.9321797599006141 35.193701229081221 25.727082301643485 29.126899962198006 37.506675915022463 48.540077717356397 17.352531005627384 0.96877106021887816 34.51573508686765 5.1035927786415431 21.048870394879096
45.752424801780947 27.533520548329012 2.5890724795614739 30.523512443768926 24.460966574260198 38.498573296016737 20.656442530163169 16.669203498553845 18.254932955261939 4.8702611826780009 47.404195877610874 14.863136073691422 42.404648460362857 12.641682531586326 9.7595583576488867 3.9453279007661677 20.356473341017193 12.65406339345728 42.713718925737311 31.979186157246126 5.5761649290976951 40.069274507842799 40.713640486142715 17.441223663226737 2.9736015734379637 39.137059676498893 7.5201194161020366 41.929285289672855 18.383599741142788 27.087539382007808
19.149248972365367 26.615102569964495 20.470622890887977 39.625356845773332 15.416521079591147 44.202568663483241 7.3684499471785543 42.942725169420306 15.362543495860656 9.5872645244447643 19.491272550748722 24.758159323635457 10.663791575909794 1.5890200718460055 27.223478123839563 24.591303326109379 17.758102159495323 44.960847105854832 23.616349690166665 20.1781894161163 26.300509253545822 14.175919063349276 38.459036402294558 46.291588107138494 8.8251890355512419 42.333390212222646 42.257962643780715 3.9120571989318087 48.056357204509546 34.083262939829886
21.552006439393569 28.758073549228136 23.172654402396024 41.176488623055583 0.51333703518937845 28.307438912914506 49.51909815571387 15.604794150903114 0.10556618713817521 40.014573474784996 36.100038328976296 41.716570276396617 30.289600510137443 32.758821992396832 39.660310996654005 31.443204684234654 44.274994615149069 33.17274336872498 42.059975451635282 47.527285130216022 3.1071173543554953 19.871712944768547 6.0834592353240593 31.819794719814009 12.847847529643778 31.905763719216786 22.729496159517439 7.5578824747754823 29.409821357105269 45.101959070614555
20.122426640576808 24.190116885177794 16.608443309235827 40.378524353188325 35.645284210042163 31.962522097396214 37.710814699687731 24.510307079569792 8.0505459650917786 9.361521038537072 45.493223825356722 17.496523302719943 0.35943713434751445 38.901795380544499 6.4534490090747934 15.494050604482048 22.47833878334087 20.324175851798689 17.3468870686415 49.754529776665578 49.217315876929497 13.756366741049311 25.274923031911019 12.816412203299802 44.973270903457816 18.80846874981442 43.115479201644227 27.087638502198004 6.5583113749253048 39.230201799202945
37.402350527655855 11.834501448633306 49.669563862727323 6.5532677573950497 23.16921800247027 38.154385465368527 43.736757136228476 16.952109445738099 34.919695215650464 4.779071414596979 20.030930487798823 8.4678483419530899 20.900077409125448 31.997214139282136 43.932525292288084 28.923222156739211 21.921417347626406 26.689114112367072 26.513827114704895 27.593558012572931 38.818536494618826 40.480469635086799 37.961420360978167 40.81997455775295 19.173404630998355 27.868230767431243 12.155791464061222 25.401415980106467 18.150026587177255 17.093199223576018
35.018163512985225 24.135162235557559 32.844735823146834 30.445744685674686 13.876165084183492 37.119257861984416 9.6539773717136868 25.406989577574929 31.848087692226638 43.709657923839906 23.745589930684368 23.756441389159168 4.8694946076741541 7.5462300998048431 39.966883882832271 6.0699115694732484 8.102084429824405 15.100013582368641 43.778317649797941 33.642146249338992 14.320219585014735 0.46620888884662764 26.599156674419937 44.638204286261477 40.208526974526336 29.395724008415698 21.885820206402514 44.045326348028233 7.4306077652976059 48.36810497474989
15.710310381055123 31.165463980659435 14.46530564425915 23.724305773499481 35.923241406746236 25.421564990526633 45.318536542127035 6.6888757413551856 24.526568307239756 5.7670734391752818 24.502322367371512 30.269514178377161 21.669643935870901 20.037343834401451 14.90180003501704 16.562481866362454 25.806517398230934 33.84880257654185 18.81259493396232 13.520225085863565 34.613045379138647 44.515788756614747 13.971219771165808 6.0234598463358457 19.158633512542846 34.876337477002274 31.476342700284732 2.93866039700166 23.268725673360819 17.353823072935228
48.686174234447769 43.157325334655447 9.9635733485454487 37.544330507499048 11.098407503591771 48.706461471617565 2.6286449765535314 40.578301083348073 31.023629562345562 37.210180909337275 5.5484072851576496 19.637567429541544 47.799810480915745 8.5028049857084316 48.011097703500589 34.354068352907177 38.092508492555424 23.113843706842378 9.6054914886463028 28.725011090978157 20.874622650877196 23.596254764085586 17.778476973639997 33.119266385382211 47.970109327008466 33.89372918538534 15.752478176658105 48.197061602760634 13.221144465913333 36.805313078423197
16.771455612817451 24.1784277618919 38.583357989726792 31.532093041655973 22.103125441602415 26.518826254711481 49.526172618303718 15.784514800875074 36.207150871721197 29.722075086429893 37.31703327316896 16.932542257783627 4.7744005935618752 42.022338910322368 26.238859904322069 3.2842103644229423 20.907422050688897 45.778848166370409 48.265598670961765 31.752539090026765 38.314442536872058 5.8764557832910258 0.77520580241073556 5.4236312077674178 22.333304343017883 4.9129216958864488 16.865354695203276 42.996636231938794 12.262040651536617 37.63842616263269
28.954883918157037 35.779156777393432 19.42426145786834 8.5899666210468713 0.98923560037558422 2.5182646214207591 37.184466446473081 49.181110295020218 7.0347051727497858 1.4728823426850191 3.5494930904515631 45.000424526348837 16.075350871378973 31.957628974718666 10.360287858801328 29.637433043834982 36.574303273912669 26.87648744784638 20.704325454825252 8.3081483293442702 7.6601533143077747 17.807992735196901 46.318889023446957 46.4930921648698 39.011340372895638 13.116843664882536 45.374095980815518 32.468518768626637 11.692792153973844 33.831993340269491
33.550688026726633 46.619575366907057 42.787598285415065 35.210098238203742 47.259457483712715 7.8648438895597836 24.247276804012138 32.592170697409813 39.699113674066375 25.968055337567975 48.74765585793763 22.746640432446515 3.2283320550971517 32.338617677761931 39.148066677091805 23.725344762563875 9.6639590975536009 19.602777074137759 2.7115889837829221 19.576089495018582 13.139051509081549 42.731947485425842 29.963132367523144 22.24233369011694 27.16263413850357 41.095214034765071 20.50007970362774 2.9025756752411391 28.603373562467766 47.298293023385021
17.829522379151967 35.51501201017809 24.326570933851151 3.8517200369943847 0.087052910101989012 6.7330410275130674 10.334774211449425 44.241080449505148 43.865497217299101 31.046863892552086 15.931592183499651 3.3845912670252352 22.905892453979529 27.442677237683881 27.956901815414838 16.17901176962657 40.824391051708581 46.108896890985442 19.844555118324372 33.106678264504517 46.153350215216612 21.889992917720644 11.935555304688931 21.190653119950706 49.013294594859872 11.760589790892292 39.869202107424464 9.1770044492375433 4.2858061370734024 29.642079296783475
8.9364265878580795 2.5583784238766194 4.3732484574870636 40.604370659493974 27.393206220508453 22.421158364699782 12.34613183395167 1.9706478221863297 43.650393996484674 18.314625248695258 32.46272888687465 7.7434500202923164 4.2169903604573031 14.936465271684682 3.9625238385721149 47.577902636911951 38.937141705132184 3.7301505642543829 18.367693272556139 40.055634539084458 39.909516543961651 13.172657950992498 15.30183983486986 17.209021252285186 43.950581040499557 14.050928263266824 8.1331531728285587 43.675988941211145 37.994422580389013 7.0116999114316263
0.32812790896791455 14.677387054562988 15.124071178464574 47.602319357083985 47.769476194076759 48.350018492672433 46.840623474928641 42.450004895089641 1.3928251830795568 25.02789701469937 36.207469071439824 42.65886264551483 38.121311501293654 18.326020435773234 37.964518202099484 24.797889068344535 33.045043264249294 21.562960899302013 46.192582629404313 25.740052937745343 38.890642147729423 45.401347169852443 23.771354860758969 46.412232309670578 3.558111085921325 25.44040872904753 48.959992480944386 44.404266380223881 33.042373267149813 23.468805588415979
9.4111292514884006 14.569366071159392 6.1087483218445611 28.938964413513389 4.5516327533873993 25.373240995601332 49.381250728533097 38.857853884610591 31.24032775503931 45.210439187319196 31.551692682266907 24.189637787241463 1.9786250329268582 22.408350550827436 31.878709963638265 25.609089893464461 12.65136381741174 38.343341460072445 46.599267280600678 2.4232175838448464 6.0155981882766625 6.0359937789346025 32.551356616187611 38.472047050780454 42.968701960825832 6.1495754017827498 18.432124961030386 4.0785551051719349 30.821859748666579 44.000986495295884
20.815653763956714 41.935158911247612 16.47378386847145 21.113937638272333 40.236919012631645 46.297662672038022 23.1547949483022 49.785894377786391 4.1379779346040335 32.665325957436501 48.048188956699768 28.206980414099032 24.205703626465461 24.617428339657391 24.287317453376396 20.895960862827252 41.592187255867572 11.823506141494075 31.425970140807593 20.5307158579987 26.812104278078674 49.592437615958609 35.237152812132678 35.025380256685843 33.572096186122195 23.971101617143091 27.684515349426807 8.7865089767203663 35.365724498776039 24.596430143471835
49.97741116972194 5.3193686652737791 31.375520651188936 31.782475957283999 30.319210444232574 3.9573404612304595 28.902765015522004 12.254522017490169 15.848841097489755 0.24170923312674342 2.7755912075098221 39.843984169297613 9.5662641134236583 17.841296354407625 21.221357766143615 5.440514672779508 30.202247771029466 13.477226010125495 5.3548118915164773 38.553723220188154 33.256785325244749 16.676954505828348 49.512854877878837 21.556668069413746 0.56186727138911818 41.069690139699063 38.761878096667374 27.184450096504424 47.032066464350777 46.745999679628866
31.071793775280138 28.306303512906208 3.1266479252081418 38.793145896036741 15.529742177835089 38.947502482278033 35.216075206936701 34.937277763226582 14.840632737485917 27.967143933199537 22.934315419460109 27.841631648661824 1.7314280419044357 17.141491238447234 15.403316078157678 18.85481925084742 13.457206660299173 27.983914077459175 19.773650262616314 10.992023313566628 5.4398562456492137 45.598993904647912 26.640863426497759 45.142650073941951 26.661616629785332 36.128531921760661 44.279486864817109 11.998389769557724 16.864281667867402 37.661325492680987
1.6288008563256371 39.554370552019776 47.931805821201969 9.4766678215052558 28.614667255553016 20.213954064891745 18.357724912648958 34.893004947273035 17.467427197732167 7.6410574088219132 5.260080005218323 3.4429216685297881 4.8476393245034908 43.91591366602286 18.423799511347475 13.262788268096113 41.360177557607855 18.453205519506248 28.547069555146038 8.6028199380503843 31.327412635563924 31.630686091953496 41.604373462067173 29.728273335778365 33.533126154197831 37.273450036394188 13.594029581703508 13.830798610632607 41.47757166459494 12.922774439332899
48.779273746038484 19.334700600541584 38.085261141509243 7.3210635331925324 1.6603486355958723 33.390253605235614 15.778529790538773 29.569435553285551 20.323755696410977 29.521250380510757 17.109422315851933 7.4712789540116571 31.125124447053228 21.186921675048954 46.335458611081677 37.852284764237702 44.183430902016816 35.701845775046415 32.875577633044891 32.827030141693996 3.854076269690343 15.698778432400214 21.206990457993371 6.4515415663817484 16.631053346351866 7.7404378206491531 48.354112443511411 20.3125093378972 22.514581009373362 39.133891824991238
5.9502492466704808 4.1260357661878739 48.478494936912504 10.859873315599929 14.312043489365902 10.190193433557379 43.190993158882193 12.754233634308259 37.657947644099345 23.666406870534082 1.1086517538740757 36.213537784387398 11.444060957204423 7.6173739972429635 38.41681551378489 28.482660642521374 23.685894436741552 24.139632930458852 38.068421944504394 11.237911153573194 21.333659045616514 14.432193873325813 14.505533710017506 47.135349588828717 43.736698030555409 34.23502029906075 11.758137192438078 29.263168021615229 10.532866587007103 18.209217844064064
