0.42980898544889395
0.58344938571002136
0.69630968376667846
0.93108507953983977
0.17956246454164521
0.8772184539950888
0.65421685187241485
0.54782418284032841
0.82405556430369598
0.33475009736966871
0.11542847419225981
0.62809262246769249
0.40137457953464056
0.81022804103110679
0.38383908933355476
0.18460111694440356
0.79217544988350863
0.24347892393473564
0.0050168599100057108
0.42032914448818665
0.013930174892147807
0.46479537975419999
0.28237673580237116
0.46630943248631035
0.22523560673246029
0.62189548228581504
0.12225697771793335
0.070224678864615406
0.50998284081740475
0.96892269825018806
0.20870134451711359
0.10711846664108131
0.0065214594296729043
0.91049532368296449
0.90764929793336224
0.30381740519707151
0.79015368287412147
0.29981000952195241
0.15194551690848251
0.33493917186624239
0.54568734804061991
0.86484408264724177
0.50772885237381538
0.30464622248863787
0.59554057002778371
0.68157016848134788
0.3351892259275156
0.80550343536575186
0.74288258887533898
0.93083398623754732
