0.063151489798781976 0.65891938295876207 0.44835106412376818 0.55866352636704431 0.61412770889432722 0.093661296435535155 0.80739769539672479 0.7430035150046197 0.89380432358027762 0.72614000066250539
0.088532694733483394 0.81304299393057322 0.92868770087342867 0.21294957063618819 0.40417506258957464 0.57362983262866729 0.99889477583120323 0.70494313062214919 0.42333899985810214 0.72829945554225406
0.94236536230441104 0.22948199119283591 0.79354066301096382 0.14349332127382303 0.20344120752414369 0.1296620608764249 0.30527903765893 0.92389398688499547 0.90180601446339048 0.13023118570128528
0.67664225988134563 0.12985700345860657 0.12328438637326415 0.59982703792216452 0.19822265727071459 0.88135334173445345 0.55286257026566998 0.58038963693966683 0.88028529314106063 0.57853080898688714
0.70751387891081807 0.42118550219590728 0.38416535129838697 0.28489373659554368 0.2350046598264996 0.97355709115953681 0.64775395350894605 0.58586258008793912 0.97081664160329939 0.82200983652807014
0.9303578704933988 0.74600252493568275 0.404545045806256 0.69485712641863051 0.62763461575848867 0.92323954692179788 0.79679952531011689 0.37745915305390615 0.29504100465042143 0.26914325108339848
0.80990138059188443 0.27956871862736404 0.75192645543547365 0.36735202621671553 0.16508183088482337 0.95177079796285635 0.33151840039222985 0.20771478408951088 0.30556509162411133 0.90561923186937676
0.32468048138983691 0.59977005272327255 0.63122352298173645 0.030637670657618511 0.31809910789206092 0.83422799742735121 0.86324408899887617 0.98595419625323455 0.86678124209691088 0.23398943577610692
0.21254031798567014 0.37733246051660335 0.6080036847459197 0.68839001419571388 0.80202110319615494 0.064552409884994486 0.31879126673216257 0.36134043870912896 0.53531341178285685 0.54608396307775553
0.46811117250084727 0.61907151052067177 0.96985205834116572 0.61794877663156977 0.49720161229752641 0.64387880716081625 0.76772124492915028 0.2874684912399556 0.52138553883225225 0.50821873261280359
0.80031219180350832 0.18463996338818628 0.75718800165739153 0.22145717137406346 0.43885086233984444 0.31652458993645988 0.32260172767023526 0.28887854948706343 0.17585450945076125 0.66030591363964186
0.1183895426918216 0.61432206809793477 0.1844960285074469 0.11041436149107646 0.80645497738895777 0.29169390300683301 0.21115165747558579 0.25361747552044628 0.72347821140304114 0.56712916167228944
0.62423791537231743 0.89550321947671119 0.48674086104117126 0.41899342565525161 0.97809570657127376 0.85832970049304602 0.62092454109426032 0.016301804431872059 0.37329773309712616 0.33992066672545146
0.49846396922318931 0.76584408856866004 0.8002799650298541 0.18610538952822314 0.94152703966038698 0.092166324826890841 0.7309677037000718 0.73756869745949682 0.82006021601563328 0.15910378188220869
0.71291283297088393 0.35514130180160558 0.29964266472590345 0.63721533357057436 0.1320776104297961 0.36231877297225795 0.32407706899448535 0.13742287626400757 0.68974248258972459 0.40164316211379231
0.38274627106829523 0.58536333508057259 0.1011211563120759 0.36326221973127054 0.72908333670469172 0.66813058162138494 0.44406893955298082 0.46397149787059128 0.12874182993483946 0.82148353044291023
0.2926671248292943 0.77839044058655349 0.020196612361259293 0.97715160167074555 0.013217797738253757 0.32478638053836678 0.3246359547080015 0.86125344060480835 0.084705502653905237 0.79149574093576736
0.41427767431661727 0.88537932694994892 0.33548773052723074 0.049086082836111086 0.51001867368637144 0.52285536183700243 0.91811081388220595 0.77701386498032377 0.49528265086701223 0.48141093990000577
0.49995900657492448 0.019303413178531615 0.9403025244527361 0.05987990467839803 0.69178534054630836 0.43996482339156823 0.72043178299642607 0.87347407391275211 0.89417577060651054 0.64118177093686379
0.050925146041660693 0.48816824361501326 0.21238755193659525 0.77685996465138862 0.74063934635206341 0.15844631501425682 0.18766541920658691 0.27721628610232857 0.45315190669893762 0.87733780191336164
0.49754581075212706 0.81449891164116495 0.065887433073627918 0.59115320653346071 0.22933488741246738 0.15667791767092393 0.13589982328035061 0.54042340358275409 0.2455607400785304 0.89124072104189545
0.8128976767873467 0.039968613050101284 0.78286974603965809 0.91266796803417716 0.37380534396902515 0.033962660229721317 0.62490038133709069 0.11669900253885272 0.8102864676479633 0.015473948650145553
0.58830226704267308 0.40276086952246543 0.7255129289125466 0.95122787758181437 0.21264295204986233 0.21055295181692629 0.162519323792987 0.63055146066113943 0.28303298657659454 0.20900097506359855
0.56551472326990282 0.19955010404416801 0.11570591564248871 0.93923435840936431 0.66650610299715718 0.73255820158932849 0.030448372195430774 0.10700267488717956 0.18329258339449911 0.35775453525262807
0.052658603177722904 0.31556157143303903 0.46826617251043495 0.50435011326117174 0.842967624921931 0.14754887477375472 0.10152675461672238 0.56966663241639204 0.80304272583763447 0.62324017391643571
0.084748222699600848 0.15553871479310005 0.53533046333557643 0.96319631250864146 0.46526998531458391 0.38173897076503022 0.54672255494739319 0.6206407191143698 0.1741218905477408 0.31450177785742778
0.95059751243454815 0.94548540402205472 0.77794522844536718 0.12041600534102896 0.68731678901005777 0.41317898361151389 0.35695592730587794 0.082757013978264113 0.76854783473510624 0.33931878286666889
0.72623368643240416 0.36113373851314573 0.70942282079725738 0.40967767204098909 0.39287618110927519 0.70774022031724282 0.17121133201678035 0.50423044672177209 0.19970386964100512 0.3540472214214167
0.9010099316127067 0.91229812235624741 0.11136403086825346 0.4970805385444958 0.43975688323551193 0.45824021360343176 0.48408912609884064 0.022164741172706216 0.67297021943902913 0.24153132320085652
0.77943367984944734 0.85398617904797047 0.62165656413894377 0.78643487129808243 0.85595871302635784 0.33082438328292946 0.72632834507054078 0.058770160472639207 0.85963054385676185 0.21637988007960102
0.39552541612256215 0.080399876076758955 0.86585018918239309 0.24426141487812641 0.7626703833666314 0.86791732124159182 0.22773963927003033 0.79454581413644076 0.25670997562483483 0.0024718805703354716
0.3227214928102809 0.23410762897508591 0.39430438406186458 0.22130367998633621 0.73314141137811673 0.8927103132078531 0.35016466561164888 0.079710438262255809 0.47772928303634526 0.36637709477373509
0.5524814732111083 0.074699947122424268 0.94353679097902043 0.89951913069814693 0.95014726383830728 0.90218221215053318 0.224177113578438 0.98059174899929091 0.35994932499383753 0.95550622604587454
0.45003864628115159 0.097702143527728255 0.32720819816474395 0.64902260880739482 0.078415295652634429 0.24990184159418388 0.46851674905230573 0.12671225478606313 0.98232678756330116 0.36582232181482183
0.82783008460580398 0.44724411009703319 0.15989337200885639 0.085338158359923352 0.12402587021703486 0.45226807689709286 0.47402904480312674 0.79404598021579598 0.62463358394607382 0.80306960292312923
0.015645920918689372 0.65603268310646812 0.71225800867967048 0.41839893697015501 0.10660843145267722 0.49267877025239587 0.41210571428323856 0.70696205705766435 0.066531403213648629 0.78695137802510162
0.12227423705024425 0.51723754586737014 0.818391360386581 0.4277415509618942 0.19005022344236183 0.67256453513455072 0.87289700517806001 0.73126080774782498 0.048980551004875569 0.10506471967995649
0.63507716765612754 0.59741205077117099 0.67887498992221529 0.14196899806469349 0.82751852062177611 0.85202141578337454 0.68399758817840206 0.40777933198121902 0.45491377290577512 0.78051775016200409
0.47483191475452363 0.17406761194281234 0.6951493824163606 0.63470711391111567 0.12945839256367514 0.64598944206264186 0.76969871082046604 0.81629935277037202 0.92474325017069703 0.34651341915229189
0.89619261741221379 0.37550543858317004 0.8972751851594718 0.081923545490204905 0.081316858689693114 0.63801878670124257 0.097055603523948306 0.27968574225075477 0.55018319982318697 0.12299368710227303
0.1975474698960496 0.4750829618233941 0.62542919319216117 0.83455693488534266 0.27112534569125385 0.18062846626362244 0.8435562852910018 0.92321326380988167 0.32189300268104365 0.049239667638935766
0.34937439021245903 0.11742798475380194 0.27548280603774505 0.66811973942158764 0.94738199410605017 0.078737373951869902 0.095401545039440247 0.91182877413837793 0.52947768997131539 0.8310139504857047
0.95581414993953218 0.87714416553332741 0.68487577492889506 0.4156265059621061 0.4265232658924844 0.046888182067196624 0.70584228054074838 0.36774479529152931 0.77519960368660645 0.033893118042501877
0.84095826977432997 0.19075983199049878 0.79952855851170912 0.14569146571466279 0.70120051807122019 0.23778911361730543 0.33365686027730462 0.7372110883285059 0.81568993557687786 0.38759793843025164
0.68698708659011021 0.015139349542170489 0.058996793380726983 0.13473058306245905 0.94653842632804341 0.22026271797317615 0.90191732617249798 0.32342002074168513 0.035003009942846705 0.18754479585193445
0.15044413203343582 0.1042276889847467 0.44806101742774368 0.11452939256060439 0.85740627083022303 0.97751007756003427 0.68080695597763574 0.36934917244963877 0.30216396897735859 0.36136723178549984
0.51644045992980248 0.32345613707136905 0.97882916114416463 0.81894209819665842 0.16666763416161784 0.025091651105331226 0.86049473840034607 0.083695513307465982 0.23145176999302647 0.24058567610501941
0.30606697122790133 0.024232430314110865 0.19089533785940888 0.40421469834346696 0.97111564664510808 0.22346673621838581 0.14583486336340729 0.43234337507935966 0.15652298386508529 0.40617911533989387
0.45533134404446379 0.28946715782136262 0.95739130946060347 0.022982270677843687 0.026170982054256876 0.93513890563622548 0.34290401888092953 0.82471857343289945 0.63187999531987127 0.96749618275498295
0.74349301510415133 0.0090342495777291816 0.82574607527766664 0.56519381291743886 0.47912669469483199 0.076459911652259779 0.95858267546837239 0.70984665727145912 0.43041716270828706 0.3107378417329319
