0.57460732810290172 0.32118729806791896 0.45246166556825412 0.28844583293218579 0.37620185702396053 0.87297676766537069 0.43278242691987096 0.0087816977745879717 0.80379788417559672 0.98376162678743906 0.3306887131364819 0.044155328362492849 0.52452842013935763 0.13596519636495846 0.76269460744029838 0.89077908990703314 0.9518652383959546 0.58249869313797131 0.58910676639090498 0.010039747119949528 0.71866248992919568 0.8734086279432417 0.89580688626461369 0.5399403413990812 0.37790847468340788 0.82155337572746046 0.39550513651424363 0.73901500844642387 0.92668605996043774 0.24059566502596957
0.86085121817248433 0.96697256258137876 0.092049007043597572 0.3270106113188162 0.63585202569774657 0.9794260617163667 0.42517465334672971 0.5259033571862024 0.73400042585002634 0.20195044660800504 0.53228853244795005 0.56785685908773831 0.48303415381775422 0.95089250229931777 0.34314671020292858 0.91030015790056429 0.64307438338493061 0.66348689845268727 0.4429919152924699 0.13077911018282268 0.086227116258805567 0.71270903658770124 0.032783584559961151 0.34695590877810528 0.62252291405810045 0.036376492876532815 0.41383896003642023 0.48915511084983138 0.17052530433230345 0.98745234802478832
0.93162158871186862 0.85218672390466765 0.95906958005224863 0.56248167319366138 0.49931413473542946 0.78360856845388649 0.20057993238543864 0.82645720082230045 0.26660144714241191 0.64094420704620481 0.3341463896448012 0.024860814050317526 0.71138957621144949 0.062149628826340161 0.83696760203197373 0.76151338792103784 0.43033507896800155 0.93198655416657927 0.96054693011531123 0.30734325486846964 0.47306423972218242 0.058434431104206583 0.88147659595059391 0.91673934557488879 0.19903832976273622 0.27047283006643813 0.75611607300217654 0.24729584958725032 0.21874310003381431 0.79548488668355211
0.20565438853862733 0.27915161947513362 0.39882703390158797 0.58115509250819253 0.44471432334561184 0.62860493202695411 0.85967988413142782 0.75495166973707772 0.42949559371042484 0.26341133348674012 0.41918210237957426 0.83682821030559351 0.61311764435455007 0.95911354940229154 0.34590612112927893 0.52137145494344117 0.10269233148803918 0.26655470019224187 0.73923764758814248 0.69373824095430814 0.89812502584203857 0.31889834558378843 0.36746356957763632 0.89959199739095275 0.36004539220483495 0.18684274118558147 0.14611644494434944 0.67833821203914579 0.74466861014891828 0.6392062427341848
0.21777852362353084 0.75857089624728924 0.24328689921591345 0.40743077831855173 0.50650259928416697 0.38642316580949171 0.32494266948183087 0.83534909133331292 0.19022335909196614 0.54533014033656624 0.71574297788169594 0.14683227210910504 0.49271262321529136 0.074279129729838786 0.47878606063966739 0.28578422019730126 0.27085062805408383 0.82036364485474933 0.41435042324335897 0.95130923588659688 0.48329159119991943 0.62146314687254045 0.46171622821196351 0.96702865909871638 0.030781097406663061 0.040127242479114963 0.49457716574553739 0.9278698983849446 0.055272732787249132 0.87061007999741924
0.4195803069839496 0.81192563237788273 0.085996496813890363 0.90564149877205113 0.94687583568068845 0.092716068995843878 0.2471845764780865 0.089385280507247186 0.87947124053422188 0.97271783726058247 0.54923744246378137 0.45169091431895964 0.51316164023753341 0.46337335246486616 0.095081946935003867 0.21788563178083381 0.48574407150712612 0.27911844159933225 0.58803210072214096 0.28636197895939813 0.77039046902542596 0.39979820047421749 0.62013106988942335 0.11252378013422952 0.8378423493750895 0.14251666121737 0.45990669204909856 0.30432381567807282 0.58763606091033893 0.67868209135537794
0.4592774906530252 0.33808713143542096 0.22684100045977879 0.84834059098454373 0.16290167335341893 0.95147548244141134 0.75820766855862209 0.50139208245042222 0.82821570250956555 0.12627479116256829 0.93298912047514937 0.80250694059960537 0.80041346396916824 0.21382809360293281 0.54779701539303516 0.64804010374199039 0.92151942977460033 0.99191192230284553 0.90725124104030708 0.20109698337744614 0.9117779224205429 0.12267080086205666 0.84330917273372041 0.020991727214465229 0.59798985784213832 0.50488557477274221 0.45764522453758444 0.24625566581784381 0.87588126244144426 0.93428104175186755
0.7102392838603766 0.22287866393929417 0.81142620952044986 0.29511352888087988 0.73395404915027629 0.48605156744696448 0.75330879281408791 0.48596575000352132 0.73826007087035395 0.21452488648661788 0.051771313063122923 0.76938221195418255 0.74446975977983731 0.61798103796672554 0.11033509734655116 0.3722434694124323 0.43612235437681662 0.95541644864346742 0.81839504466117352 0.057900052523713372 0.25862938210452507 0.96955027448375541 0.50726884142170003 0.48523342242455575 0.23362603742310467 0.63692467647868523 0.18119447928900251 0.35781795546314216 0.24234117456140364 0.74005516500999147
0.21974169717341646 0.70162588810317539 0.01714415298177956 0.26508235063501068 0.10973003806481955 0.85369766259475377 0.17755328274563492 0.59000437291473395 0.30750869348419602 0.43117730098627211 0.24189053872992511 0.10854088489497564 0.0936655933433828 0.98815593509535571 0.24456891863470515 0.21902513027479359 0.45814052062433869 0.91663661577353883 0.61478882510013144 0.97303630900003046 0.0080047574437214671 0.94631980068328347 0.38281294277184869 0.40950909868997337 0.43605370673467719 0.37381284144630839 0.88205566872737262 0.41997511300059981 0.359723250653122 0.93532208242117831
0.3873744174333445 0.93730804863246597 0.30093475928485908 0.36931560198274099 0.0081600822061433272 0.58073028574783325 0.75327767736218842 0.80483477735842379 0.54353634677659735 0.70913599139489469 0.022741793006838585 0.26557662525066367 0.69017757774099309 0.98399380195990793 0.52976822272878143 0.17463059003490505 0.53098582768592106 0.98818980266660839 0.37473694807887498 0.45558916356675666 0.34337492645520012 0.119793821174547 0.77992988191013535 0.44097035569121362 0.78021660609420873 0.21530382036454182 0.90509705885608327 0.46982018071680404 0.92568131309536339 0.86113289909178026
0.3616531565472047 0.73557902485277149 0.5459337038089217 0.00038778667538057475 0.47125581207486927 0.070315229286484301 0.73989633796474263 0.34003235854643249 0.050646184605229891 0.96845343551125052 0.33707794751799686 0.91633997239176679 0.6764895108742095 0.84001059361587094 0.63351925512058238 0.54621471987167725 0.45249249390174523 0.65926964636117558 0.45752486201693904 0.3300492557884272 0.4034522218658852 0.58100436252217469 0.70541800081116246 0.86760359277817267 0.23907685482162816 0.41083840961413026 0.38886666706706813 0.97082318080524732 0.51726229114034827 0.20697159497758238
0.93467678139818455 0.038296704696448677 0.017682868267569641 0.65339069673496952 0.7955291718474945 0.19029586452742991 0.3134670887471161 0.70467135519599011 0.13582737737542455 0.18054520284882597 0.34259674397843703 0.28369180629131091 0.39986855989284892 0.57137406470644758 0.87942533077957696 0.85706797125984846 0.91005215516559435 0.52285189477744831 0.7850676428251333 0.77261943447854264 0.39593262709311933 0.94421427768246058 0.64789009662884911 0.20270010622162832 0.88900541930970767 0.31190959736241203 0.4248310274335842 0.79997642813404068 0.79039711367742638 0.57018267839460657
0.27538614258582889 0.51624754819272578 0.2514518075702778 0.96043774723844433 0.92629132270648851 0.88664653252257997 0.16541187317268463 0.41034966155079883 0.73350681005349239 0.6625283657100649 0.90293139750107687 0.80536394012583501 0.13110840770762316 0.12591597255263737 0.080800866859252848 0.69732885624861285 0.64353881928238021 0.3102225942746128 0.53753832413250069 0.59889088472371821 0.86432215807723867 0.69936554203875456 0.72573809723381888 0.65800183732086259 0.2294844080627067 0.74721251559560553 0.17746215436560081 0.55651375643917977 0.094281251779136419 0.025041733114886822
0.57175194997979317 0.95541729345378545 0.33166687843523129 0.82227796859920865 0.09502919240723566 0.27013501884085783 0.89134659608849465 0.12764737082203242 0.15867730809567043 0.54000234128685676 0.32777537592071831 0.53316028467027687 0.1608354882635859 0.056505196856227832 0.29391606425541045 0.042867930139084673 0.76126207050468042 0.39745893483741807 0.52945708630000943 0.69888128756124446 0.80551862589334955 0.57551254140020647 0.19363384129749311 0.96160160813397244 0.47619635523702569 0.80995478925136999 0.92171215814517038 0.44659794072269848 0.67508025523186699 0.46859445201974542
0.005387992729725277 0.013413574160220088 0.49627988959729535 0.37543275581342256 0.1075451299921371 0.63210429790352507 0.99157651746537778 0.41411018514751258 0.95191504636067414 0.99804205540163715 0.64778861230060714 0.59450241184660979 0.18658507573534561 0.54638210700114531 0.846417370087586 0.90045398171489732 0.21568240210235162 0.6243130870156266 0.96071875010443541 0.46488950242522747 0.064823843648560794 0.67405196536152578 0.56019636764148728 0.28998410574801109 0.54572145421809803 0.076876095633858707 0.097092679975328597 0.41708955500624328 0.80745672994743012 0.80420131802447614
0.53895764943108737 0.45173898955236341 0.65627079086546436 0.78147117585588644 0.29401394481907245 0.60533864647023361 0.66686470835097333 0.038074390734528937 0.88532037914927564 0.56092760774274397 0.16761513807480816 0.17688154413363816 0.78539140205036417 0.87655131694901145 0.93537939508197054 0.88819622808249499 0.63519557792112391 0.84167392364607141 0.42523415955040716 0.031853878733359695 0.29257751481477151 0.37681526608777344 0.33160473084542558 0.55998761456635093 0.76318279818449819 0.36628350488010469 0.36477343815839564 0.15934420487955675 0.51612302238252783 0.91348351291743257
0.47986231178307209 0.71785767617220242 0.066218513168577006 0.49343749108100837 0.31966992004023048 0.77870510482242739 0.69117666889229046 0.45204635345264804 0.92099732003318135 0.34874328820642103 0.70023094081915638 0.033294391263439069 0.98273548953252743 0.54033578087696577 0.95045861266021603 0.86271930037878886 0.22905040339435007 0.48770640156982409 0.92102224061248272 0.40842663577636212 0.49977395873575375 0.76117773985129522 0.83215908542461736 0.97741323504817268 0.61853577054746001 0.05174774847088974 0.30652554983579722 0.48140628772353172 0.53354777603064996 0.30221385511521198
0.010146554116162099 0.93652281246118108 0.96245533813662654 0.7133124331150057 0.72639261445759318 0.01696174131904753 0.6824582988068959 0.88010218755112346 0.88237673780607895 0.35546195516205031 0.55669631886046556 0.28151113210303108 0.013495021107422445 0.3780914833620464 0.35681192452428639 0.76512529897055137 0.00017735508928911069 0.26076100345574599 0.99598570578864942 0.64893695597691925 0.033671600953156619 0.14956468293238817 0.21618473396467125 0.5108629512105215 0.26706124927737823 0.15661412609906394 0.15390147701862417 0.52869003385890267 0.72233731707235294 0.7933624588547038
0.57661792661619415 0.50819753840384341 0.16244869996514227 0.203369321112784 0.60228668657462248 0.43057220480830888 0.35768708348658601 0.57288030401274126 0.23864488657897104 0.96969253760309981 0.93865634741342074 0.75895776662337766 0.66396178620988455 0.10661462608645238 0.34064506210409468 0.55457654797184508 0.56065277077752007 0.001899387005517994 0.80789307432547264 0.20418629132636373 0.5256237674430031 0.50467165581623419 0.89787521474748444 0.10415150768248231 0.65296550535483266 0.5489250250337554 0.23396805322970754 0.055305320774981889 0.36755557602551753 0.15158703752569341
0.58389545497856643 0.84445250143772121 0.96802995178502782 0.97671832999913577 0.15123954990787331 0.19424707795429991 0.91464252789863654 0.26524891000989698 0.11049616400295052 0.89629304176670599 0.072306856424247987 0.25337608388103133 0.78811023341498876 0.40138961684182789 0.69144813886847878 0.12622136451468097 0.30584034750279515 0.33110760933108269 0.11317155648619341 0.23877321068200447 0.31872793318535225 0.66878219946527961 0.53683751946441671 0.39999833482318264 0.50411035021577633 0.48692270247251085 0.080137282388125938 0.32035269977251052 0.97290370981025964 0.74578474624077529
0.36192285388762652 0.78582255257638611 0.74699797501031306 0.303748445916243 0.8300197834064712 0.44803527551625483 0.64836681800474971 0.74587851381085313 0.60861829579698268 0.68285476007384061 0.66126954869643961 0.52914548707526743 0.066461636229435392 0.19262007205014237 0.86641438270477089 0.79641578389076073 0.22627789920794322 0.28828570297536887 0.61322552776675066 0.041145984800971022 0.99791962453899152 0.091908880450307692 0.60038288189136768 0.86988884975088576 0.35166580805688624 0.82022277634202012 0.03170252548507306 0.53266402085007247 0.98000148381467533 0.9038397580887565
0.94964597499069481 0.43889502564529009 0.45056217257764536 0.1125392173533442 0.79735836426300277 0.13910395725605723 0.32616298192759346 0.39483339053708938 0.95049028621014953 0.15376330399698795 0.51498310951306336 0.24072435303117196 0.4930934676329794 0.022911526820743423 0.87756013565250934 0.030819318644246186 0.86595401581353237 0.24658546072364723 0.42505880672783541 0.17114300877209582 0.95755855305091087 0.24784382231038343 0.39190288088060615 0.30069964526370191 0.88898022698471535 0.27563906454534942 0.42226934139787958 0.64597770193762649 0.035347443278416033 0.35584955063933882
0.23496472312564304 0.78825645420429602 0.98477972914787892 0.5489658247335687 0.48649697935320874 0.43942802192794578 0.30889278836494166 0.27536590858431192 0.80236557019811905 0.48508782416633162 0.38704688503128909 0.10083374951369932 0.84235272420081209 0.45803545994536826 0.34982683704024414 0.60503488276014583 0.53982241804804421 0.45545522970672153 0.82402313418441131 0.22230831335138185 0.87616262566743697 0.45657863085227696 0.84586646033545376 0.73247031468462553 0.01636789073384597 0.40656310043513239 0.099808730196909431 0.22076877078338158 0.6678926811105057 0.44607179382964096
0.52387621180936073 0.5793244926773683 0.24946177373929262 0.90597108497425805 0.76001946683744093 0.22205463349057536 0.055502235370992567 0.96004162339013099 0.66189088926534978 0.14420645417292816 0.43069577813245935 0.59427416271191802 0.29825086735667211 0.34922323363081093 0.37995762794050997 0.29770679241607317 0.091668087927359185 0.18408211606868835 0.39946053755821515 0.9185116881638441 0.63877454601130546 0.21692945975903372 0.221845334406019 0.63287471054355082 0.5394743764746559 0.84533268819751994 0.52821909563929548 0.93729987196315867 0.70752143364870601 0.06161540196595687
0.88593604457662833 0.33234845953246689 0.97327779749481769 0.19349377169097698 0.25157297993350586 0.53957971473232746 0.99500520802568648 0.86944515744758677 0.63269550589452817 0.7897083103070357 0.065063389011356151 0.43672803475553729 0.87287140951189812 0.75407341650984649 0.13992302413768704 0.96978594761388859 0.36922353660843416 0.89497743260390306 0.59749196843734398 0.73576222250007073 0.23069861080281001 0.1061154451804233 0.42261328501822343 0.28749980360845667 0.7101443442760591 0.22966233802467845 0.28436035754098937 0.68931896286553795 0.64927449243456992 0.31772443503431674
0.40334804964057253 0.78073064686237759 0.32204196789759038 0.61251412643622483 0.59757416409642505 0.96962751162477701 0.22613372850839869 0.89845455522926942 0.62393294665569166 0.29324356653837796 0.89197124117442639 0.95741930122669761 0.0090452889259786014 0.23374874596914114 0.89417003681114704 0.58367150959704639 0.42427461042209041 0.41549167753146904 0.33056877263669643 0.74710513899404662 0.034222993022153855 0.64380959979535179 0.15650330769359583 0.99237046614327395 0.087129952573055044 0.44662179974108057 0.49416499275970044 0.19421807594870771 0.68726974804672358 0.29709447658333504
0.95900884797950159 0.27573771359185545 0.38829337590495722 0.073262425159190833 0.11234534747291107 0.31590339865996125 0.65881220891131653 0.67851158052357896 0.35956251956938173 0.40017598687851436 0.70168079099684 0.15508180901027552 0.35025534959796895 0.96078014538845391 0.2158438522023835 0.40911158799364483 0.77201476798986901 0.82945967736820303 0.4883747968238123 0.61754620189728682 0.75528726972283344 0.98178085183156716 0.37020797573780512 0.71703374866525504 0.43920611638770263 0.63020095322631631 0.6555160045510372 0.4396314514110698 0.27787760432113756 0.18064322598381471
0.83979926676336747 0.71078142303826475 0.99607441513116235 0.87990826951491541 0.94747619801274363 0.1888372740840592 0.16592544707093232 0.90693148945096647 0.87774920380094068 0.87148505248116936 0.36813016579822316 0.26952900571076471 0.16544823390277325 0.9121046626192606 0.23847277165283848 0.86569500069807559 0.046703749361379152 0.69958572721005896 0.16853466384382193 0.10394175208323168 0.67594120123755141 0.60507338065238214 0.095809633789237833 0.20523511260688904 0.45559254380944908 0.57389456007997308 0.88102963825281844 0.51662544470466187 0.37275000582004386 0.083339130724147378
0.72198098221966145 0.83412545257664128 0.19915061872664314 0.98794948452209841 0.2997629538640087 0.75962524258990716 0.51515356174057358 0.024165131589650769 0.35823442224875218 0.2965594156709957 0.3681390675080311 0.58407899810023844 0.8719729859990899 0.23069169743607482 0.36381231488174998 0.9807754023958849 0.7249421098817237 0.25588324207479668 0.014387638546873239 0.098643595198012288 0.7038740245816244 0.51454164603286967 0.5825379992439601 0.75013351830044928 0.97080155434712789 0.34705062011254767 0.019375421204377564 0.69031470173735299 0.10207185557283087 0.42097740789758192
0.91504849603561889 0.5506704109665802 0.051781449591229475 0.61047024887537849 0.48921933148520397 0.76997146592033472 0.41312885060326338 0.33338406997107689 0.36509865910523881 0.097405223653560011 0.94808391755221755 0.29726272147382843 0.84809296920725719 0.25283365063172653 0.19519116715297774 0.078906558015323355 0.40712946682034384 0.25308126786914559 0.85427437851474619 0.63958372314492251 0.11152329858195391 0.80138549015685601 0.81427280972285432 0.34882447326453475 0.059472031468759276 0.78274119352997784 0.15040238832204073 0.83858570579345715 0.36767199482285579 0.54175078764015616
0.38298497944730731 0.53230205139928988 0.40941245781775953 0.7925071369154667 0.30833042159182295 0.88405137326966476 0.14736899894357108 0.85885450338840608 0.30725086991721312 0.19174529048889527 0.3898254510149744 0.49516318647270913 0.2132758315181959 0.031780401436920111 0.54446956247679124 0.49182606652218758 0.35516204318990646 0.89921694211709657 0.47232699380333326 0.40356378832232603 0.52601018507091646 0.28351838126698553 0.76918072804589122 0.92583176214276985 0.17650378071102485 0.84666780424445287 0.84515925287561433 0.078241143978636171 0.96112714409019084 0.68166525879659778
0.4310401287878714 0.57516147098456272 0.46345308804792046 0.8235297724611117 0.01026674070378757 0.56614877825829013 0.9903819631142774 0.31209588301806229 0.0021113237427635044 0.80029146949569985 0.72200076657952594 0.83433140552793239 0.60579201020274887 0.65517643984793661 0.79320621993308005 0.62886409368469309 0.88549989230298132 0.66345486737449966 0.84119950903270557 0.95054570260432047 0.062142347087109903 0.39743425889537093 0.12166918470648118 0.63639589439628019 0.25695695059287554 0.63811527438433568 0.4545899231903488 0.15115764949550964 0.5881964271421054 0.90203918141229111
0.4024485328115362 0.48380233770355591 0.33216886618471658 0.80757048706376644 0.71290568420084333 0.63925044194792424 0.75421629399375467 0.49020614159139581 0.16101091930183559 0.18723042077074142 0.90986447650713442 0.34993046605439887 0.0071887426869502889 0.77803590761088992 0.12906898018149587 0.30988101208964097 0.44956677566681741 0.4064835170359738 0.34693774137283001 0.99509059553331158 0.98434631753858992 0.27512733482098622 0.50549846063822035 0.25632824406599602 0.89946541806915636 0.37616937499628839 0.86230958403288449 0.54175277004396005 0.13116622749850609 0.78460403598405892
0.74725198916965851 0.23618234049963499 0.98625807026744794 0.12956214052730258 0.4613913886814161 0.76162750019167735 0.86839784219678395 0.33717729658953993 0.69293997596927193 0.092182013650011149 0.40053809911425814 0.16403958042344663 0.41638373704573034 0.63890091489568102 0.87300535001316959 0.5742919669396529 0.43499039914079723 0.53025894715058253 0.52471974158759094 0.55026518834140803 0.77333301045740321 0.80755628884213049 0.75718679388625432 0.80945865709785358 0.37708856495374449 0.55232810455160364 0.24143490353940616 0.50374530459853994 0.36152314273183445 0.33925549011702566
0.70036327025970446 0.48270324471115117 0.65689471646293662 0.60891489371349372 0.27752330168366984 0.74238515723968834 0.19307954743427375 0.50813979155149858 0.6369617538445328 0.87419315847679813 0.47491179861368732 0.47512882778318338 0.097389892153483079 0.15092460199609686 0.79933767765664543 0.12139823138946497 0.1620416885964881 0.30200027164737281 0.87556635299595886 0.67284292498677989 0.28640439170029469 0.0093241777769325525 0.53198313348839876 0.89276408572522947 0.80417053949052675 0.58791448016831394 0.4377164041280503 0.88090652696056471 0.14861215530595212 0.96736209949499785
0.31420620762110246 0.62330927961318872 0.28930611288518299 0.47448611546998959 0.71846482813492474 0.5084312998105327 0.90637073084254072 0.13377751482710371 0.49053136614479514 0.11534146878350564 0.49004644734743025 0.60539028356754321 0.433392878717418 0.40074687668802905 0.29803600070034081 0.33124963732724905 0.51613034796461865 0.67697605153083695 0.37625189867924641 0.27040450171727132 0.69226090758277292 0.89031577513229498 0.27942439542331615 0.12046919692671691 0.38317267025085694 0.69752674954004545 0.62952685400569464 0.058773207940033198 0.46537451346721642 0.34707646145870458
0.97372348468895542 0.86314650669310888 0.19927146697090897 0.75088661014998093 0.2219681500718354 0.97412922943235136 0.052572899531070624 0.81156602166696146 0.62047259124691123 0.74420361818674552 0.11096814570315298 0.39275134859083088 0.95599620961831488 0.17005609971416863 0.96022195407001176 0.68708136705814349 0.76185016985110854 0.46227687413684754 0.19210982977292607 0.57450022181956317 0.41749245301754395 0.47192509528171173 0.35556953947279996 0.66238532770764424 0.95940218654016929 0.67787458370770681 0.3150495635331621 0.96394123205521265 0.26442288931826669 0.73610626156846393
0.33542911225634903 0.48356855523783798 0.77166715979453582 0.63064186083311946 0.44206250883204828 0.53037652509422961 0.99052345236607442 0.31569029601750148 0.724143017434424 0.59444150172859789 0.74634066546337918 0.33865084515567251 0.095488011871237496 0.84044677820644731 0.52477719808644141 0.065684207288458848 0.41814844101377796 0.91557696332740812 0.96531197341923525 0.63505078180053531 0.76628885073744113 0.11752911566582051 0.015504116048214712 0.10847262415534835 0.44666608686035764 0.098258433917728968 0.33730709390406549 0.8599327246387759 0.24524081303073236 0.75276852325265387
0.57909767836314074 0.71558313554786868 0.38848522915736677 0.17179933242093742 0.019784712007511685 0.050365292428415184 0.7436893289294616 0.98362220590040439 0.14069410345499572 0.029457646853700382 0.07098986180903126 0.90000849052697673 0.32150701742757942 0.63915257949437332 0.20720575717602657 0.59274866087669964 0.73148606547825334 0.53752974895692762 0.41408650909650507 0.1661629665868854 0.15320306628615549 0.35615985470393802 0.92637778046893915 0.92986184329739596 0.78022680745791273 0.26233687329765071 0.90748191961631031 0.64937037537253273 0.23385584307947688 0.67663986680538979
0.67101376053453266 0.93239150733814113 0.85575196570830125 0.70420196476407482 0.94518914967425427 0.15729687779119567 0.48494553608024277 0.65184341394819623 0.79398227348132755 0.51936110675135949 0.97495311715875266 0.45493280864893032 0.064566641101943031 0.64677235355523865 0.78296133354183606 0.47450689525127748 0.19327918195107202 0.39205554148275518 0.05423177967565844 0.39152178990037162 0.26278103018163096 0.85463894970851684 0.59926264735046286 0.44484667380233883 0.54325268277007144 0.82190428069530141 0.41000159407255482 0.05805151350482278 0.57206747124935531 0.94596586046770048
0.35659044758303932 0.71030024020356175 0.48653141867702304 0.077034400739887696 0.0017410582020397803 0.13466082055026135 0.20669548422898848 0.88482160899010298 0.87730994434598208 0.62093727785104169 0.31863184366999303 0.067691825340504705 0.45811784907959058 0.54885354475367765 0.55913803630829673 0.32358023539253139 0.81648782103417161 0.9221779378197088 0.39689110236648745 0.66213356529009038 0.92306700430433219 0.43779985835441287 0.2387111060937786 0.42381306239901412 0.98026589189719737 0.23521179581784585 0.79738404214848924 0.18354008898475088 0.085716122741468045 0.59284158593566949
0.17872853175716158 0.051167568477532385 0.087464969149741265 0.81208741318987954 0.54786412441016907 0.44842316729399562 0.24692263667903341 0.039412956443726596 0.87300787992969342 0.36629250497390514 0.64925457773749307 0.15486900040584634 0.084339807209146064 0.29872930543369364 0.079250476771442299 0.95155805273823901 0.77874283410264367 0.074603011285087659 0.36735386545112275 0.80111269078168923 0.79819033087923297 0.26345315901984995 0.3060367966973972 0.34418042504570373 0.87901162080999118 0.28101856526533647 0.16266306345657117 0.87351977882422283 0.75988845160778029 0.14023399822863253
0.0065625581793582908 0.29354774109125975 0.30248142356929147 0.95204638714167977 0.9553895238815352 0.96700036985344862 0.93681246949857278 0.84900009790179287 0.027856503661591137 0.50055794029398737 0.72414938142879648 0.85317725291029667 0.76242623002587306 0.36652040871546471 0.75929036404198968 0.49595778136689067 0.66090086528498582 0.43125921798604022 0.92385165258808621 0.51480105875490689 0.77781284295458852 0.90802694339704881 0.47542709721517934 0.92824464619341163 0.071162221718426497 0.50880817458095062 0.97919984961888773 0.88808532760447767 0.66084746534299621 0.46937611176831956
0.18822258502976802 0.29138732142318785 0.12217496643689123 0.57877928827026781 0.091032655067747978 0.50746481991202663 0.98762501457066199 0.77715707769221187 0.6248065551007862 0.90420878374638392 0.63103385364533815 0.48379275574482922 0.039572500658537166 0.44816701101654871 0.63757419927276526 0.51218179786928919 0.2530272763482348 0.76686682920144889 0.93198534561201363 0.04846435167689693 0.12031196376553326 0.12071987557869206 0.6510271323237522 0.76944094101560911 0.85937403921651667 0.12299150803565499 0.36864249922060771 0.081571102103438695 0.6164371949733316 0.8800197299059177
0.41631307527913425 0.83870317822495222 0.32947567736942901 0.42227875276544663 0.80473838025263289 0.92595325344076052 0.46309589896604403 0.99571788755572788 0.082759558692080668 0.65330651914873006 0.96096377913399533 0.56413960828198062 0.48411407252930921 0.49234856679314781 0.48574634906752795 0.41791921725654507 0.83184374511735149 0.2364701228298815 0.62851940281615182 0.41061431715997404 0.53624208556157349 0.99184875231917213 0.70474305624265354 0.7005076051337169 0.67144192372244393 0.47942203234286179 0.55369030698853616 0.17573017953440734 0.70731448997552082 0.49192860286943668
0.99954822339443883 0.10638737330547558 0.62751041302377875 0.63564951914568002 0.6063842088846515 0.079146809224609191 0.57805530031044006 0.24509044034980337 0.3169768219497951 0.0048341846625348682 0.05551182415019644 0.79687968338595228 0.19132528226847317 0.35682592708815247 0.42442715532287228 0.10881029345559017 0.60404495542058934 0.26954452020250991 0.10709623783032955 0.77107446440376304 0.66513570650489495 0.33353909011656696 0.99025709755757674 0.4311333613882749 0.011237345427782364 0.82139380279398122 0.77523756193334747 0.54368900193008851 0.9406413292870156 0.93491999359257738
0.61961063832523178 0.56544135405440821 0.060527776715147794 0.77546427511979843 0.31007654389008105 0.77783838818519646 0.70227155876009317 0.69695429320065982 0.29550915280024731 0.55771589330941118 0.45855226246406861 0.55593287022893245 0.032830239886958143 0.34127625569929382 0.3077780471356602 0.37509839726216415 0.26838344564731459 0.55783441697726377 0.39424203089199755 0.21832462257963442 0.10832183136953392 0.91176125525089113 0.5319465854987635 0.90226068408289617 0.53176926777456346 0.72209747985806794 0.88500388789966777 0.23854763576692545 0.33594797478581501 0.75257192258912464
0.032576017126512744 0.79108741104039548 0.95863611642403934 0.1895333564301051 0.57229334511106034 0.40427908129783491 0.36715449825297913 0.69786009894546075 0.34934854395464338 0.15282114817643827 0.10520160010436645 0.068858433370595759 0.096952786490069817 0.8783182733204572 0.36847599022694949 0.26525576536192225 0.82720355115215705 0.36906411039012493 0.57094139110292075 0.1720563987610077 0.62654825271127845 0.63261372183906994 0.83208746924134347 0.59456546671556731 0.67066252308395657 0.7454690007278838 0.27188059163407013 0.27661597221265216 0.82955143329189884 0.25845548878665797
0.97175464382964993 0.38331774006248526 0.7606259752004928 0.1450701619273071 0.029205608102534964 0.66494451346958416 0.3131942583140323 0.5875827113234191 0.40488964769651842 0.58398273769384934 0.33595236909229836 0.14438335115941642 0.61809137833121142 0.4230301263091148 0.92444605545972025 0.75336129876443814 0.8799438533972721 0.71402429669312006 0.6521442170915922 0.65518406645669214 0.073589480180491093 0.31062272132802399 0.41817466633334216 0.12833888816145828 0.32828301144197608 0.1511619064703647 0.9655278537477926 0.4058827591554543 0.44784972016431696 0.78167074964116268
0.10708397472187763 0.06838218536481315 0.9607944799791287 0.20247278850972178 0.268439692354906 0.19668023940853857 0.85359129155760893 0.25118831614861176 0.73460706472446924 0.45787803845203962 0.010844236019283238 0.71621579540300284 0.21790816005718111 0.14053456055260399 0.7603641072502535 0.56200417335108821 0.46306819442385766 0.47456928113895486 0.74846327252415568 0.21631349671598127 0.40916015336810213 0.27653913011364323 0.27499143434963519 0.93488315433374314 0.85927899998791235 0.67838375935051864 0.22640926821762092 0.57689299925815607 0.19899425458994485 0.35134645347991772
