8.7428286293900133 18.95675022166516 2.7335624759325947 0.42287741647968424 2.4765772486387747 5.3387645270101105 16.299814858029116 1.7438793141162288 18.473744555100133 2.661160244998003 2.5114600758023728 0.92254644854276791 9.2468148849884777 17.008919047176619 6.0236989256146787 15.476048176295823 5.0665503744133735 16.908912360427109 13.977288184721381 18.3064422936732 16.604182596448226 19.684247785412786 18.901002332548714 11.557175158014656 13.798507209027038 2.3454209226459586 9.9216542175005937 16.97502322936797 11.403240806846117 11.520070551642164
12.782413621186492 19.035763286694657 0.67035248962526384 8.8711609868436145 12.312378098181759 16.760594764135266 19.413210533531927 2.742975140867959 8.2142055661120637 3.6173212947116524 16.415304414030519 4.3576219094253741 1.7521410992441355 11.620046122134731 13.224834851147675 2.0607527914959705 4.9920689822446427 13.878210562528757 2.7463014629622737 3.4271838104966692 5.5009819867991743 1.2646198554478612 2.9635507918359689 6.252659361002463 10.216410016206952 8.7593372176255428 12.716406977950411 13.575225766078496 12.068306177374774 13.698605992873251
12.810490861329573 10.609374054193854 14.932224590885985 16.472262437999685 11.830218436841099 9.3949442264319458 3.7086422993270767 1.3210347765131967 8.796593314474217 17.573944130221808 5.3479557687594621 18.661208381672598 16.212675804601286 12.167603858498509 4.5891726718233423 19.013552555653739 16.082614961408016 16.440161599758873 13.940374289492006 15.516168572195459 3.0908014263455779 8.0363330487283786 19.131809805855514 13.259683941493854 16.126455338811699 6.2870087854011505 8.7014520305208869 17.763775916200785 14.965194890709496 19.062145933685112
5.5216568012362197 9.0647111499563024 16.999664245883 18.669824425511557 1.1853876630794069 8.7848604139629263 8.6399597703523039 20.040106858339499 3.3096055863386717 5.8692376192897244 3.8376199018089885 14.884290106326217 7.3082054662475713 14.709128373715508 11.570803709053175 16.661254577752452 4.2187423239145181 13.311224222317815 6.8076671134008855 10.213106076977093 4.6750317552213474 3.6734619412729419 15.544612727811939 5.3229454139530565 1.5708227734095606 10.223767718818843 7.0140696767759367 2.7157285496833872 15.772608019910917 4.567122209659745
1.9158958446331138 19.749064914628192 9.4136652621707047 19.875305215374727 12.62861167959738 16.923099911801355 5.8994784488570744 14.137398087930489 11.780961039096939 10.11237102315738 18.327408749206086 18.120155688183118 7.9589690753396827 9.0740315408572094 3.6352928295985758 8.6835392376432239 4.5875080148290488 15.15171187180955 9.9027206660012794 1.3626795395734159 2.0805111161296272 3.921649870434178 15.205951255115538 2.6739256100363509 12.532240354444109 12.0913241041393 18.299699918062608 0.56290726664150281 4.5118896718433792 19.671744621267155
2.9849246670250884 7.3596367290403162 18.64501702949676 16.030186014106164 6.9922570715022525 6.2675520186806066 8.8720720923485228 19.386264515269723 7.7951895264510993 5.7781904872964187 2.1473594104099045 4.5067440704480575 5.7960988346802376 6.6355835535048318 7.5518625982546466 3.5027458324941856 4.3485998378718023 12.280636414136373 10.06460312929763 16.865568890939524 12.542050003870507 3.9358265960261036 17.804646512308477 19.957597185527138 14.033160005678068 10.255653598502962 12.571720715536747 18.548045193524178 1.6794082051025114 13.765602310980034
5.1074067144625799 8.8608790868775262 10.86968139426612 16.793743818315146 11.231052569701918 17.501805971561396 0.39852723674501744 19.43322200327966 0.527812503794026 11.181092062143925 2.6096075656415083 2.5666547027359901 11.189489063575341 7.4701531772830219 0.89387693398113122 1.1874762984984875 1.7711943976148179 14.872932400978932 15.91008712078736 17.478171392611305 19.355941455690107 15.697742672923017 14.089701850585271 3.7061332306509263 6.4300471548062141 15.677335894787422 3.1979178097154346 15.149751611377578 7.4285038561635899 3.4871159299964392
14.440899163508837 12.833705824296306 10.058527348199473 8.2706428953995577 15.297241091914708 9.3559080708423288 7.1928358875579725 11.823010885587939 12.292555637739792 7.2829710992820509 15.979393469266805 8.5257185940287474 18.844787336089396 6.0319480945190316 11.160700850789189 14.788920406977658 12.120297780287741 6.4742151795970511 7.4074972596472239 10.277126940081917 3.6024814951386328 8.4528768906420613 3.3403365567179453 3.6704631614800465 11.684386868107435 0.22384001641683177 15.654469843610022 17.854109504357925 5.4917360695743627 4.9475869307173914
12.824068805141764 1.31072415599393 17.024894049356554 6.5177547973504248 15.605950004572396 7.275459215203969 18.056657433970432 4.6161920956293327 14.295267421593403 16.001985824867084 11.823137355987521 2.495845205502472 7.4023220280823194 6.8229031125620851 7.9443142031821443 12.878039208953034 9.3877367336508772 7.6732500380870157 2.6859334188040993 13.029704739863007 15.564498233991355 7.8286642214661155 10.061679824441969 12.638450416515333 2.8801073084884217 6.1343669870246975 12.604102284942501 13.028674476434647 9.0159519445953116 13.033295987707584
10.922941060224314 0.36066847220471132 19.944226334950809 13.160914765291132 4.2776502881530956 4.5856286900343832 7.8718039856197795 12.697950807289754 17.881235955202921 5.0430537438496401 15.086603335200566 7.304338056771865 0.94889676962129332 2.781537970245628 12.380393682315331 18.487440130443122 9.7723563623030643 2.7815190010938382 7.3370149980661923 4.0907484361724791 7.0099882950896033 10.473044804422436 3.3219398960892246 18.913520464064938 16.692132637257433 18.249127672158536 10.513090650638189 0.51339483427158417 1.1245813650070944 8.8076089989085755
10.97238358617053 4.2077155283738907 3.2166783322380574 15.146423199269055 9.951326505797363 15.231342025036838 12.673398771097844 4.5615760027532595 14.650956708687504 19.528194530960338 13.681210986205555 10.66612992719995 14.664465677434817 6.9674720873170406 5.8718708723280431 3.4859639322414813 10.663180541370522 18.89112076094553 1.7636219212520352 19.87030866316675 18.247815467403449 6.2529552100014127 6.2024325559344904 16.866742266335169 17.640890529195033 2.3370764543944764 10.015026450586085 4.3400191581120815 0.39227707601135009 19.4545519967036
5.2566254073607608 13.364956979927964 11.928653504338225 17.638187351923882 0.88676505050420884 0.52069293441269515 13.698905095460869 10.179613363747675 15.881786780151215 3.0278199424698373 18.373822049533299 18.422105281553844 5.7743104443853701 14.800438003936742 7.5987931191710665 3.0092473200468541 16.239445717944523 0.71643247614940098 2.3342317891396656 8.0748188975246098 4.5605640290442508 4.5173617457338109 19.44859881283136 6.0836959259358316 4.767417283189018 15.04085160218677 5.6679845419763462 1.9894899038093414 0.46329725499182217 14.048773548445283
18.706882846575862 6.7936551179129463 11.126285567064262 19.955567701284295 6.3881324239170185 11.083294454330796 5.1720980949879589 17.296738538858687 0.97539649728014166 13.712008338040674 16.08426930986559 6.5508279623909917 8.5197055772479917 15.424965490318053 6.4055970389076693 4.7552310381822194 12.462894374224675 14.634993428003639 10.91780514917089 7.8730931283367802 2.3590324564907297 5.60516247366456 14.594020492846306 9.8755923978292337 14.260953027723881 1.5653057193886442 0.91683185379418186 6.1044975547674261 1.7928682057446024 19.232599722462883
9.8192630950957582 1.8948553303629283 13.625653761982392 14.518913822389409 13.822719338551529 16.294926821695032 12.208063236684856 2.0389332271461758 12.319432006816649 10.954653374554013 14.935762451553448 18.057525841018009 7.1454619683135236 10.910442808265554 13.808643183420466 1.9633202386820716 14.313905149763041 14.684452976330769 10.396661444207563 6.37118433848699 11.803466478877079 10.789104025135963 12.398563625524426 18.896214347029897 19.195176393533892 5.1538067423992535 6.8970623051015094 3.1588721245113662 0.89286366266089834 14.038064410879626
17.253245986796411 18.292178324830264 18.878881134595719 13.422031339109541 18.737490127449323 3.1005543034488618 1.7385519351817118 5.2220692560329249 7.6703224611905787 17.585113564598956 7.8784563819126969 8.1541369161508719 1.2321924105033553 3.9013589439932308 15.73075231747598 7.5209555977265428 8.5200788163542605 4.135799077751499 12.004258453487308 8.1044434495309812 13.846125514924742 16.926250226103036 5.5929248775398914 2.2195602744015224 19.84364713531679 9.8206984568385831 14.233547350575973 9.578858970934073 14.641267930754944 9.3198870684583905
7.8093906473061248 6.8501189900203086 4.5202629188091681 6.4450317492801785 12.101883371999646 9.6106341037414964 17.238883704831583 8.1648438273908948 16.367364266693514 16.087418783647056 5.028927778215551 19.860411378771236 10.052353681290644 10.376286622806392 14.280790004162601 12.581369384335542 18.589808595707929 7.4446747500929353 9.0268745897551419 12.647233685975953 12.106168988298551 2.3053117681017419 5.9308037617714877 3.1327132905495954 18.840565982613846 2.0852204678308839 16.877813571723411 6.7668663028860481 6.4957689317689624 18.032887121642755
4.5909980373148827 15.520747094967138 16.892570159922293 4.4688965355720844 4.52277362016767 11.812579650486089 14.701910489627608 3.1054335616123421 2.3813588727725068 8.9731617469885183 6.2095452042714836 15.892296415336329 4.1785278425310919 1.1993329330337266 3.6000460298136749 5.1068043380351513 5.5949671247841701 6.2213856024786285 14.182661406144081 6.8754168155960951 7.551180154770222 12.596595317599645 10.989253843129866 19.278198793138998 3.5262042631471919 4.7893478512550551 12.525462131017514 16.041519799748475 20.25703149752777 16.018192256130849
2.9267175003259718 1.8802705244501126 8.4526611296332579 18.144616263953679 14.925126859100182 13.783800984045323 13.468916975648192 17.122964585025031 9.2179082597606996 3.5575557396713045 8.5462584419240102 4.565623412148593 9.0348509583990086 9.7626842058295242 12.070196783566127 3.7290913839918236 11.99684993372899 11.86310232943204 18.894506929420427 13.497779719228918 3.8488505304470397 5.1286293698597376 8.4456975957356537 1.2277082744976417 13.532378512969515 11.135615698127681 1.2901795159753524 6.519639834609988 15.703682438603613 3.8860520873048507
9.8601424561853257 9.8378675191161911 9.4580657209624857 6.8811388338999553 3.6568125114301391 12.670457280049067 4.1956146279671254 11.457396078232751 9.758834358754525 1.4911498621302881 10.423447208273721 0.48880162106666358 14.883663869910377 13.009900546030648 4.7818394968573621 12.610043744034147 5.2493291120611723 7.7334244033165538 2.0356986823627858 14.13400195580722 3.4559006559219752 17.087930615899296 13.252275966582491 17.796316962090046 19.503392683694429 15.587385552146554 8.6553871861612492 16.944718953055595 9.4686975950175007 1.0685249515801154
7.6319120978297166 20.355677794988907 8.8992086105494259 18.685383404091393 15.236212112689554 5.8545748338636754 4.4177162377928649 4.0829962879921213 1.4369893010975274 2.2446399144994751 7.5513202995839617 7.3856996838402269 18.621261085892286 16.809319195541633 3.0900728364605152 18.285548565649719 18.470894455885368 0.65380950714776032 1.2577511665851815 13.884420519302859 15.949661907227282 9.3186068151511812 15.963890388849631 16.211826430683615 8.9444739651993537 8.0710191264348179 2.9643377183733057 9.5633761639717711 12.523591014190874 11.217622941746052
