0.83825450366639476 0.5047675483206594 0.9288788313279922 0.63514435779473488 0.47911646230084642 0.9754226224040613 0.69514880145298641 0.37835662529756958 0.93554973202739877 0.54493503725330017
0.81259092906397512 0.34792950907309644 0.21500093644396073 0.4630315290610813 0.53171829692775441 0.13565493278671154 0.94027958784330656 0.17301342395420921 0.33206539861382584 0.35965058134148958
0.87400974336797699 0.43112005625440036 0.38722710369169661 0.0098822252863531197 0.34932627829537571 0.43458349643343258 0.60594990429083495 0.47252952390214659 0.30989548817883755 0.58260171222558499
0.91695652508268688 0.35197379317775107 0.94699818294093352 0.79026882759524386 0.14715466883531964 0.68469203486309504 0.62025612982224287 0.83898861953009607 0.65134453743753495 0.2510171650396566
0.47303172273160371 0.80083235089439964 0.62766479567775402 0.17479986068601522 0.57771454660570587 0.15622947848551388 0.75512200686024356 0.67222616316143791 0.79448902542178257 0.63069169027352567
0.66177035643990978 0.66341007890707659 0.6326723541159468 0.18368379150045727 0.6241308744723143 0.43043301935539607 0.34990333095324372 0.73865887138384512 0.24746067871985639 0.95957045209841041
0.33350826146877849 0.88311387189317747 0.3800145528294116 0.91772777549629247 0.17129277680502947 0.69724757525378278 0.15123622940049991 0.47286222042101106 0.84778014318728923 0.55879607916731044
0.86579477934453197 0.30104511930736272 0.8364776324786608 0.23199159162520239 0.26167132656683151 0.004791680786916541 0.62089955514576556 0.53184547092814138 0.055619327739401966 0.7406194883308771
0.04463498636061318 0.81705595888452753 0.47639415569739624 0.4902584567731943 0.9614089953659829 0.88250499173144636 0.98202450781286321 0.96882482895979793 0.24364697333891133 0.98679022650661896
0.0016516281664330946 0.62553983120092327 0.79379554673150721 0.73396968944478846 0.33842195679565307 0.33433461586288232 0.7511563378526992 0.7180245117406141 0.5467627699450005 0.33039797098536244
0.54257119069272242 0.97428309349858255 0.66399467572720305 0.080834276187111184 0.84594598063508908 0.10929876830196321 0.68461178918568499 0.9244993406630535 0.91955735694181151 0.9772928148990887
0.68453078086440322 0.92185425732700021 0.82389832298354604 0.27794438321565346 0.58786387688154551 0.22528439092786928 0.77770435292943862 0.41000596548282137 0.49986346228769901 0.97800350417708493
0.96772721526121186 0.73392981989954309 0.93965512890172642 0.69763016484463669 0.87111618641800215 0.69720105304069213 0.80820182343444658 0.69872135768220256 0.1774577951645307 0.0068156726471477079
0.47877717403408365 0.34082686499441678 0.28886029733885626 0.93897087776382937 0.546773523913481 0.90121967925756963 0.18345875209621382 0.83668266455041873 0.74968389804767199 0.60876521201464628
0.35901444857245141 0.68557134416216792 0.36336128022644992 0.47120858212170896 0.76470239158127129 0.79763191707619185 0.97333926187703368 0.71043128297979075 0.090151291784196605 0.042934236215643004
0.31870055324303576 0.085424953741795748 0.25037768509297015 0.3647578298619823 0.20718257618398533 0.73724843569118248 0.58470368154832852 0.17530002899632907 0.35299848236662362 0.81435891591731402
0.5311498757857146 0.65997839791851809 0.64580047578798638 0.13390288075558404 0.31813220637485479 0.44938732543248155 0.71813175981147193 0.10462998493540691 0.54634912297239446 0.02808106607532317
0.48887946941607169 0.47640765812737568 0.63710843499282599 0.87255465352960038 0.67723981689090684 0.54429952940272619 0.98046507152200157 0.41905387362928542 0.81986798941218286 0.28100146738800075
0.4215745480393554 0.12413509956660411 0.22028852220106904 0.13114734545270029 0.82575521884515979 0.84855643429658567 0.5942373298514092 0.91198682492427163 0.39892074980007391 0.26058040539105082
0.69631710765219057 0.01158816778320575 0.59044272119299601 0.073181714833488717 0.6395504379149145 0.65002160795564445 0.98849111023138614 0.98016055380039813 0.2482061752930142 0.42016501838213355
