58.329859047039818
69.191792254403722
77.219221681359741
5.421275100332001
86.026220476707763
26.006867867720061
61.439511370014884
12.776495963845797
52.131460505829288
55.943275251148805
39.325855399174777
20.881120059597837
16.81040142043377
52.142770491374229
71.212999486976088
69.014523286175077
6.6162084570548023
67.296058181787032
22.093286115568564
40.230049579946851
81.736952646021791
69.016636688271376
68.386679084260294
50.707774115199818
20.090878657851288
82.832648056620911
8.7592233303768907
21.600377963964153
15.621066739857724
80.72542288720642
76.854647109466001
17.78000976221335
23.01968660771352
69.400452902034061
56.106166479245644
68.788164709142933
12.117471461143484
64.898210599820089
13.390684974008217
11.422445034940546
88.938920801356943
46.224421727043413
6.3537533103088286
58.703108943345498
83.924430055928042
32.187060509125772
11.412915449229013
65.84586238043326
35.567463869012222
76.405200275721242
75.55083425902059
26.820908453329725
65.102239828535176
61.231081421693425
77.96104360831724
68.084611367415903
11.963504011095297
51.087885001479357
58.524265203217709
23.308164603315113
67.960541285643004
10.2281637784097
22.64217638894808
3.2465111499807207
57.886251199611259
58.142251439729677
71.186418727811656
54.56198930167195
19.45317230389567
47.980779779186228
99.438672148290195
85.755997077864649
63.427374864774052
10.0231644522355
8.7929693814945367
81.918046005482665
97.686903592670248
35.653823360478661
66.012311464055927
7.437981134548294
2.1698665672269448
52.885700307462564
35.025925732190764
56.216918391091582
76.982856458517745
17.713919989859463
45.987429209229447
28.240780061060569
6.2625538519728297
61.460420151405209
51.928828466385468
26.428023423283996
81.833003034357958
16.653622740241556
88.734779809673057
6.1176946037750737
73.669916077629111
15.136213132960416
8.9028107362758355
92.754127877675344
