36.748602419022774 87.381532462576374 44.234078870892489 66.862808799966359 38.380659559209782 33.545420883414401 57.360292968279552 46.291581700100508 44.77881481517602 99.426549916459351
5.0611471482566071 68.908154684166831 80.807298337763086 47.968505179028412 72.556847455392543 73.719572282012621 53.595852398778675 95.099329539056242 8.4913601956164619 38.374655121615213
23.986939876530471 30.598837714847399 72.446005511378232 87.035594662206975 90.985938740532831 85.071082166769457 5.4922593172115493 85.539345327025245 66.001143848595959 72.317299461912455
96.170591793328441 42.6827907304056 87.510935602810861 9.4383565775094098 39.68191975678689 68.263475192457278 38.066498835802165 49.257596332806592 45.628642330107589 11.96830203158588
72.772363145724341 23.614336598692713 78.035185521923793 62.087893302518054 63.07647898434675 12.48365992258541 7.2535173538086166 98.929477465203746 78.135207917641509 58.8050497559828
64.995138955432864 73.698799251441926 46.609227645495217 55.648989644252879 39.764553688146279 8.4422479729633046 89.472238892930406 33.106130992547058 40.548977441019389 64.033962305023366
63.102434227477467 97.732857709198811 4.1008871036058032 97.634169401507791 63.465975459786861 25.282299789506187 62.756734587966911 8.9091827380629187 45.97843067406933 4.7047826005940303
25.500042716775024 38.07416064641405 66.483890967898063 81.989036711459619 72.557682117576817 90.266387503549126 84.575505944320767 39.978992936506693 91.472642317570376 71.40862457200457
77.435536448364545 3.7290657790558925 10.517833105669979 83.780941191563343 30.989826555712614 44.651513094465862 74.902776908200849 63.040833450389798 68.564468183830755 60.173133266484179
57.4078977133858 83.248342613424313 60.432285759171627 66.83487566124596 89.775263757776969 11.449869217622849 24.254794786095925 42.825531208603174 84.330966713159413 70.621739469407899
24.726463784554287 66.158322021924576 44.218952154570253 7.8161516301418157 10.66563205203094 73.618695772502846 5.6195034123555985 78.104648939281432 11.380977893669888 85.185029649574602
75.861181074242893 24.107818441431817 79.782716758465924 93.515004939115741 50.316342607836368 15.430372592070526 10.741070438462913 75.61450270802699 49.394441078219678 64.890682866547735
29.078426451968564 30.943969302900456 47.649758726636804 46.837621457237063 91.391753456502315 4.338994633408003 91.916618942532139 76.506252844079597 87.064005847533792 49.036098313839325
19.20877519725374 95.698190852113399 67.255892765323736 35.969213809376207 92.763047844194475 16.139305115186538 60.569701069561638 4.8163916219157406 5.3019267045048251 44.910707243446659
22.747428247826345 59.714333616214361 98.233551287902046 49.034994586591537 98.642683865898334 26.267796130413348 71.215827733109563 19.883459382190608 64.71565804762993 72.824972614328175
47.962912858965282 72.298302090862336 51.918926464132433 97.869510906750662 13.626048020807296 65.107606416167769 80.297705512221157 90.545316850529517 6.3745805039102033 59.768428643737039
41.547034061416454 18.414468831739281 64.41916670296132 84.096947916098671 20.566260278894401 36.532212741157622 77.161769452672942 84.003628508039426 85.736464612417564 25.902538262920203
25.874980238516905 67.393906598189872 89.086859239602063 41.466871420212939 71.197386752132942 54.283987885489218 29.253322902934649 37.391713566668166 74.144798239098748 46.140661523950385
30.228148929250967 48.260948478197776 82.976360733233832 75.976599385608608 58.204981836791283 0.32068220962011273 29.474556506352322 45.519962423234844 43.912961769254416 56.54090486285051
80.008846898806553 91.128321674823724 83.686525051249916 52.382123303477236 43.71687978849166 98.668569596702227 4.3464741767643709 15.044514219746151 67.320492556717099 70.600770873215623
67.187344833392629 1.1146080359849779 73.914545971627462 34.253234664431147 38.158508062065586 29.53823608165246 57.786880032184975 85.24482180071638 87.376174516766852 17.299306175681263
78.049187392218101 58.708694866592239 51.1300333826563 21.247498860100407 14.010510743499166 21.284902336740092 89.706913155924482 68.736835115529388 90.24780066878624 4.0141424155918299
76.729260120981323 94.705331221198108 69.20446885977708 2.2532445466939679 11.317412058237162 3.4030625952871518 26.943268574062579 85.680670385501315 94.921842237137994 72.223999640656174
30.526495222965227 55.563520733924122 19.988687674444915 32.970400662042927 5.6545649083731977 67.170315006337788 76.67865071257394 77.163145699969746 18.641284938062075 47.222766417615027
91.898454617616636 85.992027581257176 4.4166498431447652 22.970575185928958 17.920586638516031 28.006456450510875 50.808043197824674 26.637830191293148 80.506056284259827 56.370739835646702
7.9456603431076624 70.204269758108367 87.967481306875356 100.7382673751208 53.883582529790026 76.91634410648463 59.029586643535431 27.2090997808811 78.462679016135553 86.966245057078893
18.79105352740887 57.620159281676898 4.4958319402395075 38.726780283186365 33.077911221498276 17.420571771047417 90.183879065990851 6.4306800260506991 72.330210359372984 0.1044740951655343
40.50335903675434 59.079610570815589 18.898409692678261 14.424574200437721 18.802153570265308 61.435439619351328 4.921526597554851 27.95305312950757 51.709966783367918 76.942413246494567
74.130473832815213 5.3999964690435514 23.058654321244745 96.821098831995315 53.886362527468044 16.229208468111906 25.523485932878824 59.364659765331218 4.7087048314129589 44.681675803431276
80.850367941247541 18.497746294283431 35.740259958416061 82.289481935823687 48.230997151700876 32.260745665601689 2.6864855523775866 74.460047998142855 42.697318668369071 2.1738016040452379
91.640769731754276 92.543433130901562 80.932022365962453 9.2264168760583036 71.520600613565534 53.9797963588017 88.825565288107569 73.265094534386591 83.998688964566668 78.679320248675182
43.557252002569804 19.027909061295396 26.872482831307217 56.939717831345426 60.827444391563525 95.644809514316094 36.60417706074314 18.239339016438478 41.973301448298891 39.801343834080456
64.48191005284265 55.061632618293679 12.058500388512526 4.0845002110529336 63.301481125183066 99.674079327308931 93.679830356011493 34.334670763373097 60.595966253566367 88.819029120782261
96.194273072751614 24.747323031287479 14.636318587175621 90.213507120383952 2.1879887144625201 61.247859188853369 82.58410996716789 73.877123707478731 46.154868740995198 57.259630325545324
9.9225565022561781 17.663981309709591 92.089317875583347 20.270242260315758 36.753304249055432 53.182612744496979 93.587795156966365 89.259169349685834 31.814575237997605 60.247778903352447
59.885179004278925 15.253821594322698 95.750831247061925 40.424847941484636 51.294233980934564 42.044662257067458 31.720936572039165 54.036719582516866 75.975438698276221 78.55675507441488
24.746903555081751 66.998212389773087 6.5939051556149142 49.803279824397521 57.022265370000824 20.483661840272909 42.830411602024135 39.582810782482518 20.84814062435591 78.447912090150751
62.36304621812684 96.758805114553212 28.020988904989444 51.649232507687593 47.966914079424363 71.357357216339153 96.912567058727717 9.8247068438942087 16.691553411197077 6.2342131226810515
64.162430605330385 27.590648443850526 45.61054270313079 84.990500103651499 38.917867870690536 19.89995837333894 17.461135403680789 67.227943570175498 60.715154510052734 49.149574073013923
80.895824358666729 42.760549890626891 55.510234288703174 9.7847423753179932 2.1652530721004304 87.719645304948529 47.726372509916708 15.439652928676967 85.978080515074609 57.866961986990418
40.941566262428502 2.9956203808001018 61.573021255248179 70.687634432125705 10.851062609294745 87.401444298782408 89.175839482339441 18.359362322677722 18.814304158340327 89.847208886730797
82.856853767490804 61.867737376156448 21.165469511180646 2.8603086117182976 41.949425098197793 53.043431937171682 29.24541674692076 74.631028347761102 90.378196807594577 22.283652769392553
41.97186134561926 64.929857959565965 68.276802657159877 44.510115561812107 14.976200991319661 14.879916768078953 36.403384451983285 23.889758470276146 1.4496792963990233 9.8385124301568361
11.018278486729054 15.965910115665011 97.798328254074846 70.561607276952913 61.202064197492589 2.3524861042280509 80.343047968311012 28.41848262367704 23.089994886242909 12.128424072704751
34.906410609933353 3.9800760906859396 3.4037216955889078 86.505848150929424 45.868975777151455 85.075660737744471 33.438513723883837 84.330162212985229 68.683694623447622 23.671784459472214
2.215986250900408 85.056075427782119 35.373467874357864 51.811290199558179 71.615806342524152 41.978125792440132 64.462786759786056 74.244345621592132 19.348109483172841 75.677952910242979
52.389667483069907 64.045931173135301 24.437102964381559 17.23839682399559 5.4773258703238294 93.084958522835947 88.970627142507809 81.876140364334745 57.439016890573384 95.725510001276561
30.331423177823002 83.509102532645599 69.854996570187012 40.734143937920599 87.026232379181323 71.763010206696578 39.323953677804603 96.920667041076456 28.054426726739699 12.148984317397035
17.852260065915342 99.424920910940983 83.043718483361033 49.456212265036278 94.994865424036192 63.926877805321652 1.9746954363723619 59.007370548126538 27.825676667996571 52.417746127106945
20.525994001797148 36.62518668345853 11.244477801811662 59.270777212657222 34.891224346073017 58.999556125780138 38.518968565248166 76.108106672099709 57.182104481704435 36.005082438350115
0.38686927841013352 58.633491386422889 58.068373844909004 61.439039509312565 55.354381953959653 45.542585254673398 74.828537277081239 96.199174784398124 54.703065979303666 99.1192912333902
89.901206269398898 41.141862011980621 10.110308960180163 52.522745887723097 89.091548404379751 57.271159703625635 65.239602507585076 56.278471740346909 34.119437080195063 70.592117724899765
29.88688668930785 33.773402142780959 57.597745411432669 47.081131543192285 37.842631091696305 17.651180046971476 19.048601983289444 99.212640440710814 22.790881983332216 32.266482521577117
96.768726538033476 55.93590206040647 30.912883134780426 72.679005369139446 80.516673599745317 57.997648078793056 40.462470250570121 52.269277403200668 54.194414868677349 13.225611535307827
46.456296220781063 44.499972603075285 71.793934481549442 75.776172825655095 50.638045884471886 14.062183672107288 8.7165337829508793 15.953819295419956 57.436703435360997 68.120413674012426
99.779288722494513 39.941214743327222 53.562733038426082 90.51866975125489 31.921222163853802 73.590041261040781 28.75992642337857 34.282292574063547 24.199234594367631 50.138044090351116
74.419696454359141 86.174219216069702 13.407802244648984 73.202884830301883 74.096322606680815 66.863938406283879 20.322960161899093 24.562979499335551 17.06320543551865 83.18152797556202
3.5615543208669691 76.911720266133926 8.5906930441986198 80.73137761833938 85.109048552480914 75.827689306800991 90.526944666428037 42.016752659529182 29.585820447921023 86.629945874235204
46.430817174598516 28.94644016670625 83.564766067246268 6.1466332474781682 53.260153155887501 42.498113424036255 5.1102421917161287 97.134985096623467 93.679834103837933 42.207365570080235
16.168867933957813 44.300920787020466 64.967290910121761 47.741237689901375 43.91482345346958 15.813830486343244 33.861963522064606 42.29004527894255 43.192525842919501 26.086946781390836
21.843493832151697 91.439522250608931 95.984858365604552 63.377051909906307 64.206681699992586 86.978558863848292 80.663102201572002 11.500634821672108 62.406772297651926 40.054836224908335
84.319491043611123 31.426272566959458 97.265504415295709 57.805034708929668 55.592808939828906 48.957137303097866 47.4228451807138 23.682006945913731 39.445642567500116 93.687053220606387
5.7811902653520741 8.9270641869664598 44.277947017701891 32.984897929984236 44.537726529531028 35.804905390177247 33.825020750823448 91.533860306566581 8.7777408973841755 29.375302705377347
73.213663427930712 22.64417329547377 13.139283819828272 37.860371197217113 38.405302461872267 24.523560020080858 52.004908296267047 16.895044921998895 60.997770390744925 66.486653065328241
61.039288495018397 39.349179179551285 9.3190762087665355 79.570116184545455 60.01377015090852 72.989439784299037 15.159041131030394 30.401480288663617 18.012866099811315 8.4868166633575033
38.015416776607196 2.1910615718791981 23.319862644646012 81.009089725797367 11.503216951852185 23.748366310521433 84.416583422242525 99.517183628849452 99.400624107941397 14.395570494433036
23.716582460022284 39.7469935856737 70.203356832792849 42.663977044009123 94.511201458255783 45.075732499659253 73.132346168352768 88.600535000275357 79.271805949721966 13.471720910705891
40.621370848267787 46.963081962176219 3.0667582953084107 56.441380000989319 68.590939457175466 71.890150953719086 91.493681462076992 65.146745720885832 80.826131149465226 39.995998546922621
30.060810752593593 74.162724460425025 61.930711963077265 73.452147330045705 51.444009077746614 25.029310624448499 12.74374228719563 66.178185114122982 9.8959315214840959 10.284064238856487
47.503528065071727 25.941419148262774 17.993988327733984 2.7092961118941634 13.29795766857691 57.223737111766788 42.915570830742674 52.461847328647131 35.444736229371621 80.085512655869749
97.562370930665978 52.722941649266538 88.248238712020054 90.686797004906552 81.26988226109755 89.133079639130642 8.6125605695470533 57.15742295388668 80.766986151113827 64.077796004334445
66.724324674462537 41.790720532433355 83.167168624542484 39.895036490460846 27.097758258936665 8.1436184539048568 72.36924923814955 18.815461270332431 99.683687755999316 51.253941765886289
57.433438457635333 58.670806921787232 65.347315795075943 65.725534690886079 25.470029631228172 31.590178344648297 92.440779142720061 59.012177361622825 19.084675293206868 88.121341913579911
41.825687004668367 60.203935050138782 4.0149573301483841 99.829745135138552 66.006742542685458 96.550552314515912 26.365471243621723 74.605870204278787 47.279427309129794 49.968612096176848
50.011398662384096 18.426276982162012 33.839548426565969 0.61092636080077978 91.538390567398423 55.103780014405288 84.131928088582683 2.3044854408942665 100.52024885181288 95.287796629098111
82.121621026794401 36.721209392177087 70.042766544989007 33.088678351153405 6.8853994675607977 81.052777262635303 20.995539067405105 49.650480124585478 37.0131135896019 78.958683571121583
30.81021705671769 52.58071965659385 22.368845612453022 46.144930591263588 32.512402691936941 75.726445716366172 38.567526033465818 95.426696359351396 2.0022841891395342 98.28268864406607
33.209809557504826 31.34916850919782 92.322811643296077 3.6295008847614176 91.145263781235442 40.839352724684979 96.811184009280865 8.1621667932333803 1.0590082809041355 47.101000617391342
3.1314589193291127 63.857568068767648 75.429802566549128 14.841065387987886 67.271012917066685 10.758278327459612 25.891639544634682 78.127997749314503 96.188049220629637 48.941099167515176
61.027119082669657 77.620487235653016 31.568363605606386 74.668944580078886 18.779071934168137 75.606847205139218 42.418124714126151 24.157141681393295 11.394684552650693 25.545465787283398
76.986749249030794 0.53056667876413854 56.834378246340755 55.797577856529344 30.887084748260857 18.450550579602194 74.760660526613833 61.956123441698992 91.57745366120902 19.21188750948707
68.479467753248514 57.530714872393482 25.423240315904103 37.762480193332181 30.976434706733937 95.638195620956267 40.387659082322429 87.030874341604957 33.154323740085644 42.273920159561413
46.857914493934246 53.006046216495207 26.628193630859602 13.737409656596416 70.807518245630533 35.606677211742095 94.062255718709991 12.006599394024793 44.103693246266857 51.180686643569508
64.726708634762645 54.941194398738546 82.413199264164646 75.238736724578089 42.480162551082202 99.363741669072809 64.752443815244845 55.915348385223098 91.002856280813546 29.943430223927631
89.430723117654139 69.506725701217633 55.126409540866767 0.96027270458115277 72.715515088708344 84.482649618608406 40.692731147273491 37.944759866163622 4.4839433129380835 85.71644901944795
69.364225485754986 89.988852117300539 37.221473663725313 29.262442267487593 54.932664560690661 28.704619709908467 95.61228653152088 32.388416741982915 55.77930269544639 10.051620241427928
46.03213778932728 61.222986362215174 30.078462313328853 15.975368102108762 88.1667019567289 85.477967033428541 63.057805511534298 32.228866168849926 87.461884623923567 25.708123585676457
71.382819564261922 1.3934604052423849 88.148118500823557 85.377431771813491 29.79566017432823 60.971862144674795 98.657251534069758 73.185953842627569 63.117622473828433 82.677499090228864
3.0924888753015907 40.749252352764472 14.150191066683512 84.214910226125994 53.437546741240375 83.550236045945169 65.662194178650097 10.695016473825033 27.092240172227097 24.623198432948652
99.271433239870362 33.130787648302679 10.652446849577577 56.645858237000247 40.400167822706159 47.054528314956066 13.638540048624506 68.592598663506891 6.5346468866329532 27.550826639930772
41.042785367682143 1.5878682261885029 22.663779994106196 53.282599691510754 64.407085636772067 87.24447835840553 29.115277479702058 65.83944850002112 69.407191762055788 54.781604799470564
85.147418651842187 84.862748082021341 25.398495832087455 32.628694552524379 81.09323949640094 55.596859936539062 23.663970605434315 30.610875493175495 17.08444151193169 39.431944937537445
5.6056613690405532 10.466212865219067 2.2396668734956213 32.515296330716303 6.8520670295923383 23.405348951003095 91.150951726775133 25.404092799905047 49.009028152448415 70.783068018174475
59.789567842310852 6.7867314891482318 78.312559611096987 48.562992637147197 45.267257902247557 47.988881420222327 97.874515392282802 69.210994067448297 73.58684988311488 9.5195240675362651
23.779402126204968 68.864243946490163 92.716533325716128 79.907894384200233 81.759905755070534 18.723162642180586 53.108033624219729 8.3443826058198489 30.945213001374768 9.0543033053249449
27.27432456187762 30.311431957516611 96.878269110364329 65.680036151792933 61.699631403303556 73.945768736657996 87.348762563019875 43.467542203332954 58.393232488854991 82.570118338854215
61.61167242130702 81.623057017061612 49.026115169946131 80.127878419065354 67.424432610833733 60.29557682121667 67.790492125933554 23.709002231619856 99.146301051363437 79.943084535761344
41.819819916918497 36.678148194048816 50.727628064650752 66.099343714937945 10.913423840268994 72.459592578156787 73.578268704905511 97.102916104105319 76.313609525949204 97.529358663881268
5.6119162600702497 92.337843933074254 82.497755939109709 59.435997932644703 70.730657213646296 18.991621899072754 90.229224147517385 14.622496926047209 50.868521229113099 24.605085440414044
41.899892593231229 58.453120270251368 81.037516095940518 62.500966953286593 31.703775350180312 0.72600422889828486 57.968413323689816 3.8067582085376124 98.753655530291013 38.025434622701674
