44.291327935088169 47.904158002336338 56.754164421736874 99.282198960976899 74.022631642750341 22.003897565084948 57.278914026256587 72.26397712306229 71.697467753696984 36.505009492796994 83.220770204581996 33.66020263293958 99.146331139345037 19.218570653151154 63.777814635703329 61.488651525706494 32.577136553166866 3.5371449854273593 49.714786246463667 42.925092280349702 76.484876981061731 52.696989474914496 74.074998081239912 42.37727319981245 53.534284887925949 54.928873245803409 92.951319438477952 49.118231930480221 30.093910462678132 76.340049713867842
84.154147895748935 42.574024632299803 88.056420342374935 16.926815038080179 15.525463822592453 92.660694969184405 48.819684683121849 80.731551142044793 86.615710902024887 79.617685385796591 38.560904917007619 8.8311849129440105 76.092329654562107 91.18951144130105 52.564745121483547 85.291482898488411 24.627610243027938 92.820337317426493 16.920612983597692 68.691362346887473 57.974775356101361 41.516995825705642 25.368656481678169 55.172708247227447 18.110640163636347 28.458312112088041 95.898667699758221 7.9015591040453828 4.5527884291917982 9.3831368748140811
61.44046086380073 59.648119268063638 91.276787814972209 82.637770904435854 45.302332388503345 8.2871642318458498 12.027434423496679 43.664184464137925 72.164770393251061 13.814919887100647 42.289210777396775 30.862374932105112 35.455113442650529 81.842367732872987 87.653659564398041 29.146607624994019 98.551860588275332 29.950449757988899 77.347377529791075 70.632708010994747 47.668556808916023 89.985071540689347 30.973283032972958 98.058111748851374 77.435173406223242 6.9570315808698142 16.10394714497702 57.858070844680462 63.744962643587122 54.160481173738539
92.754749561042203 3.0720982662840659 9.0070048387392649 56.212509623985532 99.620269444628136 24.878860247616831 33.871624494407627 99.853657599596829 48.401721743829555 26.206710760416836 26.973443620935406 5.1395861381179033 12.594360546932236 89.924075420436026 38.395361020513043 67.542420488742266 69.484531674572381 91.161763238632375 39.948080366578715 73.839907077602788 59.624457339140456 68.104240934068841 88.613652345176106 62.415114105450456 71.674407540316025 78.164188811940804 51.319270905268354 55.692151550034829 97.88124358548697 38.023759637949944
17.290778412893339 48.656510880134682 19.754778063396536 89.660269798774706 15.443367292158054 25.322112997526947 42.78428925412787 61.262994126415158 46.213542233727935 48.971676587416709 12.128993776017131 58.990305334758467 81.13364167725571 29.09521376752317 7.2352636160152288 89.259220307777127 95.418230327949786 19.812306531280207 3.6205312795222557 11.582236984897502 61.09551200497102 27.379951609473711 50.53298275759937 97.814411409475937 34.375573605886409 17.766220431416407 46.705538676231832 29.831156699327259 33.839076077748963 55.45797489356525
53.720784850903236 22.099472786127276 28.095914020195909 66.740941823907733 95.314292991480883 33.155660889245993 94.31004065059571 67.251357996655798 50.224387132190934 31.898826893813034 69.456007281708153 1.2065281029165917 7.237237431618488 70.188027234148009 87.565409309221806 26.390342170082132 11.263861186859486 23.958766838046035 95.87315010969543 51.938300244785381 12.36763387402992 81.899526719264415 19.967098525890915 47.488147882590447 60.841478832312902 99.358750289108116 6.1795246847569301 85.204267803689888 49.11825975207136 17.404734014510211
41.855425409002052 85.286677258696074 78.646568317836625 35.090908016845397 41.890067984386107 28.692295321137145 54.078691281116285 24.943004407175223 41.107250407066914 62.211751747740848 10.631944258457942 95.766874609441132 46.401821172746111 13.779710827980956 97.829863515396454 97.83555613487826 82.170074832705211 74.827699307593292 70.994553558346169 18.678875695036652 37.852190589138687 16.081925215356268 12.363746069427455 68.038021694608418 25.470242539591574 71.029522713034154 99.113300413638569 60.105750191419951 99.589539641513596 34.677567820829644
84.039821858978442 85.584819344445435 90.26882916247115 51.573042719430184 80.832798670122969 94.578685864684246 54.065881241159694 56.821711962868662 6.3154386840928485 10.924946558047449 3.1111023705451979 47.809082782904717 25.79329382832714 73.087124905186954 63.926510202528732 2.6140885195843166 56.175679396733138 20.617004163764413 52.696059669265061 71.249717609573622 69.69977909749359 8.7019376809881077 99.39797844431169 30.077070879576244 5.0725871444149568 3.2786423041888542 95.291297372030527 67.343789941507382 47.162722694948485 46.645536491793429
89.390902801303397 16.62474712847861 35.697745475883124 50.54887996202217 23.764551682620557 8.7719796557613581 82.819020910628424 80.859788092294735 49.040187745354558 26.73557275690726 35.576581422842523 5.4560236806839111 3.513655317544198 54.08958228916817 18.37772862540584 89.99182348071011 25.701345896019546 16.538195308820054 5.822837809467984 31.004114525840279 12.243195118319873 23.285304944797783 97.03724129466319 61.642687886615235 46.089183841124942 1.7468009363019754 76.202862177964377 63.340366907382709 18.045335484732071 87.946488285218194
45.789453284636203 47.169192122666281 77.876919689489725 15.183003070028251 78.65079029041506 3.5255973893227717 36.077238874800784 38.99335031519432 68.920028549161273 69.776410600040194 70.52944404754551 77.74572997881215 5.0184222366687896 8.0836317636620141 70.066669656106257 17.477721344167513 83.722967576031252 91.49432337007012 36.731568716769303 73.210953820432991 50.898649705485788 72.775731573940021 44.43530294570828 65.764251147249894 91.332176018078798 49.99132665650454 62.12410158582604 72.278725221031664 99.982411726298679 5.0989378267060417
95.441259008152088 64.205425449965048 89.914225936678235 57.263119885565423 41.600478547008208 20.21578982136008 23.188725364252555 95.383790646654532 17.267281629731826 57.651156021249896 86.226729099560771 49.669120933607722 52.378427578066592 93.478070134862207 38.168532415049008 77.94747079038352 28.80305992948027 64.941849991639302 80.001586231733754 3.5869107821901021 13.977901041246882 98.180990962924469 20.5210875449078 95.091151496991287 62.348118668830196 95.73878004289277 37.977005677212269 25.888229349790322 98.696291167645114 1.8056718442076183
88.754158382535365 5.0751441897604783 66.995939538314019 30.290299779307084 20.178268663576031 29.3886068872742 9.6807178519266674 33.569826682921054 20.762076680347764 60.49683672772062 87.898268962660609 8.993014036296584 96.350396087831172 84.299338890585275 50.745528053176585 78.558544676216599 4.0608290208534772 60.347057223088015 65.050596530015113 69.29491072068393 38.356442585382645 47.045262240950251 61.408044889371254 58.551469129926311 62.792363837803485 39.936606771257566 33.917703205815023 94.199360332076992 82.679585121169708 0.61278302534745444
75.584652932786597 57.13571069147924 53.373886254866882 36.15013122870856 45.118395512734686 21.51148369630463 27.200699458298736 74.377843551537111 49.722505142459546 5.2790677926729215 9.3777573147294717 22.042451294479154 43.749585706244922 22.165266796759706 62.335760683574534 60.09716190908064 14.073124338578372 44.674786476195685 34.986756976209776 8.502124783599033 42.886985829731252 5.3020016585813226 20.122219178876268 45.611031859473279 48.608563187717159 54.490552118471939 32.337833208144517 63.90366136960219 54.586902150852218 60.042423211499553
44.977118768793233 44.177533613677504 87.908759749522972 59.205293332786404 81.550368007162064 88.268499049194858 25.904056013834225 71.545172919126543 11.909047074838824 87.675150732588477 58.122938301732141 43.639277199592357 9.746131162987405 87.793628395216004 73.410423109847954 76.234178712164507 28.162153872659143 45.739752970877618 7.2393781435527664 93.28402840814104 61.930350332055148 85.658870092399667 7.0862456515697474 58.209167921792137 36.299960695182065 48.342634145806073 39.666228823472423 3.672821034113829 79.231481987004358 85.205775149889718
98.534656202453533 26.002819314579636 80.111217961738433 34.869179932775012 41.131676725229006 55.693146559794158 42.165256114934884 89.618826897419126 66.15103956882821 22.778281551656018 80.304790828881153 74.829454320702567 96.084176215746609 52.111385374219637 97.217251844153125 27.762399275534793 30.94806112844558 97.480606564428072 38.97931850908067 58.664072515404193 75.974109789598458 46.149886488428116 23.402832604831755 82.851577849420877 74.019470448259526 57.948736956485732 0.834294658454241 26.518602552428749 58.355586325067982 43.967999281073247
21.362706553118155 61.74806336441597 78.834285519854689 49.748325177528727 73.011833725300576 39.048899233403006 86.582357806921891 67.83266255093497 0.70410347219095781 48.138456139314414 12.393121072003192 90.135738293443978 8.5225550064764111 57.387283622742046 35.210152010582505 3.0121052274314097 31.811708582404691 90.611768138132433 72.268208823119878 96.682349555211545 77.698338862139721 7.717602885066059 18.430465604235273 94.522857287031627 26.289381579965948 54.909740052106116 13.473319579005011 29.372583300298878 24.793308028411769 60.438558115125552
87.148863594973307 49.970186563637924 20.683059219898066 30.746882216340548 64.397488305549302 98.845745460759005 80.98853164846723 80.778487856354559 7.4143669396989118 60.981451624636108 24.790478634598646 10.33607044093217 81.995755936121043 0.56383584203222403 70.829377538893056 30.920855733333674 63.206712679299962 68.999060733809074 61.766661457516868 58.49961601136021 23.013411983899559 41.95563340395401 21.44922557160465 81.571912983046204 0.79460764502513515 4.4415938621832032 30.1001835904617 43.999617073718632 78.816684692005026 17.686018003825474
44.978128996323235 16.843922109807568 18.289174502646961 55.464359591567316 41.428995596621441 23.965761754761523 20.692746658249732 25.212825366639162 64.039457408300791 44.298620602260222 99.237098132129958 66.94651981542539 68.910204424688445 49.402826631611305 80.567084499217117 69.104805273178911 48.152693962275578 40.278820578996729 13.814947323295195 40.471436385251273 18.79301432830281 91.71526752813574 98.656267443802051 12.604292506481679 16.729344288436749 48.598389969595772 87.959585416085758 70.633071574293524 45.738260659088134 5.4032700984114435
46.25126306981582 79.749772281162137 90.566686944852805 71.250091460333238 51.892165743062009 45.637040430762461 67.624831698267002 58.329090416122213 26.818918044017867 44.42974505457093 13.786395856670776 13.694953272573207 32.106961860653328 62.063475630696118 59.568675862733819 83.780880488352295 53.622944624426076 19.558441947542956 96.470368862517475 32.301231960741298 41.157421787991844 83.299943908387817 4.0632130696943873 68.307996244242617 13.143224062724501 66.379484274609737 70.390875099515313 64.783653967262836 74.626219044874972 91.268047565911957
2.735955730509616 11.980374916233746 12.451940110224593 0.77114846703720341 14.40070921940627 24.832327435182766 17.303189222299796 50.637639086358014 25.973112071695653 42.212663390082007 28.002231165522531 63.563635724869613 54.093421460521768 55.401602388791126 43.27717738570032 95.938467720001015 87.414162258273961 26.856795223509071 11.586968001858882 8.637562343786243 43.215712369343755 92.047926929371044 22.276830658506324 95.29331086105185 34.957991367816028 97.256001583367834 64.055780598563643 90.95593220974628 28.886716424362632 0.9566621145782892
33.790290554837455 90.008284404304774 53.17741156607395 97.487710302867796 77.399974653981886 1.631520383194748 10.614984806031714 78.086294870886675 73.533502927682363 23.344325215798943 0.27298960594904814 26.626402293926564 28.666971810523876 93.164572121979319 90.549994942715273 68.538086778440018 58.402383761672716 3.4568540152189722 8.5547460898019718 77.348412680760475 86.659908128855804 43.138552758719285 27.096915960110636 95.532237221743529 91.867187362790062 5.9590074420499333 26.038225647899377 7.5008487970128259 48.352798096264358 83.511142419786012
24.520047097225 82.90318555715298 90.634953449159127 25.90847475535714 44.248794054962019 32.806860803158102 45.52315078430361 96.309634844924901 49.451477619870872 63.77278948904209 72.814451697100623 54.874577015981998 30.813005479012862 12.526055902919991 46.335923624994294 13.82761056986705 97.514937989879456 35.183720498402486 55.960899884807134 44.494648385342408 87.180870140606544 24.882153432799754 55.340393218923644 2.4618864106795968 52.685993900328079 88.325093170659841 24.317509646332642 14.053599533821576 62.711345831361562 29.706872088446616
44.560063935117142 92.332016173550045 43.326583608736975 10.472664923064039 85.076761312329197 98.773043448772739 40.878411380627718 13.681252654434472 3.4353764767878339 24.335062837979923 55.095490310756276 75.702846565393358 63.700267543563406 8.6737015733518952 17.883367052116878 3.8375044997914669 85.559898692148622 46.494665940600306 16.34202467236473 8.8618801973852026 19.756874757942128 15.671321116263799 17.945936244830879 41.972108082111298 83.283246793029861 5.8107212859660891 46.433114983788094 68.076690493994136 41.592870581283911 7.2646328645428335
20.201889569611939 7.9346455672473244 54.664012752094905 89.472660080801944 20.920613499484165 73.263549976834554 4.3332331941998197 81.855326154330911 53.665018627378707 67.9946097038451 74.111983642254458 26.582862726085548 93.644031237875907 14.062467601313401 91.028308693183433 94.452718236382793 83.82958498117813 7.4732769781331125 26.186178423147297 53.285455869111104 34.403333424991537 50.523577795542259 91.41074929624132 19.828480166696767 32.492575481683211 90.52953095826453 15.485896602523166 23.147369686845682 89.187361951266155 58.938637632795405
99.516000925362107 20.179948900452057 59.074676677195029 18.320153562967054 41.36635679410071 24.552567996614606 20.935957943451253 84.092500819947901 64.328899656721944 62.100090455476973 77.694264061514062 10.889879478312803 66.909716260373784 69.819411600494931 15.908587873908576 40.356797434678249 36.92883980747083 80.405901600884476 5.4854772266518808 48.538475878181636 60.010678804315617 6.9135110587295037 73.411165822057029 64.944059112663936 4.1457942084709281 3.5365996868347276 49.875913856528925 65.169583770510258 93.958459061060722 68.412842380936453
64.480474211438775 14.983573806071986 89.399786375385105 10.240548515014646 33.297763618255075 29.132708982799979 40.358218940997943 47.212829219559111 16.304944866008682 74.224453002071186 69.608371598434573 100.45568042401405 45.730323907443044 64.652610013350809 96.903246762411968 32.852989546532555 42.508477607790361 80.145841978180883 74.163020791260095 40.165198430965326 80.367329701599971 73.176665600817302 37.368099080435798 72.381177997511585 97.934752240388264 64.773201795175069 26.855598273044642 12.493113797028645 97.814369558344183 40.505531432985642
71.595873794977209 30.609502253748094 32.418054791009659 27.324470909196069 70.145736960605802 98.005537784014294 26.934362915474225 41.201554565859929 89.84980655308263 64.608032665482497 95.858187013118226 80.985237260425933 7.6738193080949246 25.329561394014327 30.182296071386734 13.757964189618049 69.220243759686355 64.979863742987405 14.163803594343833 94.497461438684084 15.076447157612954 47.989911135936644 28.40497340714046 94.177357473180919 74.62802536370387 19.522860144772064 75.169675940005831 59.687466371286348 62.456595084060531 92.08232373321448
89.138965013291838 64.726907857188735 62.477788229101954 10.21920840554959 6.3302473277804925 85.568287483736981 15.837894749044201 53.27528306293604 73.388025910708436 74.655327761925648 89.02541537463415 32.97743694631621 82.226472241102599 46.078970146963805 77.62789857632022 1.1424701939939375 65.524505714147594 97.985792024623976 48.109629748057905 91.476946446870343 71.583544991313985 50.401668277435995 72.178382575024344 6.7379309271154337 47.786001925212915 43.162669576363434 22.664618598339437 53.879537212823195 100.01104170331006 68.12276081394802
6.5748174991627817 39.154725662771249 77.07892439112311 91.175585280520465 37.486250216699986 12.840429828995207 62.18725169016124 32.383510750573166 37.33754430587809 48.114696664638274 49.652854656097951 95.648614012916909 41.067953768696547 20.49072812794882 14.02680832045586 8.28912050022595 84.488903420680884 11.146989222034138 90.756913713052114 8.0520335575757613 0.76016140812550892 20.388402671045924 84.738980941434662 45.842626587151521 99.870872788526498 85.031841419289364 96.050942398024659 69.2099901762966 38.571786367947404 48.399608725532389
74.575132344891259 73.258218114690692 42.377821511893814 26.585378567827494 12.717081868601705 26.030882056816147 55.742971416509988 63.115580679421655 74.711267503491015 69.621230561476722 61.15143755601499 4.1101027839687321 13.129286194229699 68.052891041571542 73.527791031112216 39.459754828967135 65.381795627738555 84.88323454495324 83.943234336712351 33.804944741756835 28.877942053924606 31.547303228090946 6.4776994058372157 29.729672846809169 7.7832394570770003 48.632302788699839 5.9821497157218673 8.4359587626139199 53.848901815541296 25.588171692022549
1.4134993640915239 23.871302821368459 32.380073703104472 27.635424001818865 26.824398499689142 9.3334090196082364 66.788368308754428 91.411427805283637 59.949250362352352 34.248691886861202 50.070517484752088 16.514987665204973 6.1337845328228449 84.696031366328356 40.572102795941014 22.671253741740177 5.6666427158094423 3.8337887638690096 70.472031602187187 68.905064840545748 32.693598230688963 53.520480938730614 39.624954692011748 67.173830481720415 93.599396518675846 57.094304029086068 38.472523578591506 8.1513964597420117 3.8276387863155477 29.792430862433992
82.127492522337846 41.145213574968977 14.529006676900652 74.864942600063898 91.528775050458151 60.823994097260957 90.008526030456466 36.555152065275323 34.424088538218136 25.026087816723379 12.753975598298112 34.862388373739556 15.662553522705631 7.0667200233314897 27.932330841791458 25.834495038923727 35.638186491739816 86.206616700114836 68.681981873390527 38.581714869448497 60.754051259432728 42.397396900746372 41.478158434879759 52.666120005221153 45.687314244503199 52.975387881425164 51.876207696925057 76.313618506338841 7.2979699247879326 76.202911093462475
55.44253968945371 94.6994803144879 33.007896443055067 83.212919000605893 5.7886129030869906 26.363415615230476 38.313430749877362 9.6830280196912319 61.206072128047261 44.824732215565298 19.49940647471082 82.041958933436135 10.842699954608769 78.136702177526843 13.111787057032572 56.563313224073077 86.352190781040207 20.733428620445345 41.710801200666886 76.634567561473901 57.491308107030903 12.60961505251065 66.808792684104489 81.800044954103043 27.858292752180446 97.74911265570671 88.514700945384305 82.45634630088388 80.425341856451496 63.215067483993877
64.946741752581048 31.895313326052804 23.722803678652252 39.413565906737063 53.362424959967107 96.491385382642676 64.561323419900205 60.858451786024943 21.988456701287515 19.748943312175058 39.586326196771061 19.89016148676312 19.844877146171367 49.1955784205038 37.388268118426566 28.892079539139431 46.909753412462692 18.294024622567605 2.2360808492261683 69.677664186039905 5.1676867238157698 81.773782419681936 4.8362175883403076 51.061167793690011 74.995135433184302 70.297188722116957 76.413145650737349 41.457615570965785 5.9779762325735533 25.49422009760945
28.148121222599272 20.602249715579283 46.307731843205865 48.267941460797509 9.3345197644993316 56.12118296111359 37.895368305072346 91.821053411700859 98.819703896193005 88.816518067763766 69.525084950427413 51.046981594873756 32.656887452899348 25.624464051896563 83.783165285119978 8.7929028372334006 94.814176983124028 12.986055567656656 60.301689681918361 28.800982010958382 7.6343965614535199 10.726383996750226 17.279236266083526 81.261029678584919 49.660248344657617 22.366107730930402 45.064141868020265 44.142132617956172 90.022024993941145 43.131159222533661
85.693378582475461 62.646807144330488 33.416493906678554 46.846203255158841 80.487672889508616 85.602668561525448 33.047923581512158 62.075321219524092 20.950572030326391 63.510163056009418 44.203312594275374 86.314442900600611 70.1490763095034 14.80941483670572 90.53882183301954 21.36599131433395 58.858827422679617 21.167700841549479 13.262200697636134 12.619568231463768 7.8085701753909538 5.5031007390259274 73.350338947436228 13.302729775450612 16.963905662264562 59.455124353299468 55.223920850482109 18.828885466500907 64.647806044201246 14.051110688898143
89.446773790454998 4.8449669741309309 89.610949447057891 28.003836406690802 17.757324182034566 41.726046497519235 44.963594369646017 62.794925771455276 16.211284587536262 61.908560175940522 52.135714214554476 10.834836142693097 72.833222825043933 46.158987211447169 48.34770808858368 25.350660957749454 85.011364759972125 2.2420981596445166 33.045011603313931 98.469322793027516 47.297186184588675 89.993508377077191 71.345289119983363 24.461301118660835 96.863089721966105 57.220002057456419 25.092889347414133 38.330667910702736 50.562907714664675 1.3148412420792499
90.82001120244702 85.701380114852782 36.317312324930633 28.003119813524073 51.384057140326711 56.379714214863107 88.631962844481279 11.237841522601498 33.889386627893863 26.391224205155286 51.230371654159882 55.106386747535758 94.498722756413429 0.6303546137990903 83.856454831672721 4.2829562750453931 47.667811376735784 3.6017059810011727 29.20107788913861 99.427277758574334 28.876027831129957 80.682713521413547 58.171898385324027 0.40326956031266159 28.391365596023522 94.229298625184654 85.206538507765416 40.382738735610751 64.600630407312863 14.503912247356807
6.7954240847323675 34.158396408591294 6.3901830852011692 19.119875454403328 87.678892189839544 64.67904245074655 0.66226533938714605 33.731591772521831 56.762970647816488 77.175016904896907 35.888736932653558 70.887233308675462 84.341280425498383 65.849599170584753 64.547637706645077 58.658954835050324 83.778319248653787 86.653714194788179 7.9250433031666443 48.846711982226914 17.819926237420297 5.8386438363820332 5.8223450910613836 23.018805936942034 31.806425991545673 61.741281660558514 93.723789026724546 80.029891601948577 63.528878402964722 96.193717235748466
64.990238528591647 97.135207357503432 26.260867513643365 14.132501088200694 0.38134044758652452 19.117299027088393 87.745171505302267 68.575723070676986 33.148817081777622 58.769720017342856 66.70086703530923 23.871542911232428 17.413226469768645 86.380692571187495 36.025647512475295 90.954303704825165 51.571344247785134 82.666745265244487 39.676521647447245 3.2220998230435489 67.720038553500984 17.847508523315909 87.079488700711551 52.52835349103453 58.531955887263585 0.50556891139944993 20.520525060113254 84.294436786996258 71.437906231103582 98.418811222983294
4.9084958194883681 21.27052080966746 97.777032887059633 14.639989110717558 15.150673448844794 49.799283172296207 46.936166469507469 26.170563497905295 85.952023832874644 96.458522672460049 98.334909281195849 45.490656251540805 15.48193401593155 57.771228432064198 39.314301614379836 82.128182147878519 39.569143468441347 20.790327852411142 79.47849175756717 61.508539624290329 67.818301897477568 19.366238100679286 18.293061803186355 94.862831475934271 94.974095840211106 88.610505145239784 98.68597876305715 66.7338290691266 42.007612159510003 91.181479794597777
41.020522007196767 38.030997662999063 20.247513331873208 86.485386056300214 41.986462275059139 18.458578275296588 42.809939106429816 2.2439700568163774 94.934935379191529 49.846516693005306 64.616430364807599 2.4319747960874829 1.6783069049531334 78.25358038186009 74.983080178386359 17.693048246543849 14.614889413266484 74.258054103335269 87.399849329835376 62.468215487537357 54.877396478426434 97.320706706713665 77.586850891499878 31.987550738846998 70.381518411580743 97.126721870716111 82.255630284290575 6.5288612700819648 99.630396322062538 21.394619595320037
1.8813126270453873 94.261030730523984 4.1245614564599347 27.6545124516581 88.96827415116671 1.7438030511363234 99.627356510134121 17.376632351134273 37.507310052224163 42.343142745361462 6.157227960223576 43.993080866311772 79.262765555746313 42.811722100855114 98.542011255675533 60.563427159200074 67.339233552718468 79.455372599643127 66.027085589596823 81.289794696604687 97.867457301439771 6.1483723906195724 78.482822976000691 86.004902068044288 85.756468628927877 53.166694779900965 33.297197191151049 75.596131587662086 16.079053404976552 98.626331270315973
0.2299095547265306 82.726828516838751 84.717539297366471 23.554432279078824 92.27436126275046 68.341444345520813 37.436931405281712 67.963136632580003 93.741507642491925 64.687062093707695 52.239909419807837 81.813985822104172 20.249676245255117 85.803138748034542 1.271662639666653 92.543628297520669 72.808916059687107 3.6750471876387731 74.375926370635057 5.1279729318949903 92.256795630107277 52.506816061584829 73.705552430836789 22.512445061209512 28.730475800063441 65.081370224612655 46.850718740155756 85.818733553523799 97.114478208480136 38.469414548812246
58.655900365410417 72.163131830975075 51.494711460954179 91.292384403266723 25.535782830388893 20.704494634805769 93.157593445211816 91.553376466175436 49.231792589917788 63.259923617210539 86.23043977581419 31.890417386612132 7.6917412403505452 70.938567449000502 50.858447483654842 2.3791615501657133 20.316454779796125 38.985549220551484 51.426055572060235 22.770178521361327 73.997618596746321 21.20765599267833 36.524280696846191 65.079399249187247 94.709506824436431 31.321655914195318 10.157545896870571 98.681046613991086 9.6519304262224352 73.522735833934775
71.417141014577339 68.087005995764429 94.98200882512414 19.389115536642993 48.443509672956928 16.819323269175396 94.261935434038449 18.902294933281087 20.910386998036408 54.292426736168828 75.366208107856153 16.035526035859089 15.220762653077186 51.384593349145923 15.385934081318315 92.26312954326545 6.6435852188432554 90.340643548462069 15.830919708732921 55.693282375838585 27.63514217422814 61.808506085056813 7.7955958676382426 13.531571955986449 51.973267483584472 24.180194502588666 20.191259965826987 4.5922671135207693 36.476325599817535 16.333724939543622
71.318181300203221 33.428618888076919 85.00099102644775 65.978050683013421 19.774775726032139 33.179878796970073 54.808039941320175 39.425402081872811 66.545571371766982 19.532161330134613 87.354812996827789 59.440903869566981 45.935872889328053 77.01314688363712 63.631692764098887 99.022430045583135 51.411864302021684 28.819349556171467 98.630153889973286 65.641033273753095 79.843515653364278 68.90979812567268 77.029908440141085 45.057752438447125 60.849901706113492 44.2146620454673 14.400362989062181 87.49398795120274 13.458758314448078 34.809019960600232
86.614269972491073 7.5041524111058546 21.460364108302958 85.848861046944634 78.979117457626884 28.465966321624556 49.206680856037508 32.720624673287517 86.144570733727292 31.923790989759251 15.028684345277702 3.4606971689483959 54.60382492545201 59.707272020431489 68.855674320169456 56.52710694313955 68.406040789702786 23.687095601469441 81.383403102452633 11.475384433881295 40.89366682503961 41.187024398310513 78.353647846282499 99.429826824922188 55.472285062679013 54.098182433350559 62.883322727355996 84.658885770818358 91.589719730249897 77.7623584325504
89.586283176383446 69.007585761720165 39.744207262975522 55.195710367489639 11.630355729849169 37.448829677503184 51.282987624177444 94.953562901758986 11.102886446292747 57.654711507511294 52.238885862726519 16.199157210776434 63.006359188243593 93.859612739171823 43.970890547295767 61.086212239631216 92.958434197566788 57.331087155680208 86.225768685752385 53.381624054779408 72.377840857114535 54.207281481362543 31.922070676408392 97.692315705629341 40.803855126858068 53.138958556317618 44.048386362587962 41.614597755499233 81.132482647693521 90.556829544652928
27.439553636836283 67.236222986689754 38.180864950762 45.792104302045786 14.604350124617721 46.098395649933991 41.536300558551346 12.394332810358348 56.823457753002771 88.308860872066901 3.3956327176489149 82.880266796382884 52.058621822702278 98.861843807112848 83.190547209681469 76.65679356262045 29.88141504973872 42.51844347896813 93.97283766749581 50.536851352602831 7.7507459304615933 84.682304445923123 46.954585064964988 59.896664883676863 10.301267351445746 53.965304033443509 52.201437766552573 1.8658179154885701 71.679833738307579 89.194488136646015
76.846128961327906 98.39064229660805 99.136566689169243 51.618184735537611 8.6920106553889198 23.201867267962843 65.55364327665167 46.483218023768366 82.460039250258262 63.952761691695038 90.47162743170442 86.044624398401254 21.601841494431667 44.183702398710096 54.581237513806791 28.455667256409473 29.539767998115547 15.206274733062958 51.58133615666889 99.620406928300312 50.354228781786823 62.462610172172553 88.410608594000834 13.913471879874612 77.159514360377131 97.12292221655477 5.709387976744444 7.9262049622027586 50.170924969252425 58.431961267231614
65.230363405616998 9.27571717467805 7.8547399996066662 68.589885267353651 50.704506853183155 94.233599961418221 35.308149822385374 62.099113755663005 42.563218674195419 90.367920875451702 97.800095457954697 24.775348845746834 55.533901646798114 89.842684870187583 91.041637949919547 74.335901460330703 11.352988615661745 72.89455864926498 15.928929089934343 8.9592513172670891 18.219261928554992 68.183509136640723 93.471461459793034 36.042061847504264 85.453548747750531 82.859288173514386 60.455427468999439 47.312581419220045 98.237728095203792 50.226932733164823
15.188723749393789 62.786744828622176 23.557601579478042 5.9074705387324666 43.015801130188194 85.831786450261035 98.005788913488956 10.889496143062431 85.838769731780445 74.058646658920395 83.218313716434182 45.526132229280023 50.735138255671998 80.804316270158751 6.038107252382245 30.439813215378368 34.83018140633817 94.088857998403071 63.125365152030867 71.235163143624618 11.779506702052116 7.0798654490516295 45.869776093750112 35.18288814007024 16.019125508559721 73.589472645791147 47.535691733612033 29.305196363819981 46.723584832802963 47.787230904576468
13.62360022643414 25.259832985135127 72.276700221851627 82.304841318043344 87.840258138736047 89.95152387750619 77.163375445784382 74.035773055753282 48.047305222890692 82.89979024540402 40.136460870514391 0.38098982251910829 45.327316107034903 94.94455919123692 29.200284194733733 67.766175542237306 54.910037639695993 85.73537899000064 39.792093942252599 73.321308504342497 56.852149674964934 92.331271106052625 20.480263039841606 79.475332090503215 15.118015154329532 34.654216789414946 6.9452904311313128 26.752423538576238 42.487994361969079 18.057933722408237
58.491089575922992 97.018794290539901 14.306783782765544 79.338351264986997 65.595155144632301 76.060989697313659 40.10988895070826 31.981103861895736 19.247362645977304 94.071243650001009 88.67837188300831 75.691163260924668 7.0780559566107701 24.059369853148159 12.273553872722632 83.349568983067059 60.585262540875974 69.622713081043088 25.078779033872074 37.725287403544783 22.487058752026293 3.9753925899187883 39.972088049654673 6.7146734377260362 89.814565116244495 57.916784119380786 45.751141615859545 44.649497685460915 45.661526623811255 39.078437781340433
98.417789668803266 97.704824570506858 58.036354282157816 64.916468218932181 81.891863021753551 90.120848615415142 74.65839965468713 87.570778583947543 78.644069087301304 51.852202204049533 83.732220155038277 49.982198226141868 11.486110187916879 85.961262218769122 6.5265336693098526 69.27581092627041 57.913600866427117 52.815615284168281 72.590396294132105 33.362801524097733 14.880998232970514 30.073097246991164 99.395653798316872 30.419860893085019 92.379797698668355 28.111382530485439 69.313912262417702 3.5427061931048667 51.714183061210129 72.935712149408943
32.489566696571046 92.60348050665084 65.035212948195053 74.763227413182875 30.470263763991827 88.730637221052604 28.358203482962058 25.990614016898455 95.931014221929473 67.798086764309616 36.025010359438845 62.029200432915907 88.096554439021745 3.8259862552094921 77.435790386873961 9.8528431072213749 8.5325133964694846 85.168448896610542 58.714497218801966 38.060888541571863 73.165448543869772 44.053339813360424 54.667829880331318 75.306249563186299 30.61472017450815 7.281943537144512 27.21696982504568 97.408367283811046 60.556200419874394 82.360169726369747
97.946599589820607 98.948403860290199 44.868965244754349 70.392342489918974 94.840755239821689 15.520062437652177 48.336900947491827 18.273889876260078 23.602301403652792 71.547632963802343 29.346577488612269 91.274385468582281 77.490980411867483 17.277351967483728 57.06472562447864 67.209302328998888 2.256209301676396 65.491165776465436 8.943627731667128 96.449999153518718 14.116995101379512 47.287699088539881 11.94030012578515 40.457281987618252 68.642336975575034 85.976461978025284 54.058315259316274 30.121225470167417 42.420982349130206 27.839546317158558
7.6809580485291518 75.723944077962628 5.8091265143128377 82.597682268339341 89.142598335888977 39.712807646802986 78.58694869560928 73.599844729604627 80.535225080594671 95.289144039262311 26.778987653408723 51.089057311184838 43.46278301884729 60.019809090423905 41.444182838504837 56.818692732437206 45.843334757972414 53.762383229460141 97.488805457058078 87.236229141671359 10.734161926667111 32.425944018417923 68.424273109603746 34.091137403299413 79.954747190633427 36.229255268660275 33.447072713173213 73.334452743113005 89.145383506995742 10.754491461646527
59.01172110375709 53.474217823760561 12.318618559804488 13.217421650861876 90.622915819246913 71.860920682621611 56.745093810967226 18.019499609780038 3.3578667748087194 0.91198989301530153 51.482252282365728 25.243455070849645 78.533513852142093 12.565789869574267 60.317272495423204 37.988485434208243 75.126495620353325 37.987888008210142 66.755424061705 31.727534521181529 91.583336899423514 55.951453944462195 8.5430799109986335 12.474363077536726 29.281283648297734 50.708154090852645 73.831821745922497 25.50908070467322 0.77602033858807262 94.931110413808355
58.707780024788605 92.167246269805446 45.650785184562864 32.301977690774514 43.333746130585972 10.685275282709867 26.29153964778267 81.349162720252664 26.531865212135568 56.066176571783117 57.64285093261271 71.4466530637294 64.00185281825047 6.8951787441947987 84.553688004070281 39.497092658308944 31.257674978017992 90.373457281559936 70.249069246438822 35.944925208486431 81.686831757594277 41.927526612825886 7.1318340140862535 32.629823642939797 95.626775224601602 14.353207208455231 17.048748024927594 76.364857060065958 75.88154260077944 38.975502695843254
52.269018405997002 100.05351353499695 68.943942016423151 18.488051966777718 76.916879427108412 50.551169399160266 81.173261264392096 69.375362121566113 13.73848215402076 26.974979507257604 47.925552358884282 44.475043934979013 82.89275549881792 56.936282988781976 79.67677218548809 10.853932619196845 6.1785175242047279 53.447343209864179 81.548699579650105 21.605315675366334 55.412368445079778 87.179484225764838 74.477374213589187 62.998481602650237 20.177544325297649 3.3950098103809783 73.873911390092857 69.703444357333197 54.824754836987069 97.981070351630919
58.864686031650777 22.088013363620423 30.506767393128797 97.859717286324198 99.341141977861298 75.089439264632631 86.730719431007742 16.503416556532024 5.5895000214674688 67.273238697493838 37.178496039189291 46.610008352409892 25.826962573703312 76.412384051126935 89.108419509118647 15.498768270198452 21.677567589698878 32.414041056573978 28.539449132451459 76.212132924417489 65.896089740368467 20.60328589428245 81.832998004534886 41.054524616421276 100.14918538099442 13.709763723779831 9.1785155273368151 44.423399480039542 66.553698137741961 35.642253008044982
42.64968927487638 34.255171345540539 41.50558782014182 49.400818836445211 27.460940706778494 39.769360456376596 39.153944190657896 4.6413644145079553 61.679162275829604 8.4018768124607899 4.7066213652500561 78.554743229750372 25.457096983978278 48.481329817633309 16.478139925353009 77.861775724788785 80.467477899363359 49.139461911320161 21.547174389211719 94.865805687315955 1.8855619107829606 34.33927658431616 97.195947158543348 99.510060086796074 24.009254210727747 63.394648769700275 60.370204885054136 91.32325013954096 27.873233158782433 93.88781545476634
66.500611454982959 5.3224842118518785 35.895762149279797 56.804238819071621 90.669745032488379 99.8704725252271 75.211619377936998 73.591528190163274 42.065158971012579 75.203792818425924 98.182584748433925 49.609860629975564 86.727991775371379 32.369646487898983 21.377978346882792 91.015898789133786 83.606842982981618 18.708741259409681 56.053578774947979 61.018393891994961 25.475496257625313 42.048625087175758 74.548073882296066 93.895046672519129 36.55626108345281 34.446892033402982 49.628008572436713 83.529307965741722 32.649574560941581 39.690089066679981
16.163378629807784 14.129465777247413 81.43935140106926 85.34740673711984 84.080407501055419 42.852327496416116 20.297780876399301 5.4452020607795566 50.156019723368402 99.147968806295282 92.612300906642943 3.2579082720550696 3.1781868973295087 24.5995625059731 16.280750309963636 19.505406018153366 37.664593186012937 50.783573614317689 39.766260945646486 55.038890655569027 49.376809746793207 85.413187630321801 36.278638313719753 26.160969646654959 42.833874310084646 78.689406288190966 12.909264449142437 58.680718232782446 19.164309656523276 90.152426947770081
53.878126724199291 23.163493479312397 21.857881722269433 55.682870028584176 3.4331257745691697 78.17613545654531 89.254256120808165 91.304254246059884 72.261676478526098 41.6022387126539 75.752865203200358 26.212902075264431 52.676789594821585 10.435513535472081 98.07169353236911 17.826196324629905 46.084309532124848 21.623195734333134 83.021940192510328 96.085481267315373 53.10694990216011 12.525484832487379 59.278424890819188 92.200867650567872 85.298723166184558 43.46824206870496 97.316587762858163 84.98345901820467 66.743391803621151 75.700707243187836
7.8714493914870634 38.850737059789374 99.201998545351287 84.959286264241086 8.8397364586642784 90.199948429784342 66.435344298611156 6.4090627304531207 5.6285308027509524 17.987407011632232 27.780238686365756 75.435519978229408 6.5092663852196457 65.959857994130658 8.5295773855974453 83.32193246492956 97.886460290332849 74.292221758093589 51.779524200417413 98.682333207211187 91.370855270099426 81.056524296675633 97.845496892037815 42.171066495034978 24.445839806000475 36.228716937420039 24.938720865730236 17.689789008003437 32.052111528274587 95.515561102795644
56.8000934786009 99.026487040498509 91.882645756554794 98.578460099809774 78.020746998786549 52.889566489474312 43.292040129019028 85.725658111980891 18.496398118714968 80.433635278434494 6.1062301576418996 19.099895588129481 84.28659225989152 26.959164751101838 71.793123662970515 54.546449402303736 13.282577454025864 3.9237866876596899 41.969820368144298 85.038237212028776 70.38614913346872 68.877738854957371 92.441231971028714 30.570052203393338 33.705705980444726 15.297957045538487 71.701382890333988 84.776724596951567 67.449665279334823 56.785989085996853
50.481713515875171 82.254460270290778 93.204344256708239 49.917768330491917 98.310382483460529 72.104888489553119 69.829939543663485 17.258802977944509 38.36342476447863 10.396478392446873 50.338967833348654 48.731872331333584 6.6629591949270237 85.007434698163095 71.414073533675719 79.722844065610914 45.178519694158808 62.550637413094677 68.89161452606136 41.835657743793398 54.41813039027155 53.206326444241 1.938389698704416 9.5822927859808047 14.157408470543878 12.066709898340164 26.486408028882366 84.669405318113775 67.758534852457998 46.081557701307837
77.856558670440094 83.007568596847051 89.618440353039759 70.259308744605278 49.069299321033292 3.6036154913166203 4.4139263683613379 75.744718935688127 100.3877665838022 18.244616418821277 56.651606272767708 91.780315295217747 53.169367209826305 82.24369826411224 90.101937508890117 31.776243360335691 20.309881120306976 42.000480928357803 57.909892605879008 90.382429161277869 20.744941403121214 90.496417484210298 81.382625806479453 42.636885326646699 31.124854403875279 100.66609689281628 66.613225300953502 73.013531619464217 3.8463607366621284 80.929048691860828
16.28517711110905 20.651973900074221 80.787985684047584 59.189540625503625 22.156304184894864 13.943854730013674 98.450283512537752 7.3014185266330465 89.521933042442967 37.480341584839593 89.202853332310269 89.151617883580045 87.515761848912433 70.007186185608489 55.593231811596823 31.896859451466593 52.338550188479488 65.885642823773523 43.04419409912942 58.032760353735682 13.121056601772288 13.351555299173949 96.999655749881853 72.604238674627439 6.0203142901242774 99.526189104924171 61.669088641165764 27.924011219589335 7.4182836588416139 61.522141187484017
57.679537776703739 13.96205451196688 96.082118653450067 64.957336782566756 71.057583223981226 80.560126262813469 91.729292240291599 22.995922036245183 36.883370976759856 90.291804546034498 68.86251497975384 38.808826392614016 55.51693547254218 20.67879240839865 65.771203568354764 7.8009747717035536 100.67411212736228 35.569592462696299 36.821154230613651 0.93303860828979557 50.868853690701286 14.624585714318966 41.969420027476126 57.21536896514651 75.156099463867449 81.080548553037744 8.3785086916253615 22.67240773164297 82.905119031559209 36.022765703989727
46.693809285948873 59.827668987905803 4.8499429990811826 58.892387919011263 89.606551318617363 33.200404895730919 61.451255710933289 70.342317472443057 63.242531354491938 45.163605253183619 11.05150663897879 86.611894324092177 9.5637894646594734 54.137710326534432 51.889632332145659 87.728257284762549 9.5931240529814499 53.788355672252273 18.414267322553211 91.583794974445695 37.832100361324095 43.630479312697567 54.050329086726272 28.473809470843019 33.151025677466428 39.990845232590637 82.589655136586714 77.454078691307984 52.403982145822376 86.532681987465537
62.958854041715213 43.307182856201443 78.628701961143975 12.652566861782525 74.909550237913564 12.499440544635011 16.581657277803078 32.888874419040107 88.881612217864344 80.68783851195829 16.274360064210441 99.293896279320961 46.210317234383965 16.327885360309004 97.562918286210319 21.552350970911469 10.780590853173333 38.386387151365476 56.710026076774483 48.555581584193021 55.424962018127431 68.25094609928685 92.285114056120193 15.954443792139102 87.333189337109701 95.890679076937701 4.3718117965754475 79.263112036063603 20.208613485162033 55.217759022087904
69.282681961556676 78.089074182141957 71.383663396186464 78.043351575614565 1.2867833008162011 56.635294560829216 62.099348314769941 19.728167416762126 86.30694057693546 21.16523155107522 53.401077962198443 83.160875428986259 63.602961214655807 32.918414281580894 55.706623808042302 94.394278636968295 77.298659908676441 87.173966728332616 50.641336858246476 23.833372062742459 29.584349774213376 82.462046994336632 16.352376647698367 27.431533217067898 94.762605312713163 57.225669922021375 63.823168579958136 89.94139334065278 14.198442292746833 89.51844900403097
83.649251278880101 13.554543378347692 29.536568722456202 34.708524903876175 99.648568646043657 68.820709106091613 45.267230090985883 63.074278339306829 10.96787698518944 38.727296198986323 80.46236546942815 85.881485411039023 15.250559522475379 47.118274113081185 29.481916709242668 17.698912968822995 93.323656805351291 12.32436984722235 68.943516550501499 35.455004784867917 11.700797974604694 38.773319875781773 97.327707169561492 41.280789387154833 68.596033714287202 19.66381024295471 93.787828434510715 21.588852642670666 8.5715056163070642 54.516039448056105
54.46399422811686 60.949844269892544 15.160461165854954 51.943574769425183 3.6496957816465412 51.448274283259451 6.3321351944376145 84.635829339392785 77.734496900195367 11.415422466502962 34.656755000963138 5.2524259789316776 66.178212581109236 42.493940948954119 59.828220137080336 5.3631237603816482 33.553786157870405 72.677239138445202 12.076546426504796 48.25687917569622 55.302245362748351 46.142287018879856 52.525643012716195 80.704656613232842 25.281902930841557 8.5350348904008531 76.269457451626863 26.442820755099088 11.540381982751688 3.4091237601490443
13.778755757203665 62.446926165762321 11.658448594562461 87.116987570064097 49.135953273971275 84.145358142179433 10.74246565316804 19.674236923605314 80.198379175165812 47.428034483505741 64.103057242808219 6.1967469502074124 36.30563415448804 41.290546591657446 81.607136992900593 30.882710020469545 20.270926143982091 89.041660453785909 35.13156587950462 94.728495366151293 33.375432041151079 17.527329722330204 48.574479893431615 29.211646241046946 75.920601314915373 77.991771673483768 19.037441114196291 48.934163732560265 62.346954261230465 22.960543323345441
92.35322116360966 24.511567297460857 91.558132046814507 49.069442420985581 99.762184158180503 23.481953419437502 53.3525427565149 59.660737887314198 74.78614134238768 90.997278871027177 96.481687898488062 4.8723304920814172 15.877539516376716 50.652597153364674 100.54989139205365 51.645504046092185 94.798344670495425 57.573260255324833 13.092194645977031 16.591087722490482 25.605723210993077 69.032979010224651 45.238391088741857 39.414660287490506 5.2131189908786935 73.903491561325865 47.535509125768236 6.0526223866484141 99.385316184445628 27.347314784604102
27.56941519266049 33.822459656531485 61.591096751570859 97.443604083449074 21.016568782835122 33.599203471309742 85.528628177326425 69.959264773142323 12.172636928204545 1.3975865028637331 10.970887269217874 25.500837113123918 5.3142033992332376 36.657861133618731 65.17111465529571 10.286182900198673 84.928213754563799 18.74165000657386 57.961877091935754 80.484859383221917 54.661871842015309 20.674786468932894 49.692023725328951 11.218923029078008 90.97255590415395 44.593583993343188 7.0823539014263304 56.176438652882247 66.398661765482942 59.499361766657664
8.7304368274003838 80.463661473167903 4.5977430268021315 25.542779161315487 99.530523705274433 9.723653247056486 54.374762928057756 98.417594052487928 85.746523483800644 91.088740092627603 25.563469779797604 33.769153401020596 13.634309715018572 94.687092173644004 78.933339408056142 26.57886271769819 15.928971258229433 25.14711186396914 53.22163121974981 43.180707895422586 51.386995782388851 12.695077831028616 57.707658090659471 81.057159496730989 16.029033403250349 90.055958357070892 79.989319188230269 27.853961532846228 92.422947000561777 35.780841421624118
100.05916355070194 19.804766967088291 35.969261617698407 10.722062941172869 1.4161060316513499 40.673725358306484 36.478398615471221 14.982240343688565 15.536109629529724 1.7276839829088979 15.580604770688231 64.649404224683281 67.472377616243449 78.320503696942069 55.973240723246029 27.168090999388724 83.101729144146077 9.0634683272884882 60.64701660792506 41.009423992842535 89.843394525194654 65.162202129097949 6.2372242304846797 28.157524692526493 8.7928497401199728 76.130901794748439 16.523143561006421 23.459708754832775 35.021287759056605 40.784134961224424
54.669277859122438 3.3973660714491056 46.564878238414629 96.486538510657027 37.128926158210568 55.631608410650777 35.565314152632894 46.819698877096691 7.5341074722518124 13.163026593087258 3.6108652627953446 34.335098941226725 33.918878705983545 90.237546667415273 64.465356724678458 25.200061237313861 4.0907348685327358 8.5643984611325603 29.041633374070148 16.716730261199871 55.426034849573362 21.862070984877658 87.670610078866147 1.2100631756679576 63.214327794052814 18.924259072487089 80.622619196388058 71.801277381056863 34.141023000416169 9.894559155484087
80.379883004174857 13.915263274298903 79.078272471007395 63.067140994061333 22.136452657333709 66.813578961789247 32.058364296064013 97.600091123850135 54.085788452482952 36.33462564970278 52.415226410370302 0.44009174337650303 50.673021873918778 56.414388617347051 36.203993360943301 47.182690940400185 42.113664808932597 27.404637473871134 9.7494614610173844 69.862292817869346 55.506278717530769 70.734515413509456 81.809428636937426 80.310323693225925 59.253520651844561 62.014754196019126 24.233400306595982 88.364123855091222 87.636618754440718 89.609362020393377
83.487917017980564 61.755080507431366 71.536397459191505 65.776819447190718 99.664461172435011 79.432737300670084 96.810819615901451 33.325184384622915 15.080481300167053 38.520621461864948 52.264296328530179 6.1115773445814741 83.026462003380772 9.1103579052168584 65.485836775687659 77.691724742792928 98.539163637260742 88.365424384639539 93.502336912822315 53.362601251911897 89.634268397132786 61.329959655784265 71.48801071117957 48.669049873969925 60.712801256011531 94.255889498949927 58.068486031822069 26.159603863518932 16.696249703695869 24.980518391915659
58.351038104255409 94.86888432342522 53.723777114950025 68.9975576054307 63.205331814224749 25.787366188822929 12.094011240523276 13.511626973471039 24.191861718078503 38.809988292533134 90.124634174414936 66.570596430028644 7.1050340143001787 69.551500685087888 32.230371625077836 91.320952254878009 79.455949117719399 2.6379770749366585 14.703217349563563 92.721414718609736 14.106063228160073 54.05383234570715 11.049368517340643 62.79206412469307 13.037000498669817 65.15715149603642 38.738249342311256 84.412500835551668 21.681229243733881 76.874423220586053
1.6476765640413444 44.954329203008868 95.864707930795078 96.20338446907472 92.649934392438453 54.959128179728339 5.7927616631745869 65.37523017069104 99.539451694286925 100.21726512747267 36.078745860897982 38.158166311445157 42.236258794550295 67.066866704862846 18.10016442196056 84.517476278977782 31.938637051667772 72.173550618559318 80.106562286425202 20.841834890996559 82.839892713490286 26.504540440707665 71.179209663663499 71.953658843772104 55.130925042073365 56.40873821094506 35.716078765255872 19.075680127597739 96.338493636138125 65.328212254802636
70.296437382974702 93.905174683648255 36.71755636845019 28.686785858908404 46.166867382045538 6.1081761531992225 0.62456290532672099 0.84819159385012877 70.182928258559343 34.548202671239338 23.19904350330528 5.448498348077492 54.441527238345984 35.082943393586682 76.686886586905203 76.654599221685643 99.672439285168224 70.628111516282644 69.988402781875294 95.731522345972792 18.034686688170314 53.492182042820737 95.360278712758074 77.043072705842675 25.069129771068628 41.747683153322825 82.892556500154043 93.983036083251434 32.816439657445706 51.961074706973669
55.557042607153356 82.748261706346455 27.816650817321349 79.712135712805548 71.725847125265631 62.467906601462225 65.862866699483192 39.501690502889645 48.947955267956026 14.10942088208626 81.975771248460291 7.5757937673615992 48.651252478029399 57.009970838861385 86.790323467618435 61.614034970280152 6.7319028266103613 90.803410986076386 23.912434635908443 79.317863154224455 98.071356327546326 93.440972875195285 14.711364550578484 25.007457375967526 36.954768876568316 97.185368911040982 99.680850297362724 23.866136509398434 37.330081234237682 38.21204489156748
11.540830535747645 54.976453110159746 12.237439387632348 24.424895918680406 89.386461358418671 46.236241781404615 8.1774131943135497 79.504405542442598 51.092393277380914 83.271313932142462 43.243075862988682 79.928046015966061 33.377827604932158 88.995981222451348 22.559608918533744 43.543256796257921 38.980508701002471 68.127747370092123 35.284309878486027 75.686458921120831 48.3431471617684 5.1233078106070824 0.91000472083833284 84.502939158386212 99.835380012799178 82.746189120891785 30.594822722682011 45.556130982356471 60.470274687946066 53.095166769234091
97.743399521297633 97.613848330884437 52.800873780726199 99.871029652469076 37.843515370466157 72.132654222745288 93.215980779115171 27.647135343731659 56.888918113364348 56.646351562152198 65.448131907020525 69.670836768668863 34.720041623071438 20.682317311771484 55.173923421590679 21.438263196012141 69.97188401559653 67.92817139721582 89.373753512126768 40.467621687702334 72.433366809153327 29.770143035151801 99.190551219339838 97.785034248687325 13.459765960009808 23.578145635637636 65.603162883856029 65.336569899759652 64.026538966723294 54.316742306384988
33.310553131048209 91.871700278902097 47.499116366328941 60.651855911533495 65.324711675179259 51.934073011872499 81.982748905069755 30.842759039894108 59.639967122140263 21.042320486977701 32.448013398625122 51.464208524238259 61.689011998044748 74.179536589601341 71.784559040145851 62.826300247883495 13.909336046073683 73.554149228751712 25.984119061206606 46.709822560545092 88.67682705454709 50.228153594727459 65.735564608232366 46.867268251428314 63.766478164742246 47.262580047861512 30.078952350856206 56.882779408053516 80.320478670770399 22.773919876559653
80.410057408535806 14.09992783949216 63.518478371048687 34.104392072864592 76.859571900124763 44.281159156991897 48.619933644237747 47.292258790804965 30.133588506204514 85.322055761572003 5.4342142995899412 59.657798153335712 77.504750203651071 38.192310329673269 79.814446355757269 22.72996940724915 49.633440280658462 42.173256608497098 19.298738544430972 1.3989596091556382 88.059911256842398 20.524967542134775 38.729022454340594 86.14223435197809 78.303784458821113 61.105514163222558 12.835012121933158 55.342338312379525 38.131013769290178 88.619592393503098
57.13911678262027 84.740340746909766 88.123219442991811 82.848291029549159 53.807498624161042 63.547309023938112 60.412097989384897 74.179479598339285 16.026563237891306 50.859516758772372 45.384219927677513 58.49165455027935 48.269316037870134 18.257417134945825 24.085396073827773 44.640244458519014 34.018011928160355 67.319653810504931 34.989635427225778 90.242723438056501 8.64069682994724 20.972823230327979 90.291513097246053 84.141881589386784 74.452127967834102 23.705261713235508 14.484897498871668 31.469788615747447 37.60655403573508 32.633192409049308
74.9198173849027 45.49265414819665 78.494854165423945 50.403481566122288 63.84570315682658 3.6971492677958926 49.390296580044861 28.199654148567213 92.818374850301439 51.008831155310105 93.192989683633883 62.838670315142956 32.780029267010939 13.829842445985083 14.703283189148292 62.043005227074865 93.881378859670122 100.24189524304865 56.315602647497698 13.685774578579714 48.495349036036913 4.8680834012691925 20.740690928619934 11.894264768827487 28.562564709372595 25.014543977705937 88.511356071837284 79.789140583912911 19.473184949462507 39.499169234534676
84.984502891197181 33.537033132382966 97.983878047399941 8.4280994540263752 45.026730457441985 85.633977447670262 22.060500461647038 73.512998134625235 11.9896737513365 52.177709817705434 10.266657050839196 98.190888071629161 83.478294665336648 3.505672462193397 76.258046317753283 18.249121883249988 38.770279712296706 85.442222405663856 2.3907979504305747 22.75634560046316 18.343927223919323 51.254476635997129 47.282164389128106 82.596122989851594 10.976366781036523 71.509173742024672 32.672867232420579 86.327190247983182 99.66447106368318 90.454575101651258
85.290630302620158 13.276565100182424 86.970323574008063 50.213810004164614 49.349119346931126 52.851669311772881 89.443300986437109 86.222263594777402 32.051250969881607 55.044751936391044 41.588648935126578 15.330456404133935 57.353844320640839 59.191135889840652 12.927226773273283 68.818408159717521 57.694625585149424 41.373363489809165 31.845173363199997 24.947539756303396 14.53191320739265 63.991476343507252 75.847396482865406 65.774345647431943 33.9962687198759 10.751617469910409 2.1742651180436114 57.645245865676671 47.012250579847304 77.79184150958325
54.61883934736629 81.427224207558709 92.154664569265805 10.969486257103135 94.080350116130276 10.62936882864796 22.994718406976936 75.765667047670604 61.632015941326088 88.853371666396754 47.475558914061587 42.402901086104194 98.169673757634214 73.530935151086254 25.857453646720348 65.49021173024461 95.318265511695841 94.5535158913532 43.64810317289507 23.274697142446751 39.352486538757184 48.681524271217292 4.9660821610186394 97.565280272514059 63.777337564571951 10.49112898275002 88.86099373793769 10.801425060713003 35.760201202412347 37.270816324133115
76.273282602531168 56.615737395304656 68.939685398370912 82.869781612249355 79.831942499997382 94.931131711440827 6.1915687053229291 77.293746778849268 96.484038064241687 52.896741323746731 97.196074232388227 46.403491317802143 50.510716612433157 83.55103118044623 3.5261413421837235 95.527137550083324 71.522569906675955 91.262197931360362 56.834990978070088 20.925937147946044 22.302542569026379 20.768700338829088 32.62763549652005 17.525534900772559 85.295970000455895 26.492067583000928 23.620402729850493 58.637555357902116 74.822360892720724 85.009044487075585
