0.58000955537719368
0.68230645909028786
0.7721922168135974
0.040357155687014742
0.85079665312894426
0.25941968878475169
0.61439511370014888
0.12776495963845796
0.51923402677088104
0.54399498746329855
0.39203948649416237
0.20749389527927514
0.16607019856205479
0.51736693038463322
0.70527689156092477
0.69014523286175078
0.064777385512671579
0.67296058181787033
0.2190223837729201
0.39486256097957245
0.81730675878573211
0.69016636688271382
0.68256758041695398
0.50628898166599634
0.19196938051417184
0.82019792997272145
0.087592233303768904
0.21441931606942771
0.15619249498240667
0.80725422887206422
0.76531447474907266
0.1778000976221335
0.22603427290267969
0.69040683828599481
0.56106166479245645
0.68788164709142929
0.12117471461143485
0.64721021378048438
0.12883269401888059
0.11422445034940547
0.88178488933831267
0.45614925135492951
0.058654912101823317
0.58703108943345494
0.83470555225348897
0.3218706050912577
0.10605920279418794
0.65647632804105183
0.3531479339433326
0.76405200275721241
0.75550834259020594
0.26819819194811262
0.6510223982853518
0.60822702612740243
0.77923577781532483
0.67814930790392669
0.11870499123175964
0.50920905373812375
0.58506341203922718
0.23308164603315112
0.67926380332454428
0.10216915643783568
0.21623020461211034
0.032106012748332066
0.5786257882071083
0.58142251439729675
0.71145467469838186
0.53821751160434761
0.19219615887153846
0.47518511650201006
0.98157964446371515
0.85520003064663441
0.62538619931579709
0.096075102107217855
0.086872868642405218
0.81918046005482659
0.97631435615863404
0.35317413053189667
0.65722515261667336
0.067312335978199231
0.021567057779782451
0.5240258727983077
0.34988775726452609
0.56209004053705625
0.76833600568837435
0.17271566253692
0.44913683131107979
0.27112055301152965
0.057322605125301004
0.61366397623670998
0.51657384864083733
0.26402583736423851
0.81791657309257904
0.16470227854272551
0.88734779809673059
0.058093882476575362
0.73075285310883553
0.14592775245680439
0.08616078123902908
0.92754127877675341
