0.35659092333057546 0.86890720824821566 0.43514483371940088 0.66059963559715851 0.38048158000687465 0.32908827675440827 0.56290940431144354 0.45565596663087998 0.43819912864175808 0.9845445707869962
0.04067337929473451 0.68310567655506849 0.80234067932433684 0.47432410793613883 0.72075268408504589 0.72637239561450972 0.52726324853170092 0.94322406824972949 0.075448566281952442 0.37601453687028602
0.23986939876530472 0.30598837714847399 0.72446005511378231 0.87035594662206972 0.90985938740532835 0.85071082166769463 0.054922593172115494 0.8553934532702524 0.66001143848595956 0.72317299461912454
0.94377652833411985 0.40645278667744594 0.85127065828326154 0.074503723391661822 0.37075421530815006 0.66153882999933955 0.36374759160629694 0.47185278221457022 0.43410196462563871 0.098338355702289146
0.71991834672451649 0.22760835354419601 0.77521410866207952 0.61105300641661187 0.62293726114419123 0.11614291915145707 0.057575793128259709 0.97927803290979565 0.77293176578405487 0.57799813683923296
0.64931198614289498 0.73619380354914998 0.46551707586219498 0.55644130502441758 0.39754818839061529 0.084374231348101444 0.8944146892106829 0.33032495844767501 0.40465432290650832 0.63966950728456173
0.63102434227477466 0.97732857709198817 0.041008871036058034 0.97634169401507787 0.63465975459786861 0.25282299789506185 0.62756734587966911 0.089091827380629193 0.45978430674069332 0.047047826005940305
0.25500042716775023 0.38074160646414051 0.66483890967898063 0.81989036711459617 0.72557682117576816 0.90266387503549128 0.84575505944320772 0.39978992936506691 0.91472642317570374 0.71408624572004575
0.77272197722193325 0.037233368088696969 0.10426852833953908 0.83567732160612185 0.30731612045724682 0.443019399614133 0.74787756811586803 0.62777049148197239 0.68286696274288439 0.59954442910974948
0.55325940425950093 0.81299130996063984 0.5872937332435394 0.65222263892715548 0.88527531767758172 0.089848473786993274 0.22893471185452191 0.41285661825678949 0.82338317733744248 0.68340463569205911
0.24605188311927678 0.6604680706790701 0.44075784949012492 0.075987396975325569 0.10629137542468307 0.73394028890401974 0.053242126867634562 0.77809056754703065 0.11119656934248005 0.8484371776280194
0.75836784627331355 0.24057550276154155 0.79519929886578 0.93323579490261854 0.50050566803443952 0.15218192266326142 0.10538300492654255 0.75063222663720386 0.49344181086894773 0.64717893186256215
0.28826299248154158 0.3040522200027142 0.47223910629462745 0.4630512459554999 0.91008314029436144 0.041172503706419492 0.91763193270525134 0.76085617923970905 0.86889337528660149 0.48881425168036857
0.18982394975876421 0.95132016627879701 0.66805789284448902 0.35574578959344832 0.92264744565459067 0.15718623612283417 0.60347397203085806 0.041722712481488664 0.051680739133134354 0.44733867883133943
0.22315447224524715 0.58894777106190721 0.97659965282941941 0.48833912573999499 0.97564051209931668 0.25441811687572763 0.7053897438427944 0.19271191626962408 0.63522643935820977 0.72401713273747859
0.47962912858965284 0.72298302090862332 0.51918926464132431 0.97869510906750656 0.13626048020807296 0.65107606416167763 0.80297705512221151 0.90545316850529523 0.06374580503910203 0.59768428643737037
0.4087665463353552 0.17723475101836977 0.63915702413498665 0.83413860608565926 0.20264020420799206 0.35809976981328256 0.76751494105270623 0.83667361834424192 0.85481522262329646 0.25495861489968136
0.25874980238516904 0.67393906598189879 0.89086859239602068 0.41466871420212942 0.71197386752132941 0.54283987885489215 0.29253322902934648 0.37391713566668167 0.74144798239098741 0.46140661523950383
0.30039562832438399 0.48159697885698577 0.82906928589983431 0.75968357097720929 0.58155106542869361 0.00094112612708912029 0.29305351137841723 0.45312115572980222 0.43774771944061425 0.56221966676973867
0.79242733499031326 0.90092475693851704 0.823851363041331 0.51104387957378972 0.42648261084040501 0.97952204666195286 0.03046578612875377 0.14414446065869529 0.66305869440239884 0.69443122039822058
0.67183624386015095 0.010477185864639239 0.7385483130770657 0.34210168215312403 0.38107180137199431 0.29524827025181083 0.57721191921274373 0.8523427504185821 0.87339441342834034 0.17281681746093119
0.780491873922181 0.58708694866592237 0.51130033382656304 0.21247498860100406 0.14010510743499166 0.21284902336740091 0.89706913155924484 0.68736835115529393 0.90247800668786238 0.040141424155918301
0.76030384332454348 0.94029517913740657 0.68726728321827002 0.020222059057524767 0.10874377080947055 0.030547302764638729 0.26231994776066886 0.85345115850593212 0.94458823353729171 0.72089798430847685
0.30185148292560388 0.55072969126992077 0.19957070719523889 0.32152983374071736 0.051130059245549073 0.66382126392226826 0.76467348876297903 0.76555804737513977 0.18254359621375865 0.46815688439710351
0.90611108142500663 0.84997379112567883 0.032246726762759456 0.21841131836962674 0.17033854154907441 0.26631191109636637 0.49248433580863366 0.25050537906792297 0.79308368950018837 0.55398360850198114
0.07179786941358117 0.69638826448679914 0.8729986441441534 0.99958940795888029 0.5319832691721107 0.7620438581076967 0.58764089340079151 0.26804706607200984 0.77678830093727902 0.86340704230579812
0.18791053527408869 0.57620159281676897 0.044958319402395072 0.38726780283186363 0.33077911221498274 0.17420571771047416 0.90183879065990846 0.064306800260506988 0.72330210359372982 0.001044740951655343
0.40283781181157757 0.58869185566898796 0.18538348422950574 0.14374317210011839 0.18380527799543739 0.61225000779326311 0.045453077068898159 0.27889680384028154 0.51687293871291207 0.76728547613241604
0.74065657335298196 0.053995532467853199 0.23010781976222611 0.96774152465828134 0.53860375290395601 0.16213673534143774 0.2546051063061277 0.59312497607991999 0.04631544900830957 0.44665519566619133
0.80850367941247547 0.18497746294283429 0.3574025995841606 0.82289481935823694 0.48230997151700877 0.32260745665601692 0.026864855523775866 0.74460047998142853 0.42697318668369072 0.02173801604045238
0.9124292862217791 0.92283590230611046 0.80510487192748004 0.088191940336123362 0.71388871235832319 0.53646878879009918 0.8837848185642273 0.72863054335073107 0.83480257668030378 0.7818177084518686
0.43557252002569807 0.19027909061295395 0.26872482831307215 0.56939717831345427 0.60827444391563523 0.95644809514316098 0.36604177060743143 0.18239339016438477 0.41973301448298889 0.39801343834080455
0.64277313650716772 0.54577262194699683 0.11918738495552421 0.035088323769915372 0.62692491251745264 0.98919158322727463 0.93016855565088197 0.33821175845535584 0.60175950478542373 0.88093349152092781
0.95625227333596163 0.24417313914374145 0.14453973178956497 0.89786748910641145 0.017117887917406583 0.6090693143999425 0.82347653761793393 0.73570522604473831 0.45835909989485107 0.57183400946707574
0.099225565022561787 0.17663981309709592 0.92089317875583343 0.20270242260315757 0.36753304249055435 0.53182612744496982 0.93587795156966369 0.8925916934968583 0.31814575237997605 0.60247778903352445
0.59885179004278921 0.15253821594322697 0.95750831247061929 0.40424847941484637 0.51294233980934567 0.42044662257067461 0.31720936572039166 0.54036719582516868 0.75975438698276221 0.78556755074414886
0.24746903555081751 0.66998212389773082 0.065939051556149139 0.49803279824397523 0.57022265370000824 0.2048366184027291 0.42830411602024138 0.39582810782482519 0.2084814062435591 0.78447912090150751
0.62157136808138258 0.9659902645125007 0.27894007904694867 0.51647292657532173 0.47799475960665866 0.71162906663619963 0.96819238740290348 0.097372526109764809 0.16681301515577901 0.06036570891974706
0.63739633357313297 0.27029275405198866 0.45276306286670104 0.84442648789734176 0.38455976349336601 0.19484228266935016 0.16993972250090589 0.67068942973448997 0.60034381467769116 0.48601078465797048
0.80895824358666724 0.42760549890626892 0.55510234288703175 0.097847423753179938 0.021652530721004305 0.87719645304948524 0.47726372509916709 0.15439652928676967 0.85978080515074606 0.57866961986990417
0.40384397756488638 0.020423469317339561 0.60692928974981264 0.7007361652227897 0.10137930730302995 0.86248572289541792 0.88686520160569426 0.17392822805111724 0.18414089814129581 0.89214876318632197
0.82820520700850875 0.61257526852744137 0.20448747717336752 0.024366002864845849 0.41305584931586453 0.52394571746233931 0.28774418490128101 0.73788457026608623 0.90310799462349545 0.21947763264694869
0.41712464142359046 0.64259718732727189 0.67652830727840452 0.44099235968304934 0.14409453290530422 0.14274771644856282 0.35688056123444151 0.23783613561304656 0.0096996489543587534 0.094650505565185214
0.11018278486729054 0.15965910115665011 0.97798328254074851 0.70561607276952909 0.61202064197492589 0.02352486104228051 0.8034304796831101 0.28418482623677038 0.23089994886242909 0.12128424072704751
0.34330432639767844 0.037124179118461151 0.028775492317816221 0.85935376222768589 0.45440156458632114 0.84559626008788702 0.33205215348972711 0.83948549950598805 0.68234216298991435 0.23205528712599183
0.022159862509004081 0.85056075427782118 0.35373467874357861 0.5181129019955818 0.71615806342524146 0.4197812579244013 0.6446278675978605 0.74244345621592134 0.19348109483172843 0.75677952910242985
0.51204890419722338 0.62902364602077243 0.23359167414244869 0.16496274873701527 0.034016427954416881 0.92211335865447808 0.87622190218885099 0.81215758370860414 0.55375900458026184 0.93952178871127301
0.30258691971153823 0.83144603407481943 0.69599029624323783 0.405978396381866 0.86672719231140871 0.71702784167571754 0.39092732115746581 0.96904680948551525 0.28034625207892977 0.11977586124795174
0.16834679489318966 0.98886018360335082 0.81743775012859254 0.49372109403886594 0.94117260067994846 0.63108347022495692 0.010642165098571344 0.58553813086814743 0.2744687969842074 0.52046381797292596
0.20525994001797149 0.36625186683458527 0.11244477801811663 0.59270777212657222 0.34891224346073019 0.58999556125780139 0.38518968565248163 0.76108106672099707 0.57182104481704432 0.36005082438350117
0.003868692784101335 0.58633491386422887 0.58068373844909005 0.61439039509312565 0.55354381953959653 0.45542585254673401 0.74828537277081242 0.96199174784398123 0.54703065979303667 0.99119291233390205
0.89893460003099124 0.41129928579039493 0.10097745405052787 0.52514556382920385 0.89088872478497227 0.57268508788969719 0.65232975011652217 0.56274054974087595 0.34119256951628313 0.70590360005626662
0.29886886689307851 0.33773402142780956 0.57597745411432666 0.47081131543192284 0.37842631091696305 0.17651180046971476 0.19048601983289443 0.99212640440710809 0.22790881983332217 0.32266482521577117
0.9620309893588922 0.55791472529567188 0.30827387221007069 0.72147912634442091 0.80506548290591562 0.57637380787985104 0.39975380104608976 0.51834104390287483 0.53923293360448066 0.12887369098015583
0.46418448546290386 0.44449613601660592 0.7176999870193419 0.75763458161152331 0.50565518817414412 0.13991610538602722 0.086649572846776698 0.15927513228353968 0.57364628614218904 0.68100259300141319
0.99595902314856743 0.39704285519122035 0.5309531533640004 0.9022625656780503 0.3144354825422358 0.73224977936230673 0.28315714554107957 0.33436894776258114 0.2400031410850389 0.49817754876388171
0.74326967486241524 0.86093699890915465 0.13334536055236729 0.73098095801670171 0.74027401883336219 0.66719611035660609 0.20296910168047194 0.24491316697949855 0.1695775446233711 0.83105117626686875
0.032078927733310045 0.76269266313706019 0.084022079975669392 0.79950022687484046 0.84310068891297463 0.74568781763245673 0.89462717217451027 0.41751831665736955 0.29035501055194129 0.8596580344607484
0.46140471401879396 0.288212591033495 0.83271381101414388 0.060303252857948728 0.53141195015826725 0.42286260135919024 0.049272996478982575 0.9691618345921732 0.9346862919210116 0.42152379857437011
0.16168867933957815 0.44300920787020465 0.64967290910121755 0.47741237689901378 0.43914823453469581 0.15813830486343244 0.33861963522064603 0.42290045278942551 0.43192525842919499 0.26086946781390835
0.21600558077261506 0.91065270007296517 0.95590844445754719 0.63120215460650331 0.64122760227486364 0.8689542178487849 0.80455252940369804 0.11362117708542256 0.62401123167135797 0.39999711234110041
0.84248511625293299 0.31395497006567424 0.97154519320762966 0.57660192442391001 0.55557621902260801 0.48894955812002366 0.47289571642175593 0.23536724492434241 0.39297209952808504 0.93642781461229463
0.040045755836556493 0.082513108583411807 0.43135375191463649 0.31421693550308755 0.43625996066383638 0.34828520517320111 0.33283845677570573 0.90490333005958223 0.082499691378963666 0.28362709427001315
0.72373889248539347 0.2228251082014619 0.12381821542437647 0.37794077640114915 0.38075404644360461 0.23934921490280986 0.51681244986070141 0.16475189404213125 0.60611505623428508 0.66399151406319679
0.60485695577090282 0.39110765341718351 0.088197446471971405 0.79526414383970156 0.59796296096696899 0.72601399607173089 0.14945676966335503 0.30124704642420602 0.17758234027429071 0.084291341340265655
0.38015416776607197 0.021910615718791982 0.23319862644646011 0.81009089725797367 0.11503216951852184 0.23748366310521435 0.8441658342224253 0.99517183628849448 0.99400624107941393 0.14395570494433035
0.23172911192428308 0.39426927348422375 0.69760988932899859 0.42594862281221785 0.94332781186432135 0.44576183228635363 0.72780010682704777 0.8821173717248979 0.78954798902081347 0.13228673149304321
0.39995003764121367 0.46765050641838996 0.023922809701491455 0.55909731527756923 0.68048951053012252 0.71789100463834865 0.91443587473191656 0.64294721975647018 0.80153639583468828 0.39493109560607359
0.29839189531884597 0.73734052463031141 0.61474982910550591 0.73082957648525126 0.50660412787996856 0.24963902125676113 0.1203845853834306 0.65712418169937126 0.09362981614668324 0.098757014956852671
0.4690623777750183 0.25183639977450517 0.17269569049630201 0.020500700848285192 0.12405275020086308 0.56353716236207962 0.42085749600492955 0.5169688510515168 0.34371382135215894 0.79328172309136913
0.96909136371718896 0.51604266214709671 0.87222634002705846 0.89198488372118701 0.80018359074312362 0.88270786147805935 0.079392601037580876 0.56310485722795889 0.79333654192812053 0.62894052556498525
0.66042655918405813 0.40976371973081011 0.82739733226508383 0.3930822265736223 0.26784508228035236 0.074368976333150691 0.7183974628546026 0.18460708606122428 0.99406151472388427 0.50874146619876126
0.56388734361081361 0.58369091042307553 0.6415760888165537 0.64667264823435122 0.24687635990336471 0.31136773505840004 0.91789705395089038 0.57782840455281681 0.18004451617693423 0.87100872876978896
0.41577872310435099 0.59751795777127903 0.038511133320929078 0.99565774865179779 0.65964765674209414 0.96005566873496939 0.25737687921275781 0.73977360675058268 0.47129562266091046 0.49584263627732644
0.49501168378476207 0.17799487410183285 0.33606786389113558 0.0044654950258980362 0.91504494954009841 0.54184941682900312 0.83258818222990771 0.014952123595208189 0.9996845660734649 0.94351611696248106
0.821216210267944 0.36721209392177084 0.7004276654498901 0.33088678351153405 0.068853994675607974 0.810527772626353 0.20995539067405106 0.49650480124585478 0.37013113589601904 0.7895868357112158
0.30789865639137187 0.52478726657389596 0.22297221746431334 0.46106790350657895 0.32413483754310973 0.75709593455451218 0.38502826342940083 0.95422223181201959 0.019967433903925681 0.98234728540694616
0.32953303614336021 0.30511516279597534 0.91669275962826513 0.032130590950264867 0.90415033129745681 0.40163024797154417 0.96724534221401492 0.07527349797144349 0.0068786894222451654 0.46449482590969843
0.030397654023905752 0.63615571160175877 0.75028520638797891 0.14640408276134981 0.66870125097423139 0.10653738670806094 0.2560179697157508 0.7804881298917532 0.95927036543218069 0.48643602655092627
0.60201048760155806 0.7716762960743867 0.30434183537285925 0.73715645584057132 0.18415249514966531 0.75270005068584422 0.41267286610334647 0.23361810885496997 0.099641403160748918 0.24955943491313887
0.76924341480535519 0.00526017011872264 0.56814989347272915 0.5571603589604861 0.30841701962863094 0.18436888928294676 0.74739207484672765 0.6190614669467791 0.91573551118622543 0.19174252315186208
0.67628941242554375 0.56868656638669002 0.25166687846778552 0.37327740245227042 0.30807101797380892 0.95102223789774865 0.39669143714434291 0.86769420058391189 0.32473900320531784 0.41505984549189529
0.46652237809506453 0.52730688003700932 0.26087704899136815 0.133736847565535 0.70536235368097144 0.35288776564134389 0.93638544219920383 0.11781069958290318 0.43878663170775817 0.50839213191251365
0.64720011762289809 0.54939077125127767 0.82405988015766163 0.75233052546536605 0.4247436782253356 0.99362661276662045 0.64751908229860955 0.55906238879774761 0.90995666263377251 0.29938053531099124
0.89287379910814302 0.69283954593341956 0.55062081987346778 0.0084116669464735956 0.72605282691894202 0.84318537824323314 0.404694521985075 0.37922304375342425 0.044454738567131932 0.85702527827539721
0.68850989256832518 0.89425253247487069 0.36789017262922147 0.29174151774203344 0.5484460009198997 0.28625001736997008 0.9544036339614802 0.31879087107559229 0.55226669206060874 0.096030097647862009
0.45371438593622243 0.60369900425075385 0.28693988986598246 0.15242221021208074 0.86944770416061257 0.84602413127141896 0.61829424284797418 0.31535467438512782 0.86402622237737559 0.24160875107698138
0.70427062542835372 0.00035286382730419507 0.87133192322653019 0.84126653719451672 0.29110989805175763 0.60025204036190216 0.97593074872066776 0.72270580588608135 0.62300392026194318 0.81091934531522802
0.030592993969115568 0.39986911440930711 0.13997690665909973 0.83438559904747678 0.52598073790382127 0.82799379654460203 0.64793800932626433 0.10224045126137186 0.26819415621302506 0.23801059684411235
0.99254020301675461 0.33094908798471606 0.10464882997545881 0.56509228525226651 0.40210470623258826 0.46903084831740777 0.1349381321414112 0.68199123114612459 0.064987738709520168 0.27427498188269667
0.40554356892438864 0.014224103922151499 0.22588926066908582 0.52936344837298221 0.64110475441568771 0.86793340012711317 0.28557624742335613 0.654933645223022 0.68966260594347062 0.54297268836044699
0.85099624134185037 0.84792902991850039 0.25376501088916487 0.32611640206145781 0.81071431998824883 0.55524219799615293 0.2365857784479754 0.30577785902712967 0.1702311734604785 0.39340910684640068
0.055749626514806569 0.10393637421386286 0.021914858874071231 0.32502341185444567 0.06837662852596775 0.2333186277159835 0.91136949041988424 0.25323834554779506 0.48994068973004207 0.70692825315515573
0.58923929072168946 0.059747225839643689 0.78281753214984806 0.48354336867568465 0.45104527693295232 0.47734464583345054 0.97404028336663639 0.68971677748847193 0.72829190029182977 0.089902846625967966
0.23779402126204968 0.68864243946490167 0.92716533325716133 0.7990789438420024 0.81759905755070539 0.18723162642180585 0.5310803362421973 0.083443826058198486 0.30945213001374766 0.090543033053249442
0.26172943781959662 0.29583934315867139 0.95984697238163807 0.65519360520988923 0.60850142586758726 0.72999492568312707 0.86493913015097956 0.42933968626745039 0.57596107819259323 0.82217201348971725
0.6088900543278849 0.80845951955911588 0.48134946651515503 0.78898625253404653 0.66519154239957357 0.59871233377513988 0.67278346607880402 0.2289841819761595 0.98041303874397412 0.78991412939230188
0.41270188820324655 0.36089433572014112 0.50269464814585452 0.66040797020348152 0.10597770471707794 0.7186432054769416 0.73110235655431299 0.96448005879231125 0.75874414443764415 0.96734266859988016
0.051070340781768794 0.91818715199945633 0.81969933361264835 0.5911703646271258 0.70457510845665228 0.18406525185379125 0.90169645450948832 0.14477467744386646 0.50423390532847789 0.24192940628188525
0.4189989259323123 0.58453120270251369 0.81037516095940521 0.62500966953286596 0.31703775350180313 0.0072600422889828485 0.57968413323689816 0.038067582085376125 0.98753655530291018 0.38025434622701676
