0.740245371000212 0.945579601546351 0.0752579922809626 0.0246811449324948 0.0591294800436235 0.612694974483359 0.0984482296015921 0.327024164551723 0.967270578952905 0.843325229816819 
1.1556378571832 1.13170632275275 0.186353719549089 0.64815530711862 0.925423300601428 0.42884359575223 0.865978172151646 0.458929094045561 0.627838763551236 1.2710608307001 
0.923696385349026 0.931319992208289 1.11150722517079 0.429386990173173 1.87967455317739 0.321054242535527 0.579159157275085 0.996929816374636 0.84932187346923 0.106174562852906 
0.75498007232388 0.345073871737801 0.315366747289534 0.166814077038366 0.82226224372196 0.0734872852570635 0.0536552220938516 0.42116385719021 0.0766570178261308 0.0142497280807348 
1.78499083123311 1.94000099425622 1.36860493616487 1.67192938188367 1.59538689754004 1.77092496577637 0.797341916823411 1.73883151256356 1.32281015407094 1.21061711060605 
0.9270326254845 0.225135419469025 0.740805276699897 0.553482869106709 0.616698972988599 0.752067113204765 1.00867855530424 0.447460279847214 1.20370859100221 0.980654258856279 
1.81030392425559 0.801909671461804 1.68817304397786 1.64877244720311 2.14808637913118 1.83825697387702 1.47780350030226 0.653533560934976 1.05341288549555 1.34303159583097 
1.14041367001674 0.942327936876663 0.246388261409627 0.507401637807216 1.19145127397699 1.10958228863454 0.288700634765359 0.620958260652737 0.618051519212352 0.731571243661776 
2.45891115469986 2.43728723438858 2.1260254050661 1.56255186306252 3.07524936872607 1.8610035396156 1.80510350939836 1.26318033520278 2.3481600960177 1.39332789613177 
0.69659324591051 0.813556878715435 0.216244546285251 0.589571387133964 1.61016339171733 1.53308908507103 0.73718629894791 0.631009597055881 0.794392284700281 1.33134943640392 
0.439353028330527 0.11791055819315 0.560474183257225 0.977046472257025 0.173808202562178 0.845030270864512 0.697378106093408 0.993697371644269 0.224905966436933 0.121553362659562 
0.987053621019961 1.30980815386818 0.896387918158583 0.368452490392012 1.23809286653399 0.91001800890332 1.24690914319975 0.225805378510556 0.783712272179022 0.381102484872068 
0.504597528677568 0.42809795729302 1.39557163680986 0.476655864133208 1.41104542021848 0.743057126842981 0.428429424602586 1.10520436202544 1.29794682531301 0.789903120586352 
1.52481718848961 1.38188597855985 1.52949206936225 0.852356892121542 2.52928474358454 1.03548087504126 0.699044227409564 1.23764031062422 1.67476568924697 0.867693616819845 
0.409669884516042 0.87007611895709 0.636352909555447 0.988121749932034 0.628835220134837 0.860989127916336 1.09555977715608 1.03166739663686 0.187877454000171 1.02275062113457 
1.69812940465751 0.877892428979858 0.418287826247453 0.619333023248104 1.13284568170297 1.49981058810576 0.738310717745346 0.831373539995273 1.15772504186329 1.17233844142102 
1.08970145892262 0.401619439995161 0.811099933998019 0.56719328851331 1.15758754383386 0.765262975591434 1.4965609587509 1.22057831423011 0.332478896782041 1.17179218184743 
1.94069627300738 2.35592797996778 1.34053927066442 1.61351969840432 2.02517477254211 1.89562707551151 2.1031350719375 1.57116208202074 0.851667878817972 2.50389709699602 
0.991118126915607 1.20079382779303 1.08387722236855 1.37858897422074 1.59072608807067 1.16744264176677 1.31553061552115 1.0902038236216 1.01326522743541 1.41723550713428 
0.661534021211312 0.900528147775921 0.292134604328422 0.375543611210605 0.432251512304417 0.655864910179248 0.941561805565172 0.0613749528893824 0.143651802542597 0.863342826124875 
