0.576026633694074 0.556037792148197 0.827037753422113 0.0432330150148063 0.879118983736763 0.815315200072073 0.643076347892608 0.512167374817129 0.722979442171531 0.497070378791332 0.990961797944823 0.660229411313164 0.0663740868259459 0.719798394096302 0.529108814859438 0.313756629982264 0.487051168905766 0.722573835776845 0.396090531695318 0.369063377656495 0.0431105606983847 0.0714797901426868 0.304104368358281 0.373837167627679 0.46722025836573 0.194515832327635 0.821220689338316 0.271650095233948 0.402203755859772 0.14978879080806 
0.96405096627628 0.698352793010853 0.893173243594589 0.882895620895423 1.16760279262682 0.776623645102155 0.991359392219841 0.721767259383918 0.896687924302349 0.464706218425564 0.797476564510856 1.23238574025781 1.05404975761 1.05609256415606 0.629124324828035 0.58218978767063 0.493166394706445 0.517818791165967 0.969892910821314 0.687258737733237 0.646223594241568 0.811244120025482 0.921323699771726 0.525838714000817 0.476330616097705 0.575872410594286 0.849829098210287 0.280903610187324 1.16298256228568 0.284980422007367 
1.47046712294238 0.938414937189062 0.44472467920034 0.690952775239878 1.16301132748438 0.274409876083556 0.546561390074429 0.2877340193409 1.06385258448219 1.72842483620593 0.689477298623413 0.896603020622881 0.705827301175713 1.4298762940297 1.05924258304208 0.566268383344177 1.64503255574774 1.49766362051162 0.94426182430344 0.106757037163678 1.01189747838969 1.42968904559303 1.31479416299246 1.17330945839088 1.13965948033368 0.817241821171935 0.104912299489209 0.164670989034468 0.598590204976529 1.33049683482006 
0.452809836096111 0.344271265329673 0.0747287282250354 0.408643087896115 0.705373768472804 0.2318503287546 0.341736906370975 0.0584751265431003 0.114973012539941 0.720796933659262 0.616700843944367 0.60312846106947 0.521152263590308 0.702370212708055 0.880754645868343 0.275222295587086 0.705854750357277 0.479989715104623 0.846378339545708 0.0927511174996152 0.773460869703555 0.701436035655971 0.495737906887874 0.66678512141366 0.769750526717208 0.311959337843897 0.0865330724646648 0.14904283778992 0.176975471664033 0.738191624152648 
0.990510962295969 1.3160637034028 1.47579870336004 1.45765388623023 1.98782710500455 2.26700446289221 1.61228461334352 0.652444615083594 1.31968509124053 2.19856764262955 1.51104893289262 1.80014895835492 1.16536269670333 0.772667424635427 1.59772970473324 1.84814740266326 1.39814876727064 0.887804819322337 1.5277049428177 1.15488561424065 2.08795690975548 1.82486741133366 1.66019855526672 2.03838141227941 1.83277822145338 1.72574193126547 1.28010245040641 1.79707924002778 0.88099888951348 2.30256289690788 
0.596242269230355 0.654197031425002 1.04292168730786 1.20948450830559 1.39272143746493 0.735764870366344 0.0671133419340265 1.43582961704967 1.0498718927883 0.466149534631491 0.178358600767313 0.44359112228702 1.17669215728898 0.394421272926216 1.21851116904691 1.20573138390683 0.763497863208232 0.155032740022083 0.786719903984776 1.07344271328456 0.338031011005488 0.516434329092519 0.463134337314829 0.254159867588206 0.693166039210284 0.544655506086615 0.0834816715760237 0.573596243422577 0.329480912970103 1.13461736930681 
1.13832479039984 0.977753840355603 1.28077687390374 1.47850573498143 0.672669226390293 1.72258339810772 1.56182395642193 1.22873997729618 1.60206792643723 1.56281119575577 1.74878927723291 2.1140617567045 0.713906709484827 1.26388852203033 0.727666687417026 2.11378953572536 2.01367532760356 1.32003727986002 1.27787837442298 1.29915385704009 1.53292843342057 2.42326003241251 1.7548133961765 1.42579516669085 1.22911550232361 0.657467721005698 2.02702781658919 0.931740352846869 1.54404055307088 2.0292604353252 
0.463939323157456 0.477497574299353 1.01118308798003 0.432768567149527 1.16142984513519 1.2092735726964 0.872075410612784 0.410425891113978 0.645056252816131 0.743971274350641 0.951283387760715 1.13198639258038 0.398725689767506 0.622904301315528 0.552823305644361 1.27506307824684 0.795907102170519 0.371233694099665 0.698960636721228 0.60530119794186 0.814554007490619 1.0911071845504 1.25361366463465 0.624439608759332 0.947405813867806 0.400450195756015 0.958780586193439 0.55788971570742 0.485475795174256 0.832528742905965 
1.37690986070671 2.23353569664772 2.43631087403393 1.25413615885117 2.27368234815267 2.97025085185866 1.73679323281864 1.37443910935495 1.38829505152822 1.7555060805331 1.54884764197175 2.54817867860639 1.11581092926044 1.40725051690877 1.89142470546705 2.471474279042 2.54038959376888 1.49179410701181 0.857039260576169 1.58243371605647 1.40925766674647 2.69084047597935 2.08193327865643 1.9704724557607 1.02943998855859 1.57172216741967 1.39748200136379 1.84640163791432 2.02383268964698 2.13481931584663 
0.426197554854311 0.441743164386689 0.422065821809775 0.885058649797584 0.55771983910454 0.907697961916052 1.16916159763958 0.825918042604009 0.86792337367071 0.471881191867962 1.30674719887401 1.06066615447408 0.598345157451925 1.40576785805625 0.952669722504599 1.37715189545273 1.02495946373901 0.59698846224493 0.618063415003427 0.867213009410325 0.991567476567875 1.42097198042577 1.43407749175869 0.689317755058955 1.48257046365807 0.715385419100101 0.826979257529986 0.271049940796507 1.04343555454994 0.876189130841253 
0.25885077685858 0.187426118644053 0.246601558828509 0.74234444060978 0.534239459496154 0.108816541757517 0.485892086370397 0.525075746176113 0.033500908189111 0.438761333677393 0.57958760365028 0.458515642633987 0.41574204646386 0.636091283798826 0.277889042910227 0.764012755660157 0.247328130330042 0.142630084497534 0.328774568474238 0.0506571034486899 0.975736577704818 0.863982128020827 0.367418367938505 0.293381646756725 0.156782428283047 0.0416675951417879 0.433486590875543 0.733338270897821 0.337430070648552 0.473850333530823 
1.04500327478381 1.34372053829289 1.14656466130966 0.308003564734369 1.00468761483902 0.864892072551893 1.14962134722758 0.19315175470852 0.561615922511342 0.738493997833723 0.808161797546078 0.600690529920012 0.862796897834641 0.690320353874338 0.297941858264638 1.32849741706687 0.922071533376947 0.364744176492357 0.52631640121451 0.896269070873722 0.645452799268443 1.06270395095451 0.669735054162516 1.195539384738 0.643387929745559 0.680809782162534 1.10027500988616 0.801191225517493 0.934629481014467 0.564155707879378 
1.33971283658457 0.875254137206474 0.649109227077467 1.03949641296437 0.87988989166086 0.932699526832153 0.7064081874462 0.264803133348464 0.924957784038581 0.854203937818191 0.545571587168906 1.07130964346478 0.278411740229859 1.12483115587759 0.956952068437459 0.810566522430315 0.904095113143764 1.14523924566639 0.335564409185972 0.224158107646848 1.03647217647627 1.09567212223838 0.826154238691433 1.31962862285303 1.18118307316424 0.573673984564056 0.609990621491627 0.995528294422521 0.753929014922383 1.38457333814699 
1.07792163122818 1.01451199736591 0.990957023648363 0.317624238604543 1.00042222479751 1.21967606006793 0.788370461373019 1.24030308664676 1.05301029295001 1.18943790773624 1.4145548937743 1.81467151124046 0.342772248912287 1.44192349447563 0.841964078280927 1.67336258194269 1.6075206957741 1.30533865952523 0.519761512867654 0.359850778523297 1.64628950635507 1.24189406607247 1.67136849929214 1.42934113056156 1.02325704349129 0.500769660890515 1.17059779538453 0.632035119493692 0.924849936440718 1.0172953906517 
0.972059821190087 1.08496733720607 0.318694315361618 1.34132104005945 1.02216353971457 1.14179316841076 0.855789105770914 0.455386630033706 1.26487160870645 1.0476444834272 0.672998715024654 1.05099113220766 0.863483764450067 0.288865929878461 0.783695271071692 0.994981534500954 1.12205966247609 1.14223271700842 0.369483633317077 0.774759245161389 0.669598826789863 1.00542882968831 1.01742413213495 0.599647159871972 0.484581532469162 0.707327752542464 1.33055075095975 0.454652882742369 1.13407600524303 0.358684075660657 
1.19895914525781 0.863185122097778 0.682976112350808 1.02161027397657 1.62654948150217 1.47301936293854 0.49640232017672 1.23025163273656 0.681533095807549 0.725096276798043 0.854497534976381 0.988124639633651 1.07998890093365 1.0812545702141 0.602147349146906 1.38130548332475 1.19843610938305 0.563810411129347 1.22446109636599 0.926931278840818 1.14762695491612 1.11374409327157 1.69122134937068 0.498593683563768 1.16193044001005 0.180470950482316 0.850213557835873 0.144050278755488 0.740685147539767 1.1075214626321 
1.05513793179918 0.498613992149065 1.49809203420038 1.84590108051927 0.711673492002326 1.64098171709865 1.36800443989422 0.990066842057376 1.46193346582378 0.329119098037132 0.916593382849069 0.856012519232379 1.20345748000311 1.46751671687739 1.21418356408708 1.54688047164391 0.92022862820061 1.15138190426942 1.43900573950145 0.703576964688465 1.20440635599135 1.23029346369499 1.45249926535558 0.462724625833934 0.718540019435905 1.17304358052952 1.68709724640471 0.299553224590718 0.634178938340084 0.823468979560155 
1.49934714864371 2.1526413543584 1.66345346689796 2.42874739936244 2.34765061609475 2.95023381081747 1.5828983357147 0.818778151202327 1.53040640748076 2.38314801452493 1.25795506668354 2.19678822545881 2.03391263829446 1.87969472522559 1.71658471721817 2.09092270908858 2.27026415075677 2.23756846236729 1.96981751935642 1.22772542615751 1.82683145723746 2.48909806214826 2.13442989168723 1.92496722168961 1.75247661940744 2.02788474316638 1.7923572976553 1.07840772981122 1.85689310880781 2.42958789567489 
1.53129150542218 1.70597838864461 1.27117624581287 1.25015862323754 1.10232773511813 1.98307674257329 1.98986532956205 1.08418274963346 1.58676043624421 1.72708880888331 0.830514952482343 1.41322016715111 0.797309259286576 0.884639410787426 1.25702275160795 2.02505242627456 2.06280058938525 1.41240119719538 1.0419057519483 1.05582891206231 0.832609081451481 1.87958173134604 0.916338151135597 0.503889340061629 1.24638859379524 1.17966793747797 1.61715805377003 0.708337175593552 1.36388559658873 1.29522518503163 
0.349350737854223 0.840721496826886 0.723585583029292 0.668366343562755 1.03810875722848 0.973214953879733 0.164819918424845 0.0639288833011425 0.0751470091575287 0.317130605836077 0.142499116327989 0.746955207039589 0.703268536279963 0.560588320656727 0.320740335197964 0.431433344772323 0.45478835950728 0.563515801303322 0.153366115369582 0.378494671279797 0.143655443041704 0.894049621144754 0.715390875784709 0.467115756386306 0.0866872372417885 0.484991125943644 0.243365565167996 0.419449539516626 0.79226938324728 0.512479355374547 
