0.130493 0.209701 0.980206 0.549955 0.425193 0.0943554 0.0131345 0.834796 0.541908 0.626299 
0.254201 0.0107698 0.494209 0.374148 0.0826341 0.558764 0.765834 0.229792 0.902035 0.56692 
0.594277 0.752018 0.559555 0.556215 0.835206 0.622314 0.668963 0.259737 0.47721 0.578708 
0.26915 0.442593 0.354637 0.201285 0.194864 0.521108 0.235153 0.394017 0.836786 0.509908 
0.816662 0.246414 0.47942 0.970465 0.29603 0.798659 0.738992 0.306653 0.565486 0.978952 
0.555763 0.864883 0.202365 0.125557 0.905076 0.865607 0.483139 0.166497 0.100074 0.277342 
0.14179 0.159323 0.680147 0.988852 0.215598 0.890572 0.549236 0.669283 0.401352 0.325238 
0.475296 0.158815 0.481677 0.635973 0.0747711 0.132731 0.201615 0.566285 0.907966 0.324404 
0.80477 0.741728 0.687056 0.692889 0.313088 0.662611 0.664496 0.440028 0.707733 0.901319 
0.700153 0.887006 0.673281 0.915102 0.1002 0.855419 0.153751 0.705744 0.972657 0.751103 
0.327661 0.0126223 0.877686 0.425085 0.715279 0.136828 0.891932 0.52233 0.357788 0.288859 
0.446126 0.999417 0.741314 0.0754522 0.888465 0.215341 0.999854 0.880762 0.545904 0.786271 
0.493843 0.37445 0.768377 0.44534 0.0154022 0.697321 0.57603 0.66845 0.986362 0.984463 
0.761715 0.57761 0.288549 0.269836 0.80491 0.655783 0.050655 0.298518 0.289647 0.525749 
0.589243 0.643661 0.869493 0.516906 0.439385 0.687352 0.871333 0.208566 0.869132 0.439135 
0.0603832 0.814679 0.597144 0.395357 0.588806 0.587863 0.151086 0.69657 0.422013 0.276256 
0.555321 0.340656 0.751159 0.190766 0.0954325 0.455298 0.964583 0.880939 0.348244 0.465334 
0.520606 0.0969318 0.72153 0.927017 0.637143 0.189488 0.864985 0.271821 0.55745 0.841945 
0.414797 0.390117 0.0300872 0.839735 0.392903 0.299706 0.137157 0.346945 0.786177 0.762705 
0.129598 0.983785 0.672011 0.598239 0.623754 0.569381 0.216583 0.115261 0.374249 0.23099 
