0.450891 0.214948 0.576844 0.673078 0.922671 0.459243 0.819433 0.175661 0.611744 0.526317 0.0832354 0.27937 0.391099 0.395949 0.431859 0.747993 0.308795 0.498218 0.0560421 0.0902908 0.631754 0.710016 0.241475 0.384753 0.517252 0.265081 0.153934 0.539924 0.946932 0.773739 
0.651772 0.728788 0.298672 0.66285 0.0539231 0.254604 0.173849 0.638453 0.105329 0.344824 0.0714204 0.874777 0.820121 0.727124 0.956941 0.60834 0.303631 0.152249 0.92375 0.404121 0.359769 0.0908365 0.708497 0.0299688 0.708078 0.109053 0.254153 0.344781 0.454507 0.863363 
0.185921 0.37457 0.410411 0.53075 0.0796923 0.344558 0.952566 0.423662 0.565002 0.645987 0.680769 0.49423 0.357427 0.497996 0.176686 0.683852 0.574912 0.134384 0.183368 0.256443 0.826669 0.336113 0.459684 0.871296 0.159563 0.167952 0.522723 0.571988 0.85169 0.324436 
0.145673 0.664727 0.742869 0.933272 0.528028 0.826278 0.651306 0.000702786 0.490372 0.327802 0.237777 0.76368 0.401491 0.927728 0.900938 0.555436 0.516922 0.688761 0.468099 0.582033 0.337304 0.0682016 0.89276 0.689609 0.0349356 0.9428 0.980846 0.182158 0.0925049 0.806501 
0.0718612 0.425685 0.587453 0.243271 0.895783 0.940996 0.565954 0.745933 0.0706918 0.437517 0.094867 0.068623 0.484969 0.482822 0.431456 0.16422 0.45259 0.66125 0.021192 0.890589 0.651609 0.710799 0.960777 0.685624 0.749695 0.464863 0.372642 0.702611 0.16029 0.492462 
0.0142313 0.322999 0.150009 0.881493 0.31569 0.757056 0.133701 0.226682 0.0212623 0.506461 0.773967 0.345176 0.771989 0.673304 0.263935 0.141693 0.183273 0.0992983 0.983973 0.239958 0.135936 0.720967 0.414283 0.351877 0.858648 0.232706 0.397183 0.555724 0.444121 0.895857 
0.312975 0.347021 0.334357 0.10605 0.0428061 0.453542 0.0336767 0.217672 0.52337 0.520024 0.607806 0.745453 0.455786 0.774999 0.00944392 0.631873 0.164655 0.160345 0.417378 0.542641 0.976031 0.90264 0.781395 0.473021 0.73103 0.327856 0.610224 0.420659 0.120921 0.346533 
0.920204 0.147232 0.250302 0.763145 0.870926 0.908351 0.694261 0.00424192 0.774797 0.506902 0.276587 0.00287781 0.515691 0.660128 0.499462 0.633273 0.606387 0.254937 0.507575 0.757699 0.161621 0.740169 0.401717 0.606864 0.324322 0.817842 0.212013 0.995525 0.301 0.925218 
0.378165 0.079653 0.215515 0.331981 0.477175 0.538212 0.334192 0.171527 0.432437 0.317967 0.844396 0.349856 0.407333 0.478165 0.547252 0.938286 0.535387 0.107501 0.915914 0.0767122 0.492539 0.454191 0.746473 0.903923 0.301636 0.819054 0.402475 0.615946 0.266189 0.849413 
0.655745 0.770958 0.382395 0.761467 0.782261 0.671093 0.390696 0.109807 0.208803 0.690872 0.516777 0.127821 0.383112 0.578351 0.0238515 0.36756 0.699251 0.096267 0.068426 0.336993 0.182648 0.896646 0.983327 0.25216 0.375255 0.779612 0.202914 0.65539 0.881209 0.369173 
0.294852 0.748738 0.396533 0.675814 0.148727 0.443979 0.38547 0.391095 0.619962 0.0559968 0.477687 0.52135 0.194525 0.0479411 0.656221 0.504509 0.026787 0.456259 0.0294358 0.337155 0.0423501 0.467757 0.464777 0.721224 0.775766 0.308559 0.155171 0.395051 0.99519 0.684535 
0.832741 0.630859 0.175763 0.541294 0.576839 0.612068 0.981909 0.758398 0.838454 0.0898606 0.539912 0.409819 0.24498 0.753837 0.665907 0.419172 0.774955 0.972752 0.0102671 0.73021 0.0623894 0.555218 0.535618 0.968425 0.744199 0.723433 0.541825 0.5434 0.527586 0.510225 
0.288508 0.484307 0.0599591 0.799835 0.693555 0.861599 0.370388 0.800694 0.387902 0.214727 0.243387 0.540664 0.457457 0.896337 0.64515 0.503203 0.865053 0.128074 0.216357 0.751894 0.206481 0.930323 0.897273 0.0523473 0.400201 0.423851 0.148599 0.77203 0.282005 0.612223 
0.9291 0.375412 0.708557 0.480373 0.797275 0.300014 0.435057 0.987905 0.199337 0.962658 0.145024 0.399831 0.885142 0.476993 0.0213437 0.476675 0.884373 0.0197774 0.752994 0.936314 0.716038 0.273935 0.913458 0.244864 0.720857 0.0273261 0.702411 0.076346 0.297893 0.281997 
0.133875 0.911457 0.528748 0.473189 0.71181 0.859196 0.485091 0.834116 0.69062 0.680851 0.901185 0.621324 0.785586 0.800787 0.0428267 0.25954 0.988229 0.568126 0.124942 0.833721 0.400712 0.0271254 0.56094 0.808235 0.326252 0.476232 0.796265 0.118242 0.526811 0.042172 
0.56405 0.0497454 0.737342 0.474147 0.268748 0.874796 0.745295 0.00708729 0.953421 0.873167 0.5848 0.927504 0.298546 0.174586 0.48584 0.208986 0.102529 0.467499 0.321001 0.684691 0.439499 0.337539 0.898471 0.758595 0.616075 0.850047 0.0134053 0.0977655 0.940547 0.926988 
0.577351 0.699912 0.722028 0.768989 0.0118677 0.412897 0.150111 0.805419 0.796865 0.418901 0.70247 0.168048 0.95086 0.194876 0.137863 0.471872 0.105418 0.509925 0.199691 0.368029 0.691556 0.542786 0.544186 0.869751 0.0807116 0.386567 0.42886 0.286026 0.152734 0.915523 
0.667381 0.599416 0.653521 0.174177 0.349259 0.753308 0.201761 0.217978 0.195809 0.879751 0.325025 0.56561 0.493259 0.666899 0.327446 0.950195 0.42175 0.103163 0.526923 0.934686 0.487805 0.931834 0.235602 0.526047 0.137198 0.254435 0.55384 0.601578 0.201066 0.596172 
0.205472 0.812842 0.173432 0.338648 0.392482 0.587446 0.319411 0.581371 0.113459 0.442873 0.224777 0.0636344 0.420305 0.0753549 0.753022 0.580611 0.0610465 0.542815 0.567197 0.374565 0.325041 0.824363 0.965741 0.433975 0.527485 0.0807058 0.668994 0.544496 0.419368 0.836218 
0.419805 0.877045 0.38665 0.195659 0.277979 0.588452 0.257433 0.136015 0.849962 0.65893 0.182458 0.810476 0.154926 0.674933 0.979274 0.205531 0.778298 0.291417 0.0408868 0.897281 0.809883 0.856119 0.208394 0.863478 0.994581 0.181079 0.192472 0.926354 0.407867 0.70279 
