178.88112877114003
247.3367461106254
101.92373110337842
176.64113288530243
207.42240081386612
246.19508908881312
235.24853378579988
196.35248045647663
21.937236936733754
221.68303755310353
17.567358465815708
116.38598714074337
111.91136320804641
220.03658076177433
232.68523812599912
36.946172011225144
87.691652589643766
246.84263200689662
24.567009340360194
98.35961404010132
42.124011268021782
51.468247970442818
109.89785740490467
41.181936860602271
10.113666015063398
232.55359999184847
12.542753541476072
52.185541800806739
192.68565572412763
60.938895373374336
32.282452174287229
85.704341618709222
247.57411922868533
135.75978841347276
173.68341080352823
99.219323587051036
3.8199008557759484
4.587493482021987
93.528927442930211
237.30528234617026
74.769311866609968
42.282942736866183
145.36790449137681
190.12769329633986
182.342539713099
188.47874147855018
59.37645604829072
47.599801035761736
162.55410174130935
114.65273135765177
77.105121809190308
160.88838878719091
96.982449903527993
198.63034115483154
237.39962729582976
131.27264961124052
136.73801334052027
138.66806340619854
55.75354085337721
40.879115447649788
121.78493641084982
37.759856321482388
42.455384988108619
110.94236030400802
92.535685161267324
0.44356660759765631
10.917700849157034
150.85377067188037
170.35787043166889
155.33616394582481
162.68996605824032
156.34891117021652
14.851851502183305
15.946183337005587
206.54665127199345
163.01785119789636
82.84884349561851
14.855449193264519
137.8015767642728
193.32200985646455
11.288606081285051
75.499161300941878
207.51886907215098
119.36418479131245
2.593117210074114
173.3849908024898
148.3064476083189
30.177527916627156
143.21778922843015
47.723513658025091
69.013306856637072
6.465155487461888
147.84943954194969
14.260221252902921
154.7965663158563
226.30976811020562
53.385564119434747
138.00639856010619
207.54323697372752
172.88576704556024
111.15186802696979
105.78485772351888
12.655776200456087
148.228768413859
33.478850247280128
29.223549433016899
196.17738869525701
213.06366339653772
186.62739732545089
198.30839524389336
141.69475435096263
87.644204132327246
233.94155616428867
86.618110834970665
237.97084942280355
35.517644798197509
22.267522869056823
143.37965769268672
110.14843664935815
185.70063475992285
55.957295341153774
63.000924266667774
240.22185661755404
150.53762607872059
179.48124041150407
190.41233565566992
147.88176048878154
67.694075221802052
43.311949612250139
40.566144494185735
75.808042895434895
88.637238577037223
149.34395363563124
22.493483875963904
74.10286530955139
166.96167851218095
166.56910080340424
223.94931152768234
160.21904704159809
39.570778623417581
241.57054182715854
80.454957025014991
25.84264241880425
189.4151087762335
192.6284072764567
131.66256647060428
124.22194647973602
11.514457475073794
235.9759794746785
118.38164914694295
30.444310580104364
10.64704506171733
56.777749833724897
74.893839046465558
131.80806940230261
237.40202350135402
120.24502680554801
114.98659109385305
140.35885649158763
80.05278403522297
197.68390600327402
39.895096863818381
102.64932466761846
69.480263507800558
37.309518710147138
214.03547892614711
215.23231504034058
86.512248451949262
106.93996496966544
51.992726245934776
95.117054086123346
209.08135024074576
173.10872430766599
5.2506501256720908
116.04161983842498
18.008497396063841
121.87926040129739
156.12783244108897
180.07592646241761
180.72726127015551
127.70806469007034
190.11195950526366
63.892241908561282
170.85673486067989
49.228270632280761
101.83280144887878
230.11097468608889
106.12970229879039
174.69478452278179
12.567804580229058
205.11141026327257
147.96613925245913
217.71065055743989
101.35723569208731
173.58294665361407
38.30645742529358
81.089161251265921
179.04446534337143
53.212314287512591
90.338744392667635
27.038178221442788
81.196437576263122
122.18587719039729
124.40202105727384
39.565593041629981
113.7164651310585
160.88785928266213
165.88769875703545
190.46730446142033
129.63413914229187
188.63492178844032
125.64705265600273
233.69544221511336
190.67135138630846
147.15466776500298
147.27086566637118
150.48140955307392
30.234697840268371
203.95560131725026
153.55991850667886
221.1756148894508
75.494953600654682
230.90415125174303
165.62765339161766
131.84474788386157
201.57397171608835
109.04595218173625
41.643608800525215
170.18900385497179
24.695452276443831
172.10091825951704
166.19076353954048
68.207683078380768
217.29183626039043
101.2306783421278
28.544411156087147
131.93379782852693
159.43859383676499
76.479151627761865
180.58257129091768
61.767063344869257
8.0075509196740722
247.73437141390485
201.55679860581517
193.1127835513592
158.31628038293087
41.854299627823153
162.56120046228813
58.629788631264603
233.49853202041683
