52.596483434052921 43.115983997865662 225.60796543262435 36.88302262422981 129.51219998249013 85.600082135328066 109.68829436500816 144.94357166489021 6.5409371710648365 237.18536689642391
230.16941924704281 42.05755323124545 139.32872151821374 54.853868690622242 237.46183049395574 86.836413830670125 70.482700253310171 237.02214928164233 243.04758822921528 108.01865579140575
17.832352139564559 37.018195197247238 110.02704154491937 215.00199350353381 38.112458508173702 143.30270235093323 158.74127498115411 101.21185010128868 192.60889101524236 220.25273106267542
154.70463800062589 181.7123249667392 193.37271083906231 58.49068840388032 20.678970220334197 161.32532014562466 84.046310316239811 181.68884171014582 76.501250492204306 130.59417048482868
169.93034721100554 161.04181284296999 243.82832594530421 97.281308825412566 24.186995417165384 190.95012509828064 104.4287033224431 34.864800581938567 61.212774451167199 24.480885819300813
77.131454441216036 119.15023550949756 50.650814780709219 54.07017680351646 9.435425346448655 79.985274926211005 232.4783281524463 119.47785188048047 111.58314107179058 30.640934831575606
163.48805033164274 43.055068193445109 135.63663722255592 188.48226383091668 183.69273857474062 147.60814156685819 192.16713475877398 1.6500578772620622 91.467144894685561 232.17442158164422
36.025022148334571 150.390647474719 154.89629604430263 12.752374009786498 159.53023215857579 232.57975401377115 98.450470225401503 21.273747379778897 131.42352228797435 218.07825864234169
147.22514555650022 180.12710688024728 99.230007892711043 124.40544663872868 20.268541642684724 184.64256904772427 237.21117730066632 238.41912811236071 191.23855005464517 46.090385147957342
106.61161337017876 246.86682951997756 186.69768998865132 105.8667703590606 64.125049885443005 35.787397657004796 234.81715213183597 215.42156286934821 178.99059540442684 19.89732138925644
202.12506810609111 222.39426995754206 241.6822547909361 192.52472906375496 159.1812795099579 149.15583037987116 55.326078999657817 158.6570966125102 222.32474342582677 77.127995089317764
100.0622898805069 20.049745941956058 62.739888872981751 11.321934490269147 21.621981308555231 21.346471083312235 65.114854305100437 185.87225319516887 18.425607450923071 124.50871606596543
180.41173657607703 221.2999050366885 22.726350459414412 4.4018476730416198 218.19640401943246 121.98706501944974 163.77856567244092 114.97095091635599 203.1259932717557 94.227087822991876
197.51260509436273 127.912773502845 20.970099101546413 162.7386080788456 223.88187056093051 53.584597153559471 20.264471149007822 44.525760552365639 70.689880386524948 241.90897364412783
226.15482313031021 230.08572362938094 187.94746638762811 84.016864343515778 222.16281330449175 38.054373511259548 107.0563222368533 157.4120719745695 65.798960865537595 83.166404170134641
241.81880846482599 16.130626957009575 57.741660968959096 95.239728719296295 186.29277806682094 11.786222520756406 167.63379422967228 193.06968581030725 15.387759517545767 131.04974384048668
94.834449648820637 91.246784668538382 117.09893539394254 19.830119774665405 236.14403021727685 202.61944113819644 45.826479035888923 211.86037993064744 231.92051470662193 80.51844350627934
204.67557651314644 85.249945292613361 210.60331920397482 113.05873639131016 118.1501217219172 166.91550938693493 61.658029111800005 170.88074077662884 9.6553592282915641 42.955532743370924
2.8322777805131039 211.00697129033452 139.35250677127371 212.26480546628395 13.437485458594644 149.12493813206839 195.87980997955208 64.756499767623467 231.43169257569551 198.96734033302053
33.449707259645457 16.356373299580039 146.89998937051453 156.38252595725427 93.128946220490207 230.87450610520071 162.39216688888069 120.33286353012879 9.9346520849389659 193.28406035455026
200.30820195392553 23.163081709106002 95.047688609514069 48.242497826454056 89.268282512188478 5.4521978034779615 102.68100537307778 85.019494417353869 83.278630388863888 5.5267264080519265
21.616035526799287 229.40669692057995 226.44833615937401 108.94340701880888 184.75390351491535 24.697810921306306 60.883763703665565 56.832615677241755 57.156242009039531 181.21574304777911
70.052860620557283 191.76784493279393 61.635097669905811 136.32835275239148 222.83542362707851 107.12347279009006 61.183138912330115 164.23905753595619 238.04825968981152 12.928721293954098
81.378758208926158 59.276731879976467 127.46092984494223 71.223741270513102 150.97845716957605 107.4790979078651 100.03718257720078 248.85909965791723 0.4770754842254421 210.83685658641141
74.605862909534068 134.34449817789354 188.5268104530646 57.959585313906672 64.487342293111993 120.32470814971231 218.48739657450764 10.75138955082287 202.31754729880498 110.12510335178389
17.96792618404606 18.519357370376476 211.80261753878295 77.940965150611007 45.499746627675961 228.12126220666318 205.44766366559554 51.150582882100849 85.379539897944795 3.8969693970613672
21.18085784316888 87.656153426442089 172.02096021194669 84.888910571667452 157.47820870135826 41.344580056825045 159.1534450423467 67.271663902699487 40.62903092877486 32.34640807618986
79.021579698443915 16.427019928475989 174.54986912290894 105.97348113162177 68.710538698368921 32.771483248438827 218.15479577735246 49.53708779042136 43.087966251266444 169.01036171210134
86.9068400386425 46.983563923608237 73.120364247003394 205.36685093037477 41.637106276399784 48.446818355411466 71.527184444920607 213.77462977979457 5.4818251538407523 232.66204125070237
156.69928911458842 96.897430353184475 109.57434978597975 165.07434831037699 142.02181388563443 15.489806077269613 223.41203990825559 63.388733858239469 244.35202222603399 154.03319592648921
240.01882920469029 243.6073405981588 65.399987015891384 105.73523685139503 77.632073906705102 9.0681695815782728 234.31616266056704 27.73846465492856 238.9502968538238 18.126993872138691
53.006713862968169 20.66889684044483 117.64527937194509 115.959231821104 45.213662172986922 235.04526084410674 99.266603171317698 104.61952545579896 211.48581010683318 102.81929728978486
96.62285209417746 94.614430625283788 193.02330354478786 37.276665255338195 66.32132232601117 72.854725743993811 229.61951695574945 146.36750090161738 176.43637045914966 217.03556767847331
155.56774612561807 131.50101594790982 53.331949375723873 24.377548328335426 113.06791813266211 162.04001188055392 231.47035597689643 166.84653833499982 137.91992707913067 193.21719748150272
234.05270675153244 249.47743654243945 2.6696623134212616 160.41877968283885 32.412558488413914 225.18575291268502 46.025704641200882 233.60650110423254 74.25582327045592 77.179060061732798
189.29489236346026 218.13993843791314 103.73163961949213 128.34234522548311 241.31586780420497 16.715977009984574 201.82778660174742 160.71648341226432 11.308401639946268 35.513952902610711
71.612772329317139 52.789569730715954 69.712255827590255 101.0746488153743 105.03173730813383 15.945455861642237 65.71360404105846 34.415292137608674 85.452031424856699 116.33751504785742
84.766471121342093 206.15937908046911 232.53278439636233 132.87806181690246 184.95356963096467 55.299428394232869 46.957418724403496 74.965360724865974 33.503813560636821 230.47735616447787
9.7576487910820227 95.169016605787675 131.08812578586645 83.769926425794026 45.178446872722532 167.78414898967873 114.11299409173397 17.376416331902384 197.50321252345859 108.29299203118418
9.4064723279723523 145.19842759314267 243.02581529185878 160.77324216957473 229.10252212451775 168.18929630998554 85.742777203828297 18.184282692057167 113.52710208580162 58.481121133587315
105.39959010318066 195.22273004018757 162.54876020380482 40.889710420938684 142.54147833710246 107.60318650167426 135.27466736661694 93.315437660121333 188.60661438371122 60.179856290950141
76.361816356668896 65.838261053849621 219.9683758480769 148.25134106482616 9.105589220859283 229.66012819463478 234.76963508534655 217.32993226983982 60.094571820162798 185.2277680402814
6.5304509716519021 236.16975569900649 126.90420463794966 39.648261759346781 13.537358638657913 31.414506408553546 172.38784742362748 29.52839430883834 191.16351502975235 158.108056851697
184.10933867930777 3.1518381611874537 240.45042466662977 25.264162875294549 14.560402215233369 149.21337652052162 248.09949677712032 61.302843462375506 114.2706578736672 96.344863663519476
137.01195373784859 224.94395339641252 123.70740407233755 231.11318833765552 113.92797689798191 166.41627758887128 193.52515428391533 191.774813712434 142.28276886003013 140.45983580073931
40.18239317812057 222.97525649411011 212.93199467103236 109.079970357634 153.48396949485371 126.84996695049414 236.89836332842356 166.44078251243451 18.5656336357108 152.90913887008267
2.9101705104439932 181.28753174674881 185.00412928081192 207.91419577330234 236.46079427914572 89.409155908748261 171.26764376471985 151.54722619841652 12.073563482353658 219.83542995189015
235.72326287454763 118.38084565006197 69.147901778679483 57.048275636191846 164.91334053342021 53.397265882828655 139.08772291790186 46.120680743906973 86.238277732333046 86.791588989468082
100.60744832211483 141.24549521266346 82.460383471476533 95.617968264795422 139.94165780791738 241.29565138047641 215.60501667954853 84.118401943342647 132.91432338280282 84.049717267474833
195.74243963970957 77.649105964425573 186.44006403677619 196.00385290172122 116.02111502772459 48.586177643925723 125.01234191033842 97.047415682324029 76.996012562257192 195.51841080302231
2.5841438510562753 100.29096682884158 183.91489014945734 249.65752655416716 23.486271373408041 122.3904805749232 122.45380098519131 30.395796144416796 15.463117147171534 248.08651763383159
120.34202514090296 40.373390176731149 190.49199647631951 191.12394626747002 2.5528636278947081 184.01120099935559 186.26273724321297 34.940494478853402 234.34399822427508 197.20282772614033
1.8297221784055018 28.875137843733338 89.59536855319665 121.83147467288126 23.465660404605913 99.018813255365288 146.63421021984414 95.672096721567826 138.21561178919754 159.2766302519162
246.28031297178191 92.818811060200218 156.8195226674118 41.366719329664086 171.3826208739024 185.18009600105628 99.548717416599416 82.553506894715539 194.18469460785801 66.708532474857648
210.32369698306186 114.16781926660931 175.43671314519287 2.0689352430657566 192.08843559756798 44.214269673762487 118.41479254632502 106.11957949424749 84.357389200770598 98.813687166995564
153.53334332581437 156.25756012396923 111.17929512240761 199.33563263581232 49.211836952499155 44.137718580829613 11.128862967134344 1.6773556397789546 72.33131574031691 15.143907810366102
229.12833091165879 172.40868080978731 205.2066937747615 182.15802889796268 175.42728277011855 47.046378059862903 131.56310221142081 153.48194678535324 220.52208602231434 162.96361123535522
90.730190441333562 245.10246161731516 145.39273351106368 47.589430808441868 11.305605026532561 245.08093772575663 56.065554760643522 68.74637526272744 37.491277000457721 67.740264528798065
39.212337872756756 93.6728827504527 95.240515777333016 122.39733941096286 145.16692392047852 142.70763044787017 67.571261359118878 2.5978615960793427 12.555520241243716 226.2936315541138
49.912115615187396 34.796083974417236 36.478829183765733 133.73683824248712 72.643575450110944 148.81475219285016 48.09916720868766 164.30913736157535 33.532827896450307 84.601189684739879
245.346632755261 200.01038938362373 232.25208946866695 31.947622968509851 95.365117639864337 136.47428351118543 198.16598834888865 238.16717372320986 51.776701533605348 123.33662636116512
216.72487870185361 187.29171127967604 200.23225385800052 215.29401131823442 56.519327056642688 61.425977669085768 240.08226458663935 20.180200328835451 179.27604273878748 27.736797745421935
232.75446099278088 214.90822413489039 214.20860259145812 111.35545618131432 241.21474148751338 70.274965124853111 126.56319032653212 247.84635855592956 230.40720729769038 187.27045342993279
92.406689544311263 61.417570752072031 119.12501422775757 243.93396432251004 68.820282532593765 137.76503988308195 231.96985903490219 161.08098847794716 233.09568798841573 18.206983914433909
236.80000318357443 179.23165349677103 58.10613543869232 236.12112637613021 164.94476788650326 229.6595447963528 210.05863026395713 205.83395261534505 41.561446220032451 134.57348418138497
244.72922294020822 28.392357114780786 40.159275671982506 240.75580383313445 141.50856060972146 97.842937665298123 97.94818132532103 70.231445512551744 27.245623785161332 162.06653138469321
235.13889259621598 86.885062260494237 237.61509878449132 131.12284150937899 129.7357214802098 3.8350729084508761 83.915476114686157 54.020803254843194 155.22565687480508 80.995524526464791
98.543824475256827 200.09432228952633 144.87734133188656 34.325152127213137 179.06726233459761 48.168538380172613 116.36067861126268 222.47154269637281 9.9412730996476615 162.04940627006908
104.3702360703646 149.77287836220756 217.64717816649306 224.16191237050168 5.1789242925841084 88.889346536549496 124.39402578409666 21.009197949793982 178.33342051715613 210.81922310166954
168.76863761884499 208.36235154641338 217.00967300730113 28.303243416785808 73.915585313584685 63.714988944680329 36.499303212975796 243.39583521047842 193.22164647159553 245.43724219897862
132.11445146032688 64.054762566772297 230.3671929790581 238.37005502673355 156.12311583061464 209.67515444777931 150.49001056946997 116.42670509675608 101.27132154413314 213.65264489882611
201.04760061602354 187.37856930009602 236.38839738087523 9.6270610163278025 221.73356616169264 152.41838433993502 172.97683633611371 147.37082089126534 168.27608822951132 47.237490913749916
73.117954743295954 191.15070664161865 216.97315286544628 240.33144671117927 154.82317910755023 217.39430730745559 199.62211813407259 58.092723056532499 53.945808156556652 235.51343116962667
153.11084657640473 131.76727300544385 198.92991417853332 127.92623971737346 150.82710350237443 182.11524442220804 30.467593556669218 242.14210253569709 37.463833473531352 50.362471553502346
219.52122512408113 243.40112430538568 199.52356200738652 184.4010882434078 214.19478833499579 50.172859540180234 194.33197362120023 175.31579671760377 200.18631803450904 206.35371289812414
71.159414838408864 186.40219193019843 237.46438887099598 16.886460128690228 25.480772063558931 127.15601814663555 189.83784712662535 164.97771156932183 45.178696279905438 148.37346742191247
154.8965683338607 122.31618729567998 181.82691001331045 132.62861602035585 216.62286944344081 93.617667625611119 34.08870665672768 195.8204847631641 49.725108828189825 225.72698096634525
243.51475540303343 74.950743244945727 231.03302416260607 159.17733031539501 238.38065227200769 215.15298358027894 101.89269975375564 230.03475463585514 240.60242433464668 249.10840319637128
227.70243167225692 245.48605435112736 194.79394022417762 22.106410341937927 113.74930652975941 151.54986417989431 1.2228098180247615 135.25559813924215 25.265157966849426 178.21649563653204
114.84539993833056 48.43544818718658 20.905557525138601 135.6075152994205 132.79794336634953 102.66929385048469 43.282613428788075 60.017582545043147 149.76702077221879 31.841928172892068
119.06096004051868 55.787560759255911 232.14022320956545 244.33749761201301 193.35670738721552 143.40245287412452 207.41465182013687 53.946786029093879 178.72685939147698 102.01955727306218
192.58487142268442 248.81539847901334 106.02720158849611 233.21422835090559 2.8267675167206021 82.912777305380374 173.700733163716 125.02925923778032 149.54014690048629 225.84355718398712
73.330494706934161 216.79636275916144 56.270223174855488 33.375592758151676 245.69909513430179 113.33402097377761 164.21236858203153 9.8382460725754228 111.76118391198831 91.405800302195374
117.3095808694173 10.625060681601722 59.639542812494966 229.61461987276715 211.89601438759314 110.49771074316743 38.125182508378415 46.320321820565212 233.29302780114168 73.316346574048723
189.43259643904261 162.59915592511481 125.89886307030825 207.50751435014774 142.12102744562151 60.229882602182634 72.58535371092357 18.237443807296039 113.55424466334622 234.88051707447647
11.963230152656806 206.8377011767198 196.61660620412985 12.831246553400382 121.74433556725846 137.55277140434106 247.4490239464686 14.795887665408912 37.303253339166716 132.98684355666049
34.761963611828357 114.14817404131121 206.47088051533996 31.040015364905841 241.38531499594353 71.943115134564707 78.359941502568603 1.9576260353136423 57.205869104571164 146.26087676061857
6.4287308735680009 197.54832585419501 150.81679790096294 115.46960195452623 228.88174182791968 150.51447950056377 165.69250245102737 155.94924709707547 92.501473703653673 39.66360953050345
214.6404126495423 247.13902335187396 103.07822368125446 189.53426577340809 69.724370645691693 166.58411224892166 50.703545854131406 161.57795591565565 235.7111761969982 212.88437809035005
117.18506171224776 27.80679301258197 214.50861777124354 148.26262791300584 89.144575252705351 68.952927661286807 239.71047251349069 3.7519253950821621 67.604641971188741 73.561409188511163
24.706453128650036 4.9207561183277182 79.652462099586529 102.35582199592054 57.272085924731108 222.27175280189633 150.73715801942137 113.54148383175401 227.89255913721769 227.80355983037288
139.4053238840909 83.579852974897662 33.516100893947481 139.30022748211866 65.75510161464392 120.55799864766175 91.936211134392892 179.92530187617018 165.24379602582496 135.43513813966769
172.69532089246277 178.74183119602756 8.5952189480833603 100.93461262554302 164.51769625325167 50.666688218175587 150.10903895605873 55.528809695304481 193.72486910509988 246.59126669337883
203.8067498524747 38.369368871926312 62.030416772150943 239.5583080288238 204.27344383257849 221.26094445359627 133.87677605410161 95.205877892881531 173.47539780710554 150.5226735187984
143.63744732394747 51.106313833368873 27.714871761073134 97.886349856264388 205.92339213270549 33.890378221893769 17.608009930810059 229.33979146643696 87.120734347352723 104.84092607218818
166.76247959515075 46.069880691993454 70.016110279536477 149.74331909417515 153.61082643614694 1.4189950835190979 247.28225985132042 106.41660347470895 132.38685610756932 201.34951673503357
120.3063147469738 207.77418683891955 2.934812009956389 183.10510034025788 181.31528855137864 134.10789565326715 97.173205146233656 200.20457999071698 241.63565398536417 107.78012397139271
193.91496128156669 189.88320892740418 16.366043833566863 88.389391279971051 186.96052729115519 187.55322967042784 187.70331559515051 209.61567789582031 140.45413941975625 178.43177849928392
91.011801403931983 77.44212023427373 85.727555461127906 108.59141413419381 123.22656460601934 85.052481144195653 40.62539616618875 115.47524213972846 33.507597251858741 14.066107885902827
208.41123955588492 173.33171994940193 24.967762087425665 144.53123888063593 0.78782197697858658 209.13536453256813 131.15503977494484 55.029668335549189 173.6140600567868 35.254507188910111
5.4213749251140033 164.6835368471649 33.642470245803814 170.14086799095716 6.4799951824896338 156.68324180966482 154.69057122317173 53.457480806473463 151.34551173159704 188.49234744419641
99.216778894246175 241.83774684295335 151.44140285675536 200.11399261798741 121.96974807778689 32.399355293891333 18.132831248829817 82.067633977419632 3.6027314992646944 19.928321257330833
113.33395983343263 63.20375227684093 131.04267548209597 69.639005759900499 131.5059680489432 231.7062621812151 165.70788011396064 142.96137240518715 96.624565324354336 139.27531501031979
196.99030459132342 106.81672121740908 191.29244634633505 25.833227885241989 112.52581574223096 181.8227461562775 225.04342677951274 26.813559410853209 77.085723450587111 223.68905138826563
85.78346145696645 126.60560717405073 197.03531945955342 220.69826929862506 2.332949065559986 240.47203445749403 194.73022433188154 95.247411928017399 246.44500477160463 179.8305290812952
4.5665113096876429 165.83914341286987 182.54261039274195 202.23022204277814 219.39233770151378 133.69878553077365 142.3532942420469 133.81946117994585 167.97462804339128 202.46465808749247
150.67424452909745 196.02082054419682 225.82852541760215 167.42489238348429 49.878434857050941 194.15028034075155 147.1322497806467 233.6738325954127 205.18104593954706 81.18022500320339
213.93643029329789 205.83817678373347 65.392567470323243 126.01054438098289 52.67802212225952 145.72303313011781 229.9311945009859 48.544447403020683 169.70254127780038 220.51461225476069
138.80220441727604 114.35324892214784 242.27826688908019 7.4549761558773522 114.61085555614702 104.25955917912867 149.90426563933167 182.40992971835996 143.44855124946045 81.007786726152787
192.968987320971 241.75632990811303 62.43871249196355 211.24567587480681 174.69543440561969 142.38364626716202 192.73756498524816 171.07552428791456 31.438162104090157 90.027960393877692
202.30856828109009 46.276715721894391 67.495383200464786 151.26934217479635 18.803209293117057 73.456334129590303 106.51697713619971 50.876234577734202 204.33249049334543 151.88425904631936
58.033052678336624 22.400966214699345 162.49860864584488 69.43546662193333 6.0486538064253974 80.29516765866542 191.20391240991145 170.39342433848699 179.73542497535232 221.71898856771449
67.138401633616994 181.03042547731152 131.9276120646785 20.46441586628762 242.07494043103733 25.739407210229615 34.499387467829116 26.510418856463197 50.501380735716928 158.15136893250997
109.80673111846879 68.105160430339382 216.03513245982242 1.9769419177835093 194.46965692084993 232.01719767972918 49.371268230437543 118.89372699287463 46.061407866012665 121.85839029979374
137.74509716792846 73.146817468905098 89.552448806602143 90.118412001142858 132.18616240278286 6.6806714454997866 177.99735086894833 225.18422392656504 197.31480784141189 135.36747727307099
180.40961137033304 239.35096278282464 216.71693292356511 75.070464468611476 47.764933003245424 0.21665923562634304 181.44094454159011 48.725871279859959 177.69730894640765 15.354947312034138
29.182272797289144 10.448544196168262 71.14240775240637 19.538450559864568 99.327186261929896 134.52057531717438 213.12407490968479 211.24517254291845 244.0983241133643 3.5082794748001023
39.552742023750298 109.58091548206951 21.95010498271883 159.13510257859443 230.69255034804578 223.47974674490615 217.86931071537137 123.14199178974201 120.82682338368882 119.3495399084855
64.944222614018287 84.523530154765666 206.44735504294951 47.167632836477694 119.56813852174149 136.4743999066404 37.202695725245299 126.7055547983113 92.095148652211151 203.12136586942694
80.089853038110633 184.85242785227265 108.07647192222623 1.6555861842818931 0.029687326261529368 190.7470643716928 121.88463535797621 222.32805792633602 41.418832253392196 130.56888040328099
197.81331015390816 7.4799121185682269 197.11987461577888 112.71354702097898 5.2095106619415414 105.72966317558048 156.38698858801033 17.934427112988519 190.89313232311756 213.03477729022143
233.56657181375439 17.512013877101257 183.80853202174757 97.807977569622523 241.26101340053205 2.016908592266009 234.763506854204 123.69367402010607 82.686782753316052 75.560574481550105
237.16823351532412 113.46493499446635 6.9225316826221741 71.023902423452625 21.331411764162212 199.1965131597326 205.65044718293086 143.6640553146145 76.789557595792303 231.06435778757805
223.76139714664416 104.70217071210385 70.41333859252795 42.893974032726199 51.156212571221538 223.31342640339946 194.88678573158339 89.397944145578592 185.89872682732363 223.51127787013129
37.77117093817693 146.58617997461053 129.92778813684998 22.006365468832762 213.63993632602856 188.52127130617052 136.61282026040223 60.564084677036348 97.688431152182019 39.660351580861743
60.562554917669253 188.66991622164122 123.63873036334093 139.35399866241409 46.054741064634626 152.09515643902478 137.12287144491302 184.92931578024758 22.06247193496603 75.02382212660315
184.39055071190057 195.14708350489647 145.95550724990835 29.162233366955373 0.94279439586767988 125.666703469821 137.97449057151124 224.29244228696305 92.166017291528277 124.82544638989921
131.30658105018858 204.49106489300704 30.962427857501289 214.04909003660256 49.622816668525843 122.51112865304438 102.53668594847846 12.277705854276855 146.5836732027939 220.64508306473732
99.412036058152069 21.088918849322329 124.81486880469204 99.886200608525343 176.76590478046703 19.705724865715517 32.815487417906475 50.278022771925428 95.32223023973539 139.86975634704098
21.776738264170408 39.564519055472161 172.68738592191994 3.7348562276127542 202.81833971196545 46.317669558375535 153.59758711672436 217.31689060498101 240.2709196462915 56.273983997640315
22.485293336263137 46.925432467674966 176.96810362451376 95.902889614335763 229.42860931491649 16.27880760074175 42.870949247077682 110.83804029886487 78.466522174277557 75.959594978200499
62.58741995910237 138.62563372739839 123.10462708301236 228.09704458784273 1.3736681661965622 130.4671389640684 127.29014031308341 213.02615785560229 239.79434057400829 99.853346369142912
203.26034178181274 46.199172620055954 185.5401208821867 11.688131641861423 82.318158711119906 223.69656515267383 204.49559268578625 228.12759495544265 3.3533457808814875 207.22401212854496
52.082532506214513 48.512026552034698 15.230776162082165 3.6059191032315865 221.20285135335547 168.70366105567575 212.8880039712717 162.23051364042124 19.780461931614322 138.04112868066426
248.31927131750339 81.811538694768444 182.23077488126958 2.3584207186963915 107.75372101585971 37.863200080127157 5.8550128460253372 199.03115235644304 97.102118903766979 183.86551851765844
240.85874803623375 225.61876726206913 44.073583685343877 19.294410896421098 221.3760441721077 248.70732938838867 23.653249532658691 9.9793835215370539 148.95408907394295 35.0489009721421
226.90343718859233 216.9524377662685 67.345348953406372 111.13698855244968 50.889446200505468 136.19276563172178 222.22786200072321 28.375286213802262 100.62346103631374 218.65316077925777
200.94882980213336 191.16717743492876 157.84211257021252 152.55830852220834 48.73356261395849 137.54179155494683 71.354254899418748 240.1057502579657 150.32150111977086 137.0401779509636
228.39680879811604 149.60014365583717 199.18065402660852 184.55213552697859 108.1577011624782 58.826869111674412 244.10370777783731 123.14223634697287 126.70732029266158 95.889893543424407
151.74137188650801 34.689834400459468 217.43123668918867 146.42729792632787 131.25166342096341 112.3381600277265 49.918027578438014 206.221345136282 220.44252678367747 211.9740569299274
153.25460306886936 77.9066449728804 204.94104484416241 177.3443232249623 139.35478954887895 143.67665829073306 169.46339910508252 140.47597647382665 75.886549430578441 62.196323907592848
214.54883230137673 98.611201799011468 7.5631468775934465 13.10526095750809 65.49151279689346 120.2010085187065 77.088145956026736 48.119402909061428 13.727057235371719 121.5954211000319
122.61984434958462 169.64708224973444 49.020847907893199 67.076474843076227 70.693527346058957 43.042804921223293 245.30667989293028 215.55147053637472 18.485799050943061 176.52743865949125
217.56195091656934 2.504097181916809 145.19693655082185 44.636206694473756 89.792732633733394 157.15541040310072 48.596899872285427 95.954454279124732 217.46480824951976 132.05519192394851
225.20320020998957 207.63273486333941 200.73704310407203 10.399595775483588 101.93198688968937 83.105072450888613 15.097341062308988 140.26485505224156 135.73890520136553 25.917127979993246
46.383767595514975 182.15464498519921 78.248107363627213 176.84199142483621 68.079445239163661 232.14386633194675 182.41995270630451 195.4815398132221 225.00018418197118 160.95965091546643
0.56625608646325154 217.6942291168881 13.411808928425289 31.461518044132177 12.940720410404376 127.30831702725263 201.10688756493096 245.89045869698197 131.95889329674785 246.93117881416057
62.759843595531372 47.510236872800895 0.58779832928500864 47.858754243644348 107.17476495824046 3.0667184052166374 41.965730455140097 214.3427765373566 16.924714030128655 240.18501220869359
7.7513503938162307 225.7659903586619 187.30486749226046 238.58255558942261 154.88939086314213 235.63493970407652 166.82134762531044 45.754593194655563 189.79355674013397 179.65331149323481
119.61182261698978 125.9380022601387 229.78396990576786 32.547587052316238 84.825836727343798 39.212956297890635 13.236295165368682 114.08147946748969 15.025480864035305 29.931140820694214
202.38646605884662 214.38407590396776 13.911258896257365 245.83782076517014 42.24455740231307 167.59330461956259 55.896866032815808 31.527085490118804 168.69904517027496 133.26022824153512
154.48202410987514 98.124704799666276 133.84364586677228 143.39882661099313 20.448610546404936 58.269051008881839 97.11813921829436 188.28772832881722 125.47324586359737 145.20046880415325
217.13068156843804 69.981798455351253 96.115624550371294 109.26683685994416 237.99744926765581 129.39557603520791 95.283957332298257 177.63424226308845 150.26181958235458 33.64766022676212
102.36730718104802 4.2919132827143711 51.494058560537582 195.28356451490575 101.24055260115854 242.9904257597147 60.008752154429871 175.07005387251345 244.78082987650455 52.35858607233228
36.499739930412375 66.887479754514516 46.654293474321584 244.42962568485814 16.136324805375061 121.71698710542135 128.32889849705961 51.993787646359245 128.19307406146004 106.35100818192862
220.72159292132 2.1198557422524691 144.06487863894648 232.56900618304826 51.376452203203762 235.55616776280399 6.5726384116340908 224.11018311365254 219.41239643437447 106.77288849582929
32.027166115626876 101.90532662955545 238.096937883961 214.60221585590958 16.076262156467273 232.83045335588261 174.79752580613669 13.974322780029535 187.60551553673645 198.28338319294343
85.768745798448464 18.503694775846856 170.49391049336646 187.3631834022209 167.55870238944624 235.5469537306808 57.178699463024159 40.845450163524632 127.46487686551968 118.29550421198594
103.79327638673465 205.23149768987761 93.022300497845109 31.707709269440429 158.55331142004215 97.448911355965137 21.812750083986181 57.685575647922079 82.721304333946406 215.93605496243021
94.638583590873452 208.84186189718682 4.0649738738697652 43.378921360520309 172.67110719014204 160.1100634562068 9.1299069147334038 227.52733024863593 101.01081807188768 164.72382560745751
148.05260555676722 148.86380449251917 41.4074161104853 23.659436395244992 176.42271717339551 181.17942035943264 169.27964091238638 180.60947868020742 37.704747067745693 127.45643405110741
69.413727401642049 217.06131897339483 163.62402729540025 228.46384903663161 36.103801264549141 113.34246783555558 183.45313122396362 184.63355318107759 32.672694865143193 87.239517483100485
206.93863896548643 186.25046826999724 238.90183835933584 246.64697448795766 128.46806450856778 30.253230445835758 162.02957544487842 65.705125090803989 51.115468045544638 193.89391990911184
48.278283990303635 34.73090098923241 18.493900530441376 45.603324461045631 35.823570352839575 164.7739829498762 156.9683139406672 216.93994213157512 106.12346370555427 189.42904318661652
90.702181101045255 130.82438118609514 56.565211118319759 239.2397899513918 207.81118256667426 10.93516583807223 110.61624774652422 181.565122168643 39.09662804187532 135.19455143149966
170.07093544730762 32.388706785177732 197.5830173240158 0.31520929298632372 38.765575798830682 79.241846343636752 217.41622474140212 45.534929365711228 249.54310110676033 116.32073841216327
218.23907272066268 81.826263431813061 26.690471891147965 181.66778423132001 92.534579173191901 104.4904169697846 64.385680273932394 248.03699126667451 113.96186032989368 47.736561492833907
86.651310447471218 215.74306341036663 195.07658158317875 97.464061822024178 8.7845944559841289 36.131515859540372 125.1081089095733 103.3157404593464 150.85474140756767 64.762945416089721
174.29275702130437 153.32636636657435 14.240612823481307 245.47879110828248 17.833260780430166 246.40539345926172 149.47834422825943 211.52851708783297 152.38715164822872 90.198237893812248
24.285106906106424 82.671797478999295 199.56032779977463 232.69541757144421 149.57006180431398 24.18826805254341 59.885979863535759 235.69755543505408 36.441273291609356 57.995429311734497
226.3047213367405 96.511084485041849 90.861750505998018 59.609893973532706 185.22239718354859 247.22441060381934 16.477984289811285 154.78660521503559 226.02051176817187 245.3492199265709
143.04095645840272 199.13408361925002 127.24135084266389 176.29394444333178 136.71006019327567 48.404704517231821 220.05889860534674 75.322921639561301 173.72479178974498 24.573914448929379
194.28460176443812 222.40877562740113 24.553265801149674 13.665707176173502 133.82938453327634 80.70952332768104 96.805563626213498 142.24598838979773 53.818458652689763 132.29411695914945
147.27369346549946 59.904166330722056 226.65741457560284 133.50208629915096 50.37749946580351 214.82043764943819 247.69871062736911 164.90002084265623 44.32886911311833 87.328327839866787
86.956429043385413 41.41944495210398 1.7723104888901191 30.170628947333004 68.240773535215368 70.974778494339972 50.147404891481465 83.370784738499424 177.25545736040539 135.14683911115435
18.911351164912006 185.58650022626503 37.50126967364946 169.4187430298731 200.25262906527334 0.92456055651369828 173.13814211612987 227.70685964657631 2.6492364537591517 49.902523952985987
45.046329420695457 204.39024757450252 184.13340751128044 242.90199916715497 65.72155139127841 70.167673178181417 88.453284268706639 145.25983003825539 182.44469512433179 197.11754396690804
101.57032486224112 41.002398801465262 125.97066130779724 80.920061618694433 84.859778628775132 235.54898584405763 11.816675979147744 154.69910581553498 8.8570259410083558 42.875482906843246
189.20264481638523 223.20832587163412 164.27679995713638 86.351076229360018 34.572449260568973 92.222323980677359 230.23489121201655 216.96526434006716 138.53889671352579 139.20984212339258
160.13191767859567 186.41996183623829 63.739054767755228 176.76419136165723 174.57441673362302 75.783384148961787 81.825120993514318 139.42405911215056 92.466342157930939 76.089998951019368
191.69639144500653 190.64143139362793 28.547931644069713 57.863799060004816 142.29329975817254 27.795993901344247 30.201021004316981 243.44854527731084 62.118413698844542 163.00250297051883
39.035605403247864 113.61922844114405 179.15370644087818 97.590589142338331 110.03179843308529 215.7661227636423 84.377748309517258 79.576514591593607 170.90684965902071 21.502614955524397
238.47188365797297 207.18771592235109 96.596826199858029 89.39043335513631 95.491815308980449 101.04656748023801 241.9964083311406 224.98137689832774 83.274346370114927 148.03705056148513
222.96685865477556 154.11116009736739 161.51339867630807 129.70610128900333 219.68400468560614 96.535691779294623 123.79266924035996 230.53748630036478 227.78131481429344 154.38630699637599
169.48426845788367 27.551001829354032 163.05870455906995 66.521151575924264 202.77024363476013 223.9461653639307 166.39230691144513 24.000844450479853 6.756164846359086 102.55405683746228
71.90044100377844 47.66651050760877 203.77539581479806 164.55367727939782 185.92831252217465 22.564240815254916 153.49368256160457 109.1638541411785 26.603594911810479 248.37368949785622
204.464397613485 95.515840426870426 246.64999761988355 8.0601322721343784 197.15780602429402 168.26932718415617 239.79825954224845 224.71081405134177 140.8623237770625 162.47061621506484
239.86945208879447 164.32644233043155 84.571745895893855 231.60413625371518 67.415448502515844 109.78171569099489 142.36254445648987 62.229796570433969 22.391238999940065 242.86338518408891
212.36677774593517 194.73294876829951 121.56668572679723 8.7924023376842282 192.38031237987423 171.98707476762507 249.38723616476707 78.61628294731797 74.265108320464634 4.8604410032451311
83.866648979095032 33.893194546860919 139.40633812788224 62.376280429959643 142.70212946542148 85.710366777345214 194.3461669536444 227.9948742327085 30.441663192339913 61.617651469169488
219.90235177900715 126.24628682792029 86.325614866066317 207.55893683825346 209.33563163427962 91.81916070748926 19.570714973893445 70.475714402161771 7.5351855763587965 40.120252147197704
58.766562498013968 2.6603674908867561 48.911252312357753 91.303160613245353 42.239163652845235 173.95930435173463 161.0626854371348 62.894034507006076 76.559652833061222 180.95075241115961
235.78787552091097 116.25485297760154 231.06427960935039 87.864801029373766 134.43143793776113 71.700167198804152 70.701848181896935 164.6765937494753 67.718168955545238 20.378313354813205
42.356640110161642 13.657096879107444 229.58713537296896 169.68912459695082 14.23150955793732 107.15982936362275 84.622374376715868 93.438531733204869 176.09054761603423 180.52061782488406
234.36018609463451 18.141032435242533 25.343935833080515 116.42280706163844 202.28534304417116 33.142749201200907 162.17850100190267 91.239976345724145 171.67863461444745 231.44576051026922
237.68714629584528 35.137493332404496 217.27811904453799 58.577070198019236 101.90074783280532 47.188260161522734 190.89315708938474 103.86515495217482 191.70095059212647 186.0842005615682
179.50965358336558 153.8596872207228 101.1347428759647 112.88429727910953 181.84071053390431 59.478841523797463 100.21461025625977 109.9276319737866 137.23349026025522 175.07266564082514
29.400237496238667 137.10317322334248 42.207208358602465 46.434658690009883 32.735372974359372 21.18438911459587 51.183618024273642 138.32816638547152 188.45137083929981 21.861998506262314
100.62643964520767 32.71688532542592 108.22097212151684 245.24393990616878 76.508645799947743 202.10738436919095 54.240462887817934 20.002030276803232 130.98406462340807 201.15426614568958
213.85990171305065 59.383233654165963 36.894513240816373 63.037152722481466 71.812750069888423 242.20197406323749 232.47610335171635 160.04851820654395 231.85031556128175 187.00320112453684
215.71238479434732 73.642608574040551 4.4288180444072403 51.376087400199765 167.16199774573212 190.84834011454967 102.51376640242067 16.677846458012716 30.023962556340777 21.370332583194799
141.57192088711491 175.58993276034951 16.158410811255862 235.65759337400479 116.57215529193867 22.499735234324312 6.1456935501134184 183.10404247361589 122.47116787463229 43.676479493406987
89.572928225461553 72.455703496500007 11.232373727782113 94.3307893432236 41.777331643966619 192.01627715116794 91.945830859111993 112.48486713676164 45.081798920904511 169.30877832167658
207.82500738680429 243.7796609013516 17.425990408898176 149.12596567973458 166.14454789004625 18.76560087881716 25.581510709699533 192.00014974555623 71.385439757281603 246.58462703386704
198.26509480360366 54.604795165487673 13.515813466289597 161.3645524667732 84.599994448116661 236.75532260093721 4.4971577930020663 218.99674281102349 134.26660596634022 10.079620658324048
210.55646154909186 83.818447615519503 28.167043547498697 208.57749827303093 17.184408983928932 211.05625665816299 79.504430106586994 154.70735224979347 222.18593269321218 206.29398234184364
237.06742149179144 237.75046044461644 46.563785004450949 230.95426678276164 32.642980863659787 0.74609387137379302 218.70692934529009 113.3174370552824 164.70768233670927 147.50991220264078
91.242786678902888 246.62704942699446 132.88939209804738 168.96719055584745 4.0151271361984877 151.44041383336489 45.29282132817135 42.505608870755815 134.30720004996002 183.38136184278869
135.62153643553364 227.71903679440973 208.8258357664609 21.847207651284322 3.2034636036163802 60.25660180298047 75.47943828491637 151.48145781690508 167.2886769626088 201.35463317411791
117.99538460608238 71.384255070544626 148.12536455021603 150.39029495643686 207.80644452046511 82.209890254839223 33.439786619584424 216.39663830835417 94.177450692942458 172.43492448133344
194.20001527149833 138.28920998554619 177.41532921049682 4.580506927800915 39.08803721753938 151.49933562746912 168.51302529385759 209.86926089423454 171.24241525753646 104.59325805012455
216.75153803067099 152.39762706744924 95.30296352974409 134.47348853046967 176.30102361583499 29.872118862983392 46.795559781644336 195.620113499789 168.59245028098991 77.605422637015124
94.961035434184097 106.38614116213731 109.74241443553034 64.559484619152883 142.12083773100048 152.0508892448531 103.12761068197034 147.27883757980214 53.173805837063618 122.15090196709787
207.42937711344089 133.35727626491141 165.52827617256213 244.80464794877446 57.193211398141898 161.36953452306756 37.292435001320449 84.201715362604816 2.2866014319335615 55.651133266532348
11.110666604362386 99.131336179608596 107.40254514685145 184.42142274095929 146.53720722296347 46.764521514729573 156.73314675898291 3.8836432705757016 144.26201532908786 52.974862119449313
118.85519248992939 101.43787294364191 157.35201678761163 121.25484949064138 61.094052562096202 243.92103743104033 168.08125280720449 55.033005371117007 145.30147940314748 55.344107542248487
127.63411533831557 144.29079140900623 183.38527525687405 103.40073522553097 218.31986684130018 76.407872278320312 45.338057836146099 5.3222351626249331 103.05738634241861 91.458333625656564
236.99610061597946 219.88247451971856 171.56867158073911 66.267371243576719 24.457848135535791 19.285041260382172 14.874519324851159 193.14087857867807 81.11753298848933 246.92944068624607
54.18596025162249 133.98447837756407 117.3053849172075 213.49056518706783 19.095503922706129 244.30111039680094 146.86951337416917 225.85373549578057 202.82823497736652 97.061507825446157
13.047032419498322 147.52446494274002 207.55603406836633 34.036097126440218 40.044329334798192 37.084183448665641 74.373341032031064 207.60438852052485 20.917882472058235 236.57691263667633
1.0673922270421743 10.411416523879623 126.27186473682553 131.26272589785492 185.04939193735061 87.401602688660802 111.96119417620754 119.50828452023889 201.32695080481102 154.07822801155712
26.489435429967884 18.97995678064558 36.043436936977216 121.0275684366615 7.110227744762593 137.28474951726392 127.06314285283239 243.61368760602437 2.9159136491943407 233.79536088149047
26.659813242197917 61.732186457042523 97.53329208448271 9.0970845637273019 236.08080138794907 92.421840770294963 194.21500543335202 203.37838791888026 216.52358654141656 121.84905188916404
168.0996905009587 70.8322831121977 154.55602419855143 32.242221108070417 88.794781265199916 79.554800713251012 34.890957583192673 203.2398217834785 66.140390415189586 127.02514805797973
242.41306538195536 27.753718474185906 186.88501351654617 140.93437113803679 91.901368510316004 122.71110223501867 135.20637245924434 238.49603856598731 146.01306437087374 130.24755081378962
204.02418372040239 234.67644228052086 247.87485772437304 174.76405433535399 181.6954048639617 177.92599349729224 239.21607356113267 51.274171189642658 213.40791215152598 63.591201515803014
67.377982226251987 76.992776465028342 173.09787454476236 188.99006532179772 108.60560996755824 115.36554819197811 203.48467636773788 174.60689341030741 100.11203621630929 31.621769640985882
156.2000290380349 95.726216757002234 169.90548672648498 35.211601235830685 92.438032993228575 182.04154102652112 2.994762916515803 149.92911452651072 246.36841838301089 240.70496778030756
241.19498853292322 98.204040380511017 120.14795192849408 170.62582824409861 179.86379890574435 10.626645274338969 143.98077166444048 207.14908430089289 149.19908831700721 122.89561229604976
192.63165215417533 215.07291389878404 190.61096325606758 157.9322936841647 43.956759063471779 35.792376582126373 51.125071129679746 98.05012256127975 194.43763549942111 60.931238934515171
244.89476250558951 39.772970330424833 129.91199355955825 48.680264739912538 55.890954293047621 174.86612095562154 35.775884140203871 129.86140552508354 7.8326049239240518 148.6585388029138
225.1320938908637 33.542883956333384 85.974212629435257 88.610466297695737 217.24310082312419 68.514892534103993 212.35579131473966 31.375354016593736 77.663128609997315 37.173034133562084
236.99462705493144 134.70712026443005 49.768476603834586 63.189395617926486 150.65180018356054 210.51629467559107 45.610332524915385 115.47935727914576 34.995876481203268 115.70190109529827
121.78113755031457 206.54332529173902 230.37022135754913 59.094500884904633 135.3191358751597 28.540298172164036 88.822549843628408 81.883431793315708 197.49671226333331 226.1900272655173
95.544082216972569 231.26786478704796 46.116283061544884 95.31101101887748 42.283228802972943 140.40813017791294 140.27961191364764 42.781427102129705 153.73502580895524 246.91452194950389
53.782229711593672 172.95321302136719 160.7221090362055 87.721771817898798 208.1552828666679 182.2426114423377 114.95436493787722 20.883982376142427 14.727693198760532 78.16194042158449
59.223567670454557 43.261849405281779 188.77437243977798 158.57563001473076 5.8378044391025954 49.226333278366887 30.584723878357398 97.165149515088288 123.12671543484994 176.14442548259302
172.38260531527897 163.09257227868409 9.6911617939915811 46.106146139040582 233.2384470002909 200.6504875284015 108.05348425811158 61.162865945869349 198.13056634901235 28.496908471897601
57.3670902714722 249.34815851168855 97.96876004815185 74.66844247867482 123.05007135044191 142.46204829545457 144.70506843029946 113.65398434484368 168.9530633971041 104.06543411208784
140.59240509072291 6.3020633267456452 159.99493740078188 66.827948044634596 180.2021663564114 102.19114678987739 141.80193484960819 119.1740010739035 187.45501630675219 170.21847169258484
55.014164283579575 143.40949539020966 222.15629134985716 67.364049061766494 154.78579004841367 144.83377403801649 244.67942220648897 237.77600608659716 247.21543471109661 39.739235931337028
156.56896650611597 248.70645772493211 116.06132547775593 141.87207563585594 54.650250555874926 148.33821404895136 106.26478074832667 77.077418230439747 25.321470279772811 186.51194446878992
17.023654788961185 15.384842333393111 81.636957058592927 97.393685412748553 147.36337510807459 169.39947153931689 124.65071061920115 157.54131377052269 240.97141638246438 37.898967479333812
52.554663828995722 163.11120119955342 181.70780546041053 209.87730784672814 248.11207059476757 200.73653456860981 154.59121967289235 128.29203541395955 120.24146059625001 31.009336322184037
141.74764790028019 175.14029619833852 94.258567022986455 110.81785930783828 242.60623176037916 9.2223617751961697 147.11913107377936 73.431274624671815 80.775413202798504 171.59038666901938
179.14037378923487 246.90823866223985 116.23534123246246 94.227680228403827 112.75037467933934 117.33848457765747 37.342513621718879 61.632846936042682 156.55240254479159 10.049090211079307
28.282568816107123 26.908742348970545 188.80737037414232 117.04282256009574 0.76465099596928965 171.04356196842227 225.3600151479275 39.02956228424113 162.8476014838337 46.829237611324182
10.860464196767015 110.54187312709966 156.90358071102065 4.1910840428478036 223.34456429239643 37.20667387340189 30.384714871323116 227.61433150136358 240.71577938379977 140.76699342479284
124.37509467976174 233.40768007073638 73.663786759579622 109.16838214426996 98.476447004973068 237.13013554940099 134.29301699962636 37.139658322180644 76.824062952117288 210.76418270272507
111.21161079912052 159.4338495256516 230.19341683311805 181.29955201025373 25.964691882513659 139.83076038459228 56.448689645292568 198.51145148191509 225.98164443171714 74.233116068027314
