0.71552451508456016
0.98934698444250158
0.40769492441351368
0.70656453154120968
0.82968960325546448
0.98478035635525252
0.94099413514319952
0.78540992182590652
0.087748947746935022
0.88673215021241414
0.070269433863262828
0.46554394856297349
0.44764545283218565
0.88014632304709728
0.93074095250399647
0.14778468804490058
0.35076661035857509
0.98737052802758651
0.098268037361440783
0.39318617386002025
0.16829334686312508
0.20587299188177127
0.43959142961961867
0.16472774744240909
0.040454664060253595
0.93021439996739386
0.048562085290988641
0.20874216720322697
0.77074262289651052
0.24375558149349735
0.12819217858819804
0.33779408528464988
0.99029647691474132
0.541913599679965
0.69473364321411291
0.39687729434820412
0.015279603423103794
0.018349973928087949
0.37411570977172087
0.94922112938468106
0.29907724746643988
0.16913177094746473
0.58147161796550717
0.76051077318535942
0.72937015885239598
0.75391496591420071
0.23210198120422015
0.19039920414304695
0.65021640696523741
0.45756429228101864
0.30842048723676124
0.64355355514876367
0.38792979961411195
0.79452136461932621
0.94957551536690787
0.52509059844496209
0.54695205336208108
0.55467225362479422
0.22301416341350883
0.16351646179059914
0.48713974564339929
0.15103942528592956
0.16982153995243449
0.44376944121603207
0.3701427406450693
0.0017742664303906253
0.043670803396628141
0.60341508268752142
0.68143148172667556
0.61887985394283196
0.65075986423296128
0.62539564468086606
0.059407406008733218
0.06313563067409704
0.82618660508797381
0.65207140479158543
0.33139537398247404
0.059421796773058075
0.55120630705709117
0.77328803942585822
0.045154424325140205
0.30199664520376751
0.8300754762886039
0.47745673916524983
0.010372468840296457
0.69353996320995914
0.59322579043327561
0.12071011166650862
0.57287115691372059
0.19089405463210035
0.27605322742654831
0.025860621949847552
0.59139775816779871
0.057040885011611683
0.61918626526342524
0.90523907244082247
0.213542256477739
0.55202559424042474
0.83017294789491003
0.69154306818224098
0.44460747210787915
0.42313943089407552
0.050623104801824345
0.59291507365543605
0.13391540098912053
0.11689419773206759
0.784709554781028
0.85194822874586262
0.74650958930180356
0.79323358097557339
0.5667790174038505
0.350576816529309
0.93576622465715464
0.34647244333988264
0.95188339769121422
0.14207057919279004
0.089070091476227284
0.57351863077074683
0.44059374659743261
0.7428025390396914
0.2238291813646151
0.25200369706667108
0.96088742647021619
0.60215050431488237
0.71792496164601627
0.76164934262267969
0.59152704195512618
0.27077630088720822
0.17324779844900057
0.16226457797674293
0.3032189800536253
0.35454895430814887
0.59620107962263258
0.089973935503855615
0.29641146123820555
0.66784671404872376
0.66627640321361692
0.89579724611072931
0.64087618816639236
0.15821788718357394
0.96628216730863414
0.32181982810005999
0.103370569675217
0.75766043510493397
0.77051362910582677
0.52471926800648949
0.49688778591894406
0.044880147394334699
0.94390391789871397
0.4735265965877718
0.12177724232041746
0.04258818024686932
0.22711099933489959
0.29957535618586223
0.52723227760921043
0.94960809400541613
0.48098010722219203
0.4599463643754122
0.56143542596635054
0.32021113614089186
0.79073562401309605
0.15958038745527353
0.41059729867047384
0.27792105403120221
0.14923807484058854
0.85614191570458842
0.86092926016136229
0.34604899380779702
0.42775985987866177
0.2079709049837391
0.38046259598116389
0.83632540096298302
0.69243489723066398
0.021002600502688363
0.46360337279484648
0.072033989584255373
0.48661726945189027
0.62451132976435586
0.72030370584967041
0.72163323636628762
0.51056325242769984
0.76044783802105465
0.25556896763424514
0.68342693944271959
0.19691308252912304
0.40733120579551513
0.92044389874435562
0.42451880919516155
0.69877913809112713
0.050271218320916231
0.81858215527686984
0.59186455700983653
0.87081674199101888
0.40542894276834923
0.69342970071050747
0.15322582970117432
0.32343912241902201
0.71617786137348571
0.21284925715005037
0.36135497757067053
0.10815271288577115
0.32478575030505247
0.48874350876158917
0.49760808422909536
0.15812428860414213
0.454865860524234
0.64355143713064855
0.66355079502814185
0.76186921784568129
0.51851665339513719
0.7545396871537613
0.50258821062401093
0.93478176886045339
0.76261609863636348
0.58816131731976762
0.58908346266548473
0.60192563821229561
0.12093879136107348
0.81582240526900107
0.61423967402671542
0.88470245955780324
0.30197981440261873
0.92361660500697207
0.66251061356647067
0.52737899153544632
0.80629588686435338
0.4361746382678004
0.16657443520210086
0.68075601541988717
0.098781809105775317
0.68840367303806815
0.66476305415816195
0.27188348243959964
0.86916734504156168
0.4046775949986115
0.11417764462434858
0.52765752444726366
0.63775437534706003
0.30434304680136287
0.72189644134941111
0.24673980477108076
0.032030203678696287
0.99093748565561945
0.80622719442326074
0.77113718928609398
0.63228560075621254
0.16721319092193138
0.65024480184915245
0.23451003620305683
0.93318651978640121
