0.21038593373621167 0.17246393599146265 0.90243186173049739 0.14753209049691923 0.51804879992996056 0.34240032854131225 0.43875317746003267 0.57977428665956088 0.026163748684259348 0.94874146758569566
0.92067767698817127 0.1682302129249818 0.55731488607285495 0.21941547476248896 0.949847321975823 0.34734565532268052 0.28193080101324069 0.94808859712656934 0.97219035291686107 0.43207462316562301
0.071329408558258242 0.14807278078898894 0.44010816617967746 0.8600079740141352 0.1524498340326948 0.57321080940373292 0.63496509992461647 0.40484740040515471 0.77043556406096947 0.88101092425070171
0.61881855200250357 0.72684929986695679 0.77349084335624918 0.23396275361552127 0.082715880881336787 0.64530128058249858 0.33618524126495924 0.72675536684058328 0.30600500196881725 0.52237668193931475
0.67972138884402211 0.64416725137187991 0.97531330378121683 0.38912523530165027 0.09674798166866154 0.76380050039312253 0.41771481328977239 0.13945920232775427 0.24485109780466879 0.097923543277203248
0.30852581776486415 0.47660094203799025 0.20260325912283689 0.21628070721406584 0.037741701385794621 0.31994109970484402 0.92991331260978516 0.4779114075219219 0.44633256428716234 0.12256373932630242
0.65395220132657095 0.17222027277378044 0.54254654889022369 0.75392905532366672 0.73477095429896244 0.59043256626743279 0.76866853903509591 0.0066002315090482487 0.36586857957874225 0.9286976863265769
0.14410008859333828 0.60156258989887601 0.61958518417721054 0.051009496039145993 0.63812092863430314 0.9303190160550846 0.39380188090160601 0.08509498951911558 0.52569408915189741 0.87231303456936682
0.58890058222600095 0.72050842752098909 0.39692003157084416 0.49762178655491468 0.08107416657073889 0.7385702761908971 0.94884470920266528 0.95367651244944285 0.76495420021858074 0.18436154059182935
0.42644645348071503 0.98746731807991028 0.74679075995460531 0.4234670814362424 0.256500199541772 0.14314959062801919 0.93926860852734384 0.86168625147739286 0.71596238161770731 0.079589285557025755
0.8085002724243644 0.88957707983016832 0.96672901916374443 0.77009891625501981 0.63672511803983156 0.59662332151948461 0.22130431599863126 0.63462838645004083 0.88929897370330702 0.30851198035727107
0.40024915952202761 0.080198983767824236 0.250959555491927 0.045287737961076588 0.086487925234220928 0.085385884333248938 0.26045941722040172 0.74348901278067547 0.073702429803692279 0.49803486426386173
0.72164694630430815 0.88519962014675402 0.090905401837657648 0.017607390692166481 0.87278561607772986 0.48794826007779896 0.65511426268976369 0.45988380366542397 0.81250397308702282 0.37690835129196748
0.79005042037745088 0.51165109401137998 0.083880396406185651 0.65095443231538241 0.89552748224372203 0.21433838861423787 0.08105788459603129 0.17810304220946255 0.28275952154609979 0.96763589457651134
0.90461929252124085 0.92034289451752371 0.75178986555051242 0.33606745737406313 0.88865125321796701 0.1522174940450382 0.42822528894741324 0.62964828789827798 0.26319584346215036 0.33266561668053857
0.96727523385930392 0.064522507828038297 0.23096664387583637 0.3809589148771852 0.74517111226728383 0.047144890083025623 0.67053517691868914 0.77227874324122903 0.06155103807018307 0.52419897536194671
0.37933779859528255 0.3649871386741535 0.46839574157577019 0.07932047909866162 0.94457612086910736 0.81047776455278575 0.18330591614355568 0.84744151972258974 0.92768205882648769 0.32207377402511733
0.81870230605258576 0.34099978117045343 0.84241327681589928 0.45223494556524063 0.47260048688766881 0.66766203754773967 0.24663211644720001 0.68352296310651539 0.03862143691316626 0.1718221309734837
0.011329111122052416 0.84402788516133809 0.55741002708509479 0.84905922186513583 0.053749941834378576 0.59649975252827359 0.78351923991820827 0.2590259990704939 0.92572677030278205 0.79586936133208208
0.13356062628504289 0.064848814480716929 0.58748518737681177 0.62529267338645467 0.37241048953091577 0.92314825275978352 0.64921910991391363 0.48122495872163801 0.039355260420091118 0.77252082025841429
0.80109684686897442 0.092521986152875699 0.37927581184790488 0.19240275013594382 0.35706994706668432 0.020979456285497845 0.40963188496519271 0.33988922836148988 0.33232538517807791 0.021879869511603079
0.086464142107197148 0.91762678768231976 0.90579334463749606 0.43577362807523551 0.73901561405966143 0.098791243685225225 0.24353505481466226 0.22733046270896701 0.22862496803615812 0.72486297219111651
0.28021144248222912 0.76707137973117578 0.24654039067962324 0.54531341100956587 0.89134169450831402 0.42849389116036024 0.24473255564932045 0.65695623014382476 0.9521930387592461 0.051714885175816391
0.32551503283570465 0.23710692751990586 0.50984371937976891 0.28489496508205242 0.60391382867830423 0.42991639163146039 0.4001487303088031 0.99543639863166888 0.0019083019369017685 0.84334742634564563
0.29842345163813627 0.53737799271157416 0.75410724181225841 0.23183834125562669 0.25794936917244798 0.48129883259884926 0.87394958629803055 0.04300555820329148 0.80927018919521998 0.44050041340713558
0.071871704736184247 0.074077429481505905 0.84721047015513185 0.31176386060244404 0.18199898651070384 0.91248504882665271 0.82179065466238221 0.2046023315284034 0.34151815959177917 0.01558787758824547
0.08412867190832389 0.3479328690200984 0.68566385079248715 0.33635553036230553 0.62906042306821597 0.16445586883446267 0.63545805835955693 0.26717480354839246 0.16010541114089222 0.12678924818910259
0.31608631879377563 0.065708079713903952 0.69819947649163583 0.42389392452648705 0.27484215479347568 0.13108593299375532 0.87261918310940989 0.19814835116168544 0.17235186500506577 0.67604144684840539
0.34762736015457002 0.18793425569443295 0.29248145698801359 0.82146740372149907 0.16654842510559914 0.19378727342164587 0.28610873777968243 0.85509851911917822 0.021927300615363011 0.93064816500280945
0.62679715645835365 0.3875897214127379 0.43829739914391902 0.66029739324150794 0.56808725554253769 0.061959224309078451 0.89364815963302235 0.25355493543295787 0.977408088904136 0.61613278370595681
0.95682006656583418 0.9725853005638001 0.26091690456659805 0.42207508449218994 0.30845572480773603 0.033369466323022998 0.93664702622303264 0.10936549042447712 0.95533064301600179 0.070914982113875411
0.20847606777176536 0.07830048968129126 0.46735534751269375 0.45941490672490376 0.17793134149973827 0.9376956822227982 0.3952766497901829 0.41443117481869979 0.8423812667796462 0.40941968462050365
0.38649140837670987 0.37845772250113513 0.77209321417915144 0.14910666102135278 0.26528528930404466 0.29141890297597522 0.91847806782299779 0.5854700036064695 0.70574548183659858 0.86814227071389327
0.62060721821361875 0.52494371471440959 0.21213125679848649 0.096532023270316777 0.4504646797277459 0.64743225240496749 0.92475187396334357 0.66626237729204274 0.5501519400938284 0.77114072913965648
0.93621082700612979 0.99790974616975781 0.010678649253685047 0.64167511873135541 0.12965023395365566 0.90074301165074011 0.18410281856480354 0.93442600441693013 0.29702329308182368 0.30871624024693117
0.75717956945384102 0.87255975375165262 0.4149265584779685 0.51336938090193251 0.96526347121681988 0.066863908039938288 0.80731114640698964 0.64286593364905731 0.045233606559785075 0.14205581161044284
0.28645108931726854 0.21115827892286382 0.27884902331036104 0.4042985952614972 0.4201269492325353 0.06378182344656895 0.26285441616423383 0.1376611685504347 0.34180812569942681 0.46535006019142972
0.3390658844853684 0.82463751632187643 0.9301311375854493 0.53151224726760982 0.73981427852385861 0.22119771357693147 0.18782967489761399 0.29986144289946387 0.13401525424254729 0.92190942465791148
0.039030595164328094 0.38067606642315072 0.52435250314346582 0.33507970570317608 0.18071378749089012 0.67113659595871489 0.45645197636693585 0.069505665327609531 0.79001285009383437 0.43317196812473674
0.037625889311889413 0.58079371037257066 0.97210326116743506 0.6430929686782989 0.91641008849807104 0.6727571852399421 0.34297110881531317 0.072737130768228672 0.45410840834320648 0.23392448453434928
0.42159836041272264 0.78089092016075023 0.65019504081521928 0.16355884168375473 0.57016591334840983 0.43041274600669704 0.54109866946646779 0.37326175064048533 0.75442645753484483 0.24071942516380057
0.30544726542667561 0.26335304421539846 0.87987350339230763 0.59300536425930461 0.036422356883437132 0.91864051277853909 0.93907854034138616 0.86931972907935928 0.24037828728065119 0.74091107216112562
0.026121803886607609 0.94467902279602589 0.50761681855179863 0.15859304703738714 0.054149434554631656 0.12565802563421419 0.68955138969450991 0.11811357723535336 0.76465406011900938 0.63243222740678795
0.73643735471723104 0.012607352644749815 0.9618016986665191 0.10105665150117819 0.058241608860933478 0.59685350608208643 0.99239798710848126 0.24521137384950203 0.45708263149466882 0.38537945465407791
0.54804781495139432 0.89977581358565006 0.49482961628935024 0.92445275335062205 0.45571190759192765 0.66566511035548515 0.77410061713566136 0.76709925484973596 0.56913107544012054 0.56183934320295725
0.16072957271248228 0.8919010259764405 0.85172797868412942 0.43631988143053596 0.61393587797941485 0.50739986780197655 0.94759345331369427 0.66576313004973808 0.074262534542843192 0.61163655548033069
0.0073368952881428971 0.72150762996147755 0.7364588993546336 0.82532639609406255 0.94074015366131281 0.35587098513397525 0.68021359329913678 0.60290970085729623 0.042166891297122408 0.87284164065653014
0.94289305149819047 0.4735233826002479 0.27659160711471792 0.22819310254476738 0.65965336213368087 0.21358906353131463 0.55635089167160745 0.1844827229756279 0.34495311092933217 0.34716635595787232
0.40242979328845935 0.56498198085065388 0.32984153388590615 0.38247187305918168 0.55976663123166948 0.9651826055219056 0.86242006671819416 0.3364736077733706 0.53165729353121127 0.33619886906989932
0.78218986951223601 0.30717003186808872 0.74442140523740241 0.78299753529988569 0.46239725613173316 0.1923872827852306 0.4980647000858614 0.38663081493920531 0.3056635526362293 0.78065135514075612
0.010336575404225102 0.4011638673153663 0.73565956059782933 0.9986301062166687 0.093945085493632161 0.48956192229969281 0.48981520394076522 0.12158318457766719 0.061852468588686135 0.99234607053532631
0.48136810056361184 0.16149356070692461 0.76196798590527803 0.76449578506988003 0.010211454511578833 0.73604480399742234 0.74505094897285185 0.13976197791541362 0.93737599289710039 0.78881131090456136
0.0073188887136220069 0.11550055137493336 0.3583814742127866 0.48732589869152504 0.093862641618423656 0.39607525302146113 0.58653684087937652 0.38268838688627133 0.55286244715679012 0.63710652100766485
0.98512125188712762 0.37127524424080088 0.62727809066964724 0.16546687731865634 0.68553048349560963 0.74072038400422513 0.39819486966639767 0.33021402757886215 0.77673877843143202 0.26683412989943062
0.84117948197706383 0.45663952505836297 0.70173900575242798 0.0081818811335735882 0.76830454983374585 0.17671937029496904 0.47365656436468523 0.42435094434651704 0.33735146583509962 0.39524889406959279
0.61413337330325746 0.62503024049587697 0.44471718048963044 0.79734253054324922 0.19684734780999663 0.17655087432331845 0.044515451868537378 0.0067094225591158184 0.28932526296126765 0.060575631241464409
0.91651332364663518 0.68963472323914921 0.820826775099046 0.7286321155918507 0.70170913108047417 0.18818551223945162 0.52625240884568325 0.61392778714141294 0.8820883440892574 0.65185444494142086
0.36292076176533422 0.98040984646926066 0.58157093404425475 0.19035772323376748 0.045222420106130243 0.98032375090302648 0.2242622190425741 0.27498550105090974 0.14996510800183088 0.27096105811519228
0.15684935149102702 0.3746915310018108 0.38096206310933206 0.48958935764385142 0.58066769568191412 0.57083052179148064 0.27028504543647552 0.010391446384317372 0.050222080964974866 0.90517452621645522
0.19964846246074958 0.13918433589766893 0.14591531673506292 0.53494735296994855 0.2905743018004438 0.5952590087714007 0.19239666883475065 0.65723654944630139 0.13413131158580122 0.33840475873895953
0.98138653102104401 0.80004155753449491 0.92900835787466784 0.1277904918740394 0.38146047055945737 0.54589713404474172 0.79266395339555462 0.95266869489283945 0.2071068061344214 0.49334650544466047
0.86689951480741445 0.74916684511870413 0.80092901543200212 0.86117604527293767 0.22607730822657074 0.24570391067634306 0.96032905834655746 0.080720801315341803 0.71710417095514989 0.11094719098168775
0.93101784397112353 0.85963289653956154 0.85683441036583252 0.44542182472525732 0.96485896595005349 0.28109986049941244 0.50625276130612851 0.99138543422371828 0.9216288291907615 0.74908181371973115
0.36962675817724505 0.24567028300828814 0.47650005691103031 0.9757358572900402 0.27528113013037508 0.55106015953232779 0.92787943613960877 0.64432395391178865 0.93238275195366294 0.07282793565773564
0.94720001273429777 0.71692661398708413 0.23242454175476929 0.94448450550452079 0.65977907154601301 0.91863817918541124 0.84023452105582852 0.82333581046138027 0.16624578488012981 0.53829393672553993
0.97891689176083285 0.11356942845912314 0.16063710268793002 0.96302321533253776 0.56603424243888578 0.39137175066119251 0.39179272530128412 0.28092578205020696 0.10898249514064533 0.64826612553877283
0.94055557038486393 0.34754024904197695 0.95046039513796532 0.52449136603751589 0.51894288592083926 0.015340291633803505 0.33566190445874461 0.21608321301937278 0.62090262749922032 0.32398209810585915
0.39417529790102729 0.80037728915810535 0.57950936532754627 0.13730060850885256 0.71626904933839042 0.19267415352069045 0.46544271444505075 0.88988617078549126 0.039765092398590648 0.64819762508027634
0.41748094428145838 0.59909151344883027 0.87058871266597226 0.8966476494820067 0.020715697170336434 0.35555738614619797 0.49757610313638662 0.084036791799175933 0.71333368206862446 0.84327689240667814
0.67243208838244539 0.83193640721110884 0.86700682553659048 0.11071408592411129 0.29314370855410304 0.25375636361887294 0.14576281984431244 0.97274333315783212 0.77280283684832862 0.98127464720897106
0.52845780584130753 0.25621905026708919 0.92146877191623244 0.95348022010693423 0.62449246332245856 0.83870061779111726 0.60196004227787991 0.46570682038702432 0.40508528617653256 0.8546105795953044
0.80419040246409423 0.7495142772003841 0.94555358952350088 0.038508244065311212 0.8869342646467705 0.60967353735974006 0.69190734534445486 0.58948328356506141 0.67310435291804527 0.18894996365499966
0.29247181897318381 0.7646028265664746 0.86789261146178509 0.96132578684471703 0.6192927164302009 0.86957722922982239 0.79848847253629041 0.23237089222613 0.21578323262622662 0.94205372467850668
0.61215289504255332 0.52685701348929304 0.79479196946247965 0.51092543906910903 0.60328060123713467 0.72821985482194784 0.12172006212627721 0.96809176079924852 0.14924969798396986 0.2005834471255053
0.87808490049632448 0.97360449722154274 0.79809424802954609 0.73760435297363114 0.85677915333998322 0.20069143816072094 0.77732789448480089 0.70126318687041511 0.80074527213803615 0.82541485159249661
0.28463765935363544 0.74560876772079376 0.94985755548398387 0.06754584051476091 0.10192308825423572 0.50862407258654219 0.75935138850650141 0.65991084627728736 0.18071478511962175 0.59349386968764983
0.61958627333544281 0.48926474918271995 0.72730764005324178 0.53051446408142344 0.86649147777376323 0.37447067050244448 0.13635482662691073 0.78328193905265642 0.1989004353127593 0.90290792386538099
0.97405902161213376 0.29980297297978292 0.92413209665042428 0.63670932126158009 0.95352260908803077 0.86061193432111582 0.40757079901502252 0.92013901854342051 0.96240969733858672 0.99643361278548515
0.91080972668902771 0.98194421740450943 0.77917576089671048 0.088425641367751703 0.45499722611903765 0.60619945671957731 0.0048912392720990459 0.5410223925569686 0.10106063186739771 0.71286598254612821
0.45938159975332221 0.19374179274874631 0.083622230100554404 0.542430061197682 0.53119177346539814 0.41067717540193877 0.17313045371515229 0.2400703301801726 0.59906808308887516 0.12736771269156827
0.47624384016207472 0.22315024303702363 0.92856089283826182 0.97734999044805204 0.7734268295488621 0.57360981149649803 0.82965860728054752 0.21578714411637551 0.71490743756590791 0.40807822909224872
0.77033948569073762 0.9952615939160534 0.42410880635398446 0.93285691340362231 0.011307070066882408 0.33165110922152147 0.69480293265486393 0.50011703695112131 0.59816058760194513 0.90337422873594841
0.29332197882773664 0.86718545103664579 0.22508089269942194 0.1335023710326067 0.98279638053720719 0.45333608389511043 0.65684947432812613 0.039352984290301693 0.44704473564795327 0.3656232012087815
0.46923832347766919 0.042500242726406887 0.23855817124997986 0.91845847949106862 0.84758405755037258 0.44199084297266972 0.15250073003351367 0.18528128728226084 0.93317211120456667 0.29326538629619486
0.75773038575617047 0.65039662370045925 0.50359545228123304 0.83003005740059099 0.56848410978248598 0.24091953040873054 0.2903414148436943 0.072949775229184152 0.4542169786533849 0.93952206829790585
0.047852920610627223 0.82735080470687916 0.7864664248165194 0.051324986213601528 0.48697734226903383 0.5502110856173642 0.98979609578587435 0.05918355066163565 0.14921301335666687 0.53194737422664196
0.13904785444731343 0.45659269616524484 0.82588352206135984 0.12416006145962337 0.96554125998377416 0.28777246053825883 0.3134397660102744 0.0078305041412545691 0.22882347641828465 0.58504350704247432
0.025714923494272002 0.79019330341678007 0.60326719160385178 0.46187840781810491 0.91552696731167871 0.60205791800225505 0.66277000980410949 0.62379698838830189 0.37000589481461471 0.1586544381220138
0.85856165059816925 0.98855609340749584 0.41231289472501781 0.75813706309363238 0.27889748258276675 0.66633644899568667 0.20281418341652563 0.64631182366262263 0.94284470478799276 0.85153751236140018
0.46874024684899102 0.11122717205032788 0.8580344710849741 0.59305051165202338 0.35657830101082139 0.27581171064514726 0.9588418900539627 0.015007701580328648 0.27041856788475499 0.29424563675404464
0.098825812514600139 0.019683024473310873 0.31860984839834611 0.40942328798368216 0.22908834369892445 0.88908701120758526 0.60294863207768545 0.45416593532701605 0.9115702365488707 0.91121423932149148
0.55762129553636364 0.33431941189959063 0.13406440357578991 0.5572009099284746 0.26302040645857566 0.48223199459064697 0.36774484453757156 0.7197012075046807 0.66097518410329981 0.54174055255867071
0.69078128356985113 0.71496732478411029 0.03438087579233344 0.40373845050217211 0.65807078501300664 0.20266675287270236 0.60043615582423493 0.22211523878121792 0.77489947642039958 0.98636506677351532
0.81522699940989873 0.15347747548770524 0.24812166708860378 0.95823323211529521 0.81709377533031402 0.88504377781438504 0.53550710421640646 0.38082351157152611 0.6939015912284221 0.60209069407519356
0.57454978929578993 0.2044252553334755 0.11085948704429253 0.39154539942505756 0.82369356853082198 0.13556151288757506 0.070432039723240233 0.91735916586574784 0.34848293738941089 0.41936370428875275
0.66704991838060301 0.18427952276797382 0.28006444111814593 0.59897327637670061 0.61444330574458772 0.0056759803340763913 0.98912903940528163 0.4256664138988358 0.52954742443027725 0.80539806694013427
0.4812252589878952 0.83109674735567818 0.011739248039825557 0.73242040136103148 0.72526115420551462 0.53643158261306856 0.38869282058493465 0.8008183199628679 0.96654261594145674 0.43112049588557083
0.77565984512626673 0.75953283570961672 0.065464175334267447 0.35355756511988418 0.74784210916462079 0.75021291868171136 0.75081326238060209 0.83846271158328123 0.56181655767902494 0.71372711399713573
0.36404720561572795 0.30976848093709491 0.34291022184451164 0.43436565653677522 0.49290625842407737 0.34020992457678262 0.16250158466475501 0.46190096855891388 0.13403038900743497 0.056264431543611312
0.83364495822353968 0.69332687979760776 0.09987104834970266 0.57812495552254373 0.0031512879079143461 0.83654145813027259 0.52462015909977933 0.22011867334219676 0.69445624022714714 0.14101802875564046
0.021685499700456013 0.65873414738865965 0.13456988098321526 0.6805634719638286 0.025919980729958537 0.62673296723865923 0.61876228489268692 0.21382992322589384 0.6053820469263882 0.75396938977678563
0.39686711557698467 0.96735098737181335 0.60576561142702146 0.80045597047194961 0.48787899231114756 0.12959742117556533 0.072531324995319266 0.32827053590967853 0.014410925997058777 0.07971328502932333
0.45333583933373051 0.25281500910736371 0.52417070192838389 0.27855602303960197 0.52602387219577285 0.92682504872486038 0.66283152045584259 0.57184548962074855 0.38649826129741732 0.55710126004127913
0.78796121836529365 0.42726688486963632 0.7651697853853402 0.10333291154096795 0.45010326296892383 0.72729098462510999 0.900173707118051 0.10725423764341284 0.30834289380234842 0.89475620555306246
0.34313384582786582 0.50642242869620291 0.78814127783821364 0.88279307719450029 0.0093317962622399449 0.96188813782997618 0.77892089732752623 0.38098964771206961 0.98578001908641855 0.71932211632518084
0.018266045238750573 0.66335657365147949 0.73017044157096778 0.80892088817111252 0.87756935080605514 0.53479514212309465 0.56941317696818761 0.53527784471978335 0.67189851217356511 0.80985863234996991
0.60269697811638978 0.78408328217678724 0.9033141016704086 0.66969956953393717 0.19951373942820377 0.77660112136300619 0.58852899912258683 0.93469533038165087 0.82072418375818823 0.32472090001281356
0.85551619487270825 0.82324355984639774 0.26156569842302663 0.50396263097094796 0.2105317618623182 0.58270474017755902 0.91959259736095111 0.19395745421268834 0.67834182401355825 0.88170152577790262
0.55520881766910413 0.45741299568859134 0.96911306755632076 0.029819904623509409 0.45844342222458806 0.41703823671651469 0.59961706255732672 0.72963971887343981 0.57379420499784184 0.32403114690461116
0.77187594928388403 0.96702531963245209 0.24975484996785419 0.84498270349922722 0.69878173762247875 0.56953458506864807 0.77095025994099264 0.68430209715165824 0.12575264841636064 0.36011184157551074
0.80923427312436036 0.18510686288757755 0.26998153280185916 0.60507736869918538 0.075212837172468225 0.29382533651836124 0.42606790854479887 0.2035049383109368 0.8173299619733817 0.60753703618527743
0.2321322107133465 0.089603864858797386 0.64999443458337958 0.2777418664877333 0.024194615225701589 0.32118067063466166 0.76481564963964577 0.68157369735394802 0.71894169990140921 0.88687595427085797
0.26855360653446797 0.72412170190924607 0.52771044825871405 0.081857663465150485 0.96829976172414933 0.10295762884091846 0.13799754987131646 0.10604167542585279 0.20200552294286772 0.63260547573003989
0.43922692447387518 0.27242064172135755 0.86414052983928968 0.0079077676711340368 0.77787862768339966 0.92806879071891668 0.19748507292175016 0.47557490797149854 0.18424563146405065 0.48743356119917497
0.55098038867171384 0.29258726987562039 0.35820979522640856 0.36047364800457143 0.52874464961113143 0.026722685781999145 0.71198940347579331 0.90073689570626014 0.78925923136564757 0.54146990909228399
0.72163844548133216 0.95740385113129856 0.86686773169426046 0.30028185787444589 0.19105973201298171 0.0008666369425053722 0.7257637781663604 0.19490348511943983 0.71078923578563058 0.061419789248136555
0.11672909118915657 0.041794176784673051 0.28456963100962546 0.078153802239458267 0.39730874504771957 0.53808230126869749 0.85249629963873919 0.84498069017167377 0.97639329645345718 0.01403311789920041
0.15821096809500118 0.43832366192827804 0.087800419930875326 0.63654041031437769 0.92277020139218313 0.89391898697962457 0.87147724286148542 0.49256796715896806 0.48330729353475527 0.477398159633942
0.25977689045607316 0.33809412061906269 0.82578942017179802 0.18867053134591077 0.47827255408696595 0.54589759962656159 0.14881078290098121 0.50682221919324522 0.36838059460884459 0.81248546347770778
0.32035941215244251 0.73940971140909062 0.43230588768890493 0.0066223447371275721 0.00011874930504611747 0.76298825748677124 0.48753854143190484 0.88931223170534401 0.1656753290135688 0.52227552161312396
0.79125324061563262 0.029919648474272909 0.78847949846311549 0.45085418808391592 0.020838042647766165 0.42291865270232193 0.62554795435204136 0.071737708451954083 0.76357252929247021 0.85213910916088575
0.93426628725501759 0.070048055508405024 0.73523412808699029 0.39123191027849008 0.96504405360212819 0.0080676343690640369 0.93905402741681598 0.49477469608042429 0.3307471310132642 0.30224229792620044
0.94867293406129649 0.45385973997786538 0.027690126730488696 0.28409560969381048 0.085325647056648843 0.79678605263893043 0.8226017887317234 0.57465622125845806 0.3071582303831692 0.92425743115031223
0.89504558858657668 0.41880868284841538 0.2816533543701118 0.17157589613090479 0.20462485028488614 0.89325370561359785 0.77954714292633354 0.35759177658231439 0.74359490730929456 0.89404511148052523
0.15108468375270773 0.58634471989844217 0.51971115254739997 0.088025461875331043 0.85455974530411427 0.75408508522468209 0.54645128104160889 0.24225633870814539 0.39075372460872809 0.15864140632344698
0.242250219670677 0.7546796648865649 0.49455492145336372 0.5574159946496563 0.18421896425853851 0.60838062575609908 0.54849148577965212 0.73971726312099029 0.088249887739864127 0.30009528850641259
0.73756220284760232 0.78058833401958594 0.58382202899963342 0.1166489334678215 0.0037711775834707193 0.50266681387928402 0.55189796228604493 0.89716976914785218 0.36866406916611311 0.49930178555959687
0.52522632420075432 0.81796425957202812 0.12384971143000516 0.85619636014641021 0.19849126667410338 0.49004451461217752 0.41014674379391386 0.049110823417107416 0.58633469281117556 0.88258033225894927
0.39764814423260825 0.084355675397289318 0.49925947521876818 0.39954480243410134 0.7070636191218681 0.07882289946286207 0.13126194967162591 0.20111209108770173 0.38128892095894157 0.55947902538816385
0.087106953056681632 0.15825807622188864 0.69074954368767971 0.014939424910451016 0.81127335884786178 0.18527067823350213 0.61439034846689744 0.86926756241992409 0.96108367858516597 0.22509593599056127
0.089933022393585735 0.18769241586144053 0.70785147467554288 0.38358869578462335 0.91770129956389046 0.065101274145581353 0.17145918063979088 0.44333103857783424 0.31385397795686415 0.30383455475542548
0.25034967983640949 0.55450253490959356 0.49241850833204942 0.91238817835137098 0.0054946726647862485 0.52186855585627356 0.50916056125233367 0.85210463142240922 0.95917736229603312 0.39941338547657163
0.81174530949400103 0.18285860235151591 0.74090929320085275 0.045984980036426079 0.32819156584028514 0.89369866813191834 0.81720024107111688 0.9115841160504482 0.011839829466857733 0.82874492716728909
0.20833013002485806 0.19404810620813878 0.06092310464832866 0.014423676412926346 0.88481140541342185 0.67481464422270299 0.85155201588508678 0.64892205456168495 0.079121847726457292 0.55216451472265704
0.99327708527001357 0.32724615477907376 0.72892309952507828 0.0094336828747855657 0.43101488406343885 0.15145280032050862 0.023420051384101349 0.79612460942577212 0.38840847561506792 0.7354620740706338
0.963434992144935 0.90247506904827646 0.17629433474137551 0.077177643585684394 0.88550417668843084 0.99482931755355464 0.094612998130634771 0.039917534086148218 0.59581635629577179 0.14019560388856839
0.90761374875436929 0.86780975106507396 0.26938139581362547 0.4445479542097987 0.20355778480202186 0.54477106252688712 0.88891144800289279 0.11350114485520905 0.40249384414525496 0.87461264311703113
0.80379531920853342 0.76466870973971501 0.63136845028085009 0.61023323408883334 0.19493425045583396 0.55016716621978734 0.28541701959767501 0.96042300103186273 0.60128600447908342 0.54816071180385439
0.91358723519246421 0.59840057462334872 0.79672261610643413 0.73820854210791431 0.43263080464991283 0.23530747644669764 0.9764148311113493 0.49256894538789148 0.5068292811706463 0.38355957417369763
0.60690612377035003 0.13872342038804714 0.86965042621759359 0.58563352699513638 0.52490209712962266 0.44931128052654296 0.19965528711042718 0.82477650628894505 0.88172273250916611 0.84780947465535095
0.61301841227547738 0.31162657989152159 0.81976417937664958 0.70937729289984919 0.5574191581955158 0.57470663316293225 0.67785359642033005 0.56190390589530659 0.30354619772231378 0.24878529563037138
0.8581953292055069 0.39444480719604585 0.030252587510373786 0.052421043830032363 0.26196605118757382 0.48080403407482603 0.30835258382410696 0.19247761163624572 0.054908228941486878 0.48638168440012758
0.49047937739833852 0.67858832899893773 0.19608339163157279 0.26830589937230492 0.28277410938423581 0.17217121968489318 0.98122671957172114 0.86220588214549887 0.073943196203772252 0.70610975463796499
0.87024780366627741 0.010016388727667237 0.58078774620328744 0.17854482677789502 0.3591709305349336 0.62862164161240286 0.19438759948914169 0.38381781711649893 0.8698592329980791 0.52822076769579407
0.90081280083995829 0.83053093945335765 0.80294817241628813 0.041598383101934353 0.40772794755875746 0.33242028980355448 0.060389364249235952 0.56105942020896626 0.54295562080546211 0.10366851191997299
0.18411642870893102 0.72686886863060129 0.31205025795153857 0.70626240217833602 0.26988944073799009 0.92848891285124735 0.72821077814525292 0.78119554327401286 0.89919729910368218 0.64212391815008996
0.002265024345853006 0.8707769164675524 0.053647235713701155 0.12584607217652871 0.051762881641617506 0.50923326810901048 0.80442755025972379 0.98356183478792791 0.52783557318699137 0.98772471525664229
0.24975866503002614 0.18921764202389729 0.0013287173881952219 0.18992329541237402 0.42834679509156731 0.011270110221666508 0.1676329637500476 0.85685302997884649 0.067684893044567082 0.96039857842719467
0.031005401575264924 0.90306396143464762 0.74921946996904187 0.95433022235769049 0.61955756345256852 0.94253975881630603 0.6672853905012418 0.18301837277862226 0.75917422696053583 0.71861324597293919
0.47844729046795914 0.50375200904055484 0.91913587962307142 0.13019034820926495 0.33930334690937519 0.15685182519156254 0.052945180661474731 0.45632591786995874 0.060101923456141224 0.11972456328277685
0.80954586423538644 0.85753630361587108 0.055645035585029465 0.98335128306068054 0.1689782296092523 0.67037321847825038 0.22358746413126324 0.12610834196047521 0.67479618068109981 0.53304091296614042
0.61792809643950053 0.39249881919866508 0.5353745834670891 0.5735953064439725 0.081794442185619751 0.23307620403552737 0.38847255687317744 0.75315091331526884 0.50189298345438949 0.58080187521661297
0.86852272627375215 0.27992719382140502 0.3844624982014852 0.43706734743977665 0.95198979707062326 0.51758230414083162 0.38113582932919304 0.71053696905235386 0.60104727832941829 0.13459064090704848
0.40946922872419206 0.017167653130857486 0.20597623424215034 0.781134258059623 0.40496221040463415 0.97196170303885876 0.24003500861771948 0.70028021549005381 0.97912331950601827 0.20943434428932911
0.1459989597216495 0.26754991901805808 0.18661717389728633 0.9777185027394325 0.064545299221500249 0.4868679484216854 0.51331559398823845 0.20797515058543697 0.5127722962458402 0.42540403272771449
0.88288637168527995 0.0084794229690098762 0.57625951455578595 0.93027602473219306 0.20550580881281505 0.94222467105121599 0.026290553646536364 0.8964407324546102 0.87764958573749785 0.42709155398331716
0.12810866446250752 0.40762130651822176 0.95238775153584398 0.85840886342363831 0.064305048625869096 0.93132181342353049 0.69919010322454678 0.055897291120118139 0.75042206214694573 0.79313353277177367
0.34307498319379387 0.074014779103387426 0.68197564197346583 0.74945273360888354 0.67023480955778492 0.94218781492272319 0.22871479785209664 0.16338180065409852 0.50985950746207875 0.47318201684794375
0.41517310554693859 0.82092599075951045 0.37208920199138046 0.12683083707776172 0.63421324568016857 0.38979564542386053 0.087251000335944726 0.23074230259168832 0.33088521733578563 0.86374421984972083
0.37855433436349378 0.83536744758874726 0.01625989549547906 0.17351568544208124 0.69068442876056813 0.64044025382482717 0.036519627658933615 0.91010932099454378 0.40404327228755071 0.65889530242983008
0.59221042222706888 0.59545521797007661 0.16562966444194122 0.094637745580979968 0.705690868693582 0.72471768143773052 0.67711856364954548 0.72243791472082963 0.15081898827098278 0.50982573620442961
0.27765490960656819 0.86824527589357936 0.65449610918160106 0.91385539614652644 0.14441520505819655 0.45336987134222234 0.73381252489585447 0.7385342127243103 0.13069077946057278 0.34895806993240192
0.82775455586194568 0.745001873079989 0.95560735343734338 0.98658789795183066 0.51387225803427117 0.12101292178334304 0.64811830177951368 0.26282050036321597 0.20446187218217854 0.77557567963644736
0.19311313596121454 0.13892360395692965 0.073975602121765502 0.18241329784418253 0.1432942814113583 0.65909593179950476 0.62787325576266884 0.86775976852630043 0.42449385482221708 0.75771617274646608
0.36280872440418105 0.52329752474438052 0.22626084447327904 0.95695915980556723 0.8312447302666971 0.043740663352288919 0.44246499098609687 0.72626048867457205 0.15638651216750127 0.54077820572599866
0.68028374178923046 0.12955482714071093 0.79033206929606314 0.0012608371719452949 0.15506230319532271 0.31696738537454699 0.8696648989656085 0.18213971746284491 0.99817240442704136 0.46528295364865307
0.8729562908826507 0.32730505372725222 0.10676188756459186 0.72667113692528007 0.37013831669276759 0.41796166787913841 0.25754272109572957 0.992147965066698 0.45584744131957472 0.19094624597133564
0.34660524178988489 0.86297225364146657 0.78030632633271502 0.3898562472880967 0.035138377823936515 0.14452606343816149 0.5004324356382932 0.41326296183738559 0.60341896563027064 0.25905178166435888
0.69717102808521747 0.61330546546629738 0.056962451293925229 0.98191516443312987 0.07133304312172066 0.98562157383704685 0.5979133769130377 0.84611406835133185 0.60954860659291488 0.36079295157524899
0.097140427624425693 0.33068718991599716 0.79824131119909847 0.93078167028577685 0.59828024721725592 0.096753072210173638 0.23954391945414305 0.94279022174021632 0.14576509316643743 0.231981717246938
0.90520696256958788 0.3860219623866456 0.36343994040712163 0.2384291105349064 0.74088014865271379 0.98887491035247277 0.065899063111870035 0.61914286079887659 0.90407468280447056 0.98137667522795968
0.57216382583361092 0.79653633447700012 0.50896540337065554 0.70517577777332707 0.54684024077310267 0.19361881806892728 0.88023559442138699 0.30129168655824518 0.69489916715897992 0.098295657795717514
0.7771384070577525 0.88963510250960454 0.098213063204598702 0.054662828704694008 0.53531753813310534 0.32283809331072416 0.38722225450485398 0.56898395355919096 0.21527383461075905 0.52917646783659777
0.58909477386199782 0.23961666532288822 0.90662965830241138 0.53400834519660378 0.20150999786321405 0.8592817505977528 0.99079484250947647 0.65960008337062492 0.17731547645247331 0.34931331135946714
0.34726025131982946 0.1651336459837987 0.0069163566141942521 0.12034941495838773 0.27282394036138108 0.28351396749779972 0.19998180255830172 0.33335494018449446 0.70857347035434592 0.54000458404675999
0.075645404659648016 0.74234600090506009 0.15000507869459784 0.67767497211949235 0.80101051626109332 0.003698242226054793 0.69255256846451951 0.91082743858630522 0.010596945815036608 0.19961009581194394
0.17988379165525864 0.81411271152121278 0.73192107567364983 0.96786735004442781 0.25781019812640299 0.27899354967336115 0.34954571337087298 0.57823577207693078 0.72911512036575088 0.78527110085921992
0.40628129944896446 0.16400959520586106 0.50388264523118897 0.32368024647477772 0.3394391145151005 0.94219594337623047 0.047266703916590977 0.61879642326213991 0.035428103764033422 0.17150193162737298
0.75681057926554096 0.89283330348653644 0.65710719982854549 0.34540430491744006 0.1382897970422759 0.36888929592270941 0.92093956484806616 0.86786105736026864 0.55415558685410315 0.5568393684935703
0.63974028101284519 0.74538411556211903 0.25319107263707724 0.70532160912794784 0.69762564108819214 0.29959196978076968 0.32580757034310887 0.55613097841905446 0.36668379320525096 0.30281366558630968
0.76585163359950481 0.76203666373563417 0.11399576121172965 0.2312067799353103 0.56857857790252908 0.11035104329416361 0.12062688740386433 0.9733384778431996 0.24833865547959005 0.65155298165079512
0.15614242161299147 0.45447691376457616 0.71661482576351276 0.39036235656935331 0.44012719373234116 0.86306449105456917 0.33751099323806905 0.31830605836637443 0.68362739863608279 0.086010459822097582
0.95388753463189191 0.82875086368940432 0.38638730479943212 0.35756173342054526 0.38196726123592178 0.40418626992095202 0.96798563332456244 0.89992550759331091 0.3330973854804597 0.59214820224594056
0.89186743461910223 0.61644464038946956 0.64605359470523227 0.51882440515601336 0.87873601874242457 0.38614276711717849 0.49517067696143985 0.9221499452014591 0.9111252592571738 0.61754522798550393
0.67793707383153468 0.11020400731741613 0.65223481823627982 0.26608460630369707 0.81108097453904049 0.89578466145572277 0.66556922764578053 0.096003377801919407 0.027024659385436346 0.41021622734984914
0.28760176401511378 0.19066604203043508 0.81510158325919224 0.65821470911759128 0.7437132500886986 0.09025696326101966 0.61397473024641824 0.43665541656471402 0.10641437964724192 0.99349475799142484
0.81785759045394002 0.38206336170748173 0.98659999047953417 0.032240529088537515 0.78863122409717612 0.67307730873662464 0.95919303816899382 0.89884325620536709 0.56344929510825004 0.64988246486025936
0.95947780835517793 0.65730576932172624 0.3382869835835754 0.9264165450148607 0.26966179401006335 0.43912686276397955 0.56945017782595952 0.24891918628173587 0.089564955999760262 0.9714535407363557
0.84946711098374061 0.77893179507319799 0.48626674290718891 0.035169609350736916 0.76952124951949685 0.68794829907050026 0.99754894465906829 0.31446513178927188 0.29706043328185855 0.019441764012980523
0.33546659591638012 0.13557277818744368 0.55762535251152889 0.24950512171983857 0.57080851786168596 0.34284146710938085 0.7773846678145776 0.91197949693083402 0.12176665276935965 0.24647060587667796
0.87758467222735548 0.5024801349871062 0.34269184792637081 0.82990238034642538 0.83645985257738487 0.36651256661836834 0.077843958968760327 0.27897386686237463 0.027813784843312362 0.1575263295246882
0.23506624999205589 0.010641469963547024 0.19564500924943101 0.36521264245298141 0.16895665461138093 0.69583721740693849 0.64425074174853925 0.25157613802802431 0.30623861133224489 0.72380300964463851
0.94313554194366755 0.46501341752079167 0.92422133947800011 0.35142403304823561 0.53771212999989171 0.28672888235707322 0.28277713184091885 0.65867464771317563 0.27080818629551767 0.081481909795279847
0.16942656044064658 0.054628387516429774 0.91834854149187584 0.67875649838780328 0.056926038231749285 0.42863931745449096 0.33848949750686347 0.37375412693281945 0.70436219046413695 0.72208247129953618
0.93741222885366471 0.069759923334791127 0.098513427429206699 0.46248352056473868 0.80548509820826142 0.13118787117335434 0.6460702907096636 0.36261664084170003 0.68655065291896278 0.92239066194879771
0.95074858518338112 0.14054997332961799 0.8691124761781519 0.23430828079207694 0.4076029913312213 0.18875304064609094 0.76357262835753903 0.41546061980869925 0.76680380236850587 0.74433680224627274
0.71698785432281154 0.61454995828059678 0.40417980867894915 0.45137374920336132 0.72660015317909665 0.23681918818995878 0.39929272883153294 0.43858246840419385 0.54800248998901391 0.69898503185681859
0.11760094998495467 0.54841269289336991 0.16882883343440985 0.18573863476003954 0.13094149189743748 0.084737556458383476 0.20473447209709456 0.55331266554188607 0.75380548335719921 0.087447994025049255
0.40250575858083065 0.13086754130170369 0.43288388848606735 0.98097575962467509 0.30603458319979099 0.80842953747676383 0.21696185155127173 0.080008121107212934 0.52393625849363235 0.80461706458275828
0.85543960685220255 0.23753293461666386 0.14757805296326548 0.25214861088992585 0.28725100027955369 0.96880789625294994 0.92990441340686536 0.6401940728261758 0.92740126224512698 0.74801280449814733
0.86284953917738927 0.2945704342961622 0.017715272177628961 0.20550434960079905 0.66864799098292849 0.76339336045819872 0.41005506560968269 0.066711385832050871 0.12009585022536311 0.085481330332779201
0.56628768354845971 0.70235973104139804 0.06463364324502345 0.94263037349601919 0.46628862116775466 0.089998940937297253 0.024582774200453673 0.73241616989446356 0.48988467149852916 0.17470591797362794
0.35829171290184619 0.28982281398600002 0.044929494911128451 0.3773231573728944 0.16710932657586647 0.76806510860467181 0.36778332343644798 0.44993946854704653 0.18032719568361805 0.67723511328670638
0.83130002954721716 0.97511864360540645 0.069703961635592712 0.59650386271893829 0.66457819156018505 0.075062403515268647 0.10232604283879813 0.76800059898222495 0.28554175902912643 0.98633850813546819
0.79293805817981466 0.21835277792586266 0.053961209719952816 0.64545702008989703 0.33828825394584755 0.9469955925631911 0.017919753884533308 0.87592526378729307 0.53701736753290275 0.04026100708297313
0.84222584619636742 0.335273790462078 0.11266817418999479 0.83430999309212373 0.068737635935715732 0.84422502663265198 0.31801772042634796 0.61882940899917394 0.88874373077284874 0.82517592936737461
0.94826968596716577 0.9510018417784657 0.1862551400178038 0.9238170671310465 0.13057192345463914 0.0029843754854951719 0.87482771738116039 0.45326974822112959 0.65883072934683706 0.59003964881056314
0.36497114671561154 0.98650819770797782 0.53155756839218948 0.67586876222338976 0.016060508544793951 0.60576165533345949 0.18117128531268539 0.17002243548302326 0.5372288001998401 0.73352544737115477
0.54248614574213461 0.91087614717763887 0.83530334306584364 0.087388830605137288 0.01281385441446552 0.24102640721192187 0.30191775313966546 0.60592583126762034 0.66915470785043518 0.80541853269647168
0.47190519207426468 0.28551956943368589 0.59239205967401842 0.60148750948282204 0.83115974750861743 0.32878303946689985 0.13373403064601203 0.86548279966526476 0.37659888559733418 0.68963304690237448
0.77680006108599331 0.55315683994218479 0.7096613168419873 0.01832202771120366 0.15635214887015753 0.60599734250987647 0.67405210117543035 0.8394770435769382 0.68496966103014589 0.41837303220049821
0.86700615212268395 0.60959050826979699 0.38121185411897635 0.53789395412187868 0.70520409446333998 0.11948847545193357 0.18718223912657733 0.782480453999156 0.67436980112395961 0.31042169054806051
0.37984414173673636 0.42554456464854923 0.43896965774212132 0.25823793847661153 0.56848335092400193 0.60820355697941242 0.41251044272788134 0.58911535031920859 0.21269522334825447 0.48860360786839147
0.82933181451018723 0.53313690259076374 0.6621110527964762 0.97892529960931596 0.22811136397951798 0.64546073403841919 0.14891087003232456 0.33548365200678215 0.0090418822137421813 0.22112142169910548
0.044428209166871999 0.3951036239236973 0.42815899852334699 0.73605939672792586 0.58429511344469243 0.18635684721015439 0.62559223556867427 0.014346547864740922 0.57696497204089947 0.21017952611037877
0.47542076995971755 0.40575149177456765 0.6294080671504465 0.48501939796256549 0.2443762102483848 0.97568414972416129 0.67232501122881794 0.22013202148446803 0.58120591761258988 0.22137643016899394
0.51053646135326225 0.57716316563602488 0.73354110102749626 0.41360294090212385 0.87327946736520068 0.30563148911328125 0.18135223134458439 0.021288940650499733 0.41222954536967443 0.36583333450262628
0.9479844024639178 0.87952989807887427 0.68627468632295641 0.26506948497430688 0.097831392542143167 0.077140165041528694 0.059498077299404636 0.77256351431471226 0.3244701319539573 0.98771776274498424
0.21674384100648997 0.53593791351025633 0.46922153966883001 0.85396226074827131 0.07638201569082452 0.97720444158720376 0.5874780534966767 0.90341494198312222 0.81131293990946607 0.38824603130178464
0.052188129677993286 0.59009785977096008 0.83022413627346536 0.13614438850576088 0.16017731733919277 0.14833673379466256 0.29749336412812427 0.83041755408209939 0.08367152988823294 0.94630765054670529
0.004269568908168697 0.041645666095518494 0.50508745894730211 0.5250509035914197 0.74019756774940237 0.34960641075464322 0.44784477670483019 0.47803313808095554 0.80530780321924411 0.61631291204622851
0.10595774171987153 0.075919827122582315 0.14417374774790886 0.484110273746646 0.028440910979050372 0.54913899806905564 0.50825257141132951 0.97445475042409746 0.011663654596777363 0.93518144352596189
0.10663925296879166 0.24692874582817009 0.39013316833793082 0.036388338254909211 0.94432320555179627 0.36968736308117983 0.77686002173340807 0.81351355167552108 0.86609434616566627 0.48739620755665619
0.67239876200383486 0.28332913244879082 0.61822409679420576 0.12896888443228166 0.35517912506079968 0.31821920285300404 0.1395638303327707 0.81295928713391397 0.26456156166075834 0.50810059223191895
0.96965226152782147 0.11101487389674362 0.74754005406618462 0.56373748455214723 0.36760547404126404 0.49084440894007469 0.54082548983697731 0.95398415426394922 0.58405225748349499 0.52099020325515843
0.81609673488160961 0.93870576912208348 0.99149943089749215 0.69905621734141599 0.72678161945584685 0.71170397398916896 0.95686429424453068 0.20509668475857062 0.85363164860610397 0.25436480606321205
0.26950920899905922 0.30796542934991894 0.69237009014242901 0.75594866015172624 0.4343946852017318 0.46146022386552149 0.8139335199136003 0.69841416567720271 0.40043865276457208 0.12647788948755184
0.6248001161521396 0.38290486702800891 0.67962194690593991 0.14084640494332273 0.36975213197291429 0.72816616410608448 0.011979051666063213 0.5997164581060429 0.98547367353204351 0.96281987112123024
0.96477995413169293 0.39281616152204407 0.4805918077139763 0.68250331297639444 0.71945519562297744 0.042506581097355875 0.57592308665776193 0.82859633720357162 0.59679635326802882 0.49158244918419908
0.7705266086167013 0.8602916555951361 0.76244385302427031 0.63172917473665879 0.17582703625388713 0.1431695063285055 0.20450028451871899 0.39220049024511899 0.77775054199768445 0.24372495573806069
0.97957905002235801 0.15909188132169932 0.51964797423823306 0.19472105895965014 0.22356381717219048 0.69946448382248616 0.14310353656081548 0.51944562210033418 0.031330419695696207 0.59463415521165519
0.90052837556345477 0.13417153582533353 0.34389685051774105 0.35444186519078297 0.86897240329249681 0.27405957013641596 0.84942316525895867 0.12550141606637494 0.31065251443998926 0.14869213653424834
0.94392102656391474 0.53472040527645603 0.19806130673536154 0.25107323448819802 0.60098088416320072 0.84184091592166843 0.17909181492622844 0.46057722783727878 0.13644319727050619 0.46191838559411275
0.48712455020125828 0.82617330116695609 0.92148088543019646 0.23637800353961852 0.54127654350063881 0.11416119268865614 0.35529019937451362 0.32753372717326285 0.78998684905333327 0.90476010906206916
0.38209306509827096 0.92503103138965859 0.18409888485233977 0.38085422690745935 0.1689007487264042 0.5610570157475 0.56071371437425277 0.17082570529223701 0.6149155685549943 0.98717648631565325
0.21512891884637469 0.69181285208546872 0.64288843614482194 0.35088708727159518 0.8326211314666716 0.72897044576935077 0.45981745975150884 0.083535929504569714 0.058910772795042129 0.31264776168633795
0.23614122526388454 0.17239927970299368 0.75411976923265323 0.63367400051109024 0.022609086670910373 0.19600950687567137 0.12218916047860888 0.38746969122888492 0.49232326087415029 0.70433095238953936
0.68953042126111586 0.65237028911473638 0.038764647175966324 0.18442458455616234 0.93295378800116358 0.80260195011360602 0.43221393703244632 0.24465146378347741 0.79252226539604942 0.11398763388759041
0.22677841677696536 0.99633627891956411 0.38931498131111381 0.29598104805000108 0.49061010517050357 0.56918657495252556 0.57710743345351823 0.45328631729499719 0.67476107923049244 0.41357708307726676
0.56187277621123022 0.02478799520015933 0.63980992209994714 0.26723451081634614 0.72044803355562481 0.40824626749005694 0.56646740389018779 0.4761626096525699 0.74937962598308949 0.6802565288825535
0.2196094646913857 0.57353724431709918 0.88821699668820508 0.2694308630109879 0.61896235867086002 0.57884275540679364 0.97826749124810042 0.95060183046485058 0.98885521625386297 0.15850038615216183
0.62627586602446383 0.99482583089972842 0.4642453019110237 0.56748830254342375 0.21860100222349971 0.59335285619580547 0.42505912299330667 0.30830967292175898 0.10128588111909125 0.74604777787515963
0.068094619155844735 0.061539369333572444 0.32654782823437173 0.38957474165099421 0.58945350043229838 0.67759788615726757 0.49860284247680459 0.63016525508209076 0.96388566552985755 0.15159586991733526
0.21021865531598288 0.65244480479821365 0.72683122184164206 0.83950923138691258 0.99244828237907035 0.80294613827443928 0.61836487869156942 0.51316814165583824 0.48096584238500001 0.12403734528873615
0.5665295472659494 0.69874103883112526 0.37625286577643186 0.44150289174113183 0.96974909925880681 0.034564426153217795 0.58665301806903625 0.29176891358670981 0.32084998073684307 0.68475360980147548
0.71522784880464463 0.98733252949693262 0.46372409768518336 0.37683517049137244 0.45046230067147069 0.46788564775832858 0.14802744602600454 0.2450337125288517 0.62619015808600909 0.038834785192234308
0.11215917426952375 0.10752281292796599 0.7547697179615257 0.46793805688937223 0.00262575871404207 0.68414881627830704 0.90094349899296056 0.15570623057877236 0.65098755637545969 0.18729042735619189
0.043441856787068064 0.44216749250839865 0.62761432284408258 0.016764336171391215 0.89337825716958574 0.14882669549360755 0.12153885948529246 0.91045732600545437 0.96286311753519904 0.56306797369917139
0.49747868415918756 0.93362146872289764 0.29464643668823448 0.43666781428761386 0.39388803178358583 0.94849684241752796 0.5371704886346379 0.14854379465798889 0.30727458438528915 0.84303321073659054
0.44434801232089388 0.63754819492841008 0.91965630006072097 0.72409982501477776 0.10343336390801687 0.55708117039737437 0.2248497192355981 0.79305497136547898 0.90191258716733957 0.29595361133196335
