7.7538541352089121
17.729998678986988
35.65977876906819
19.074014853023193
22.804192677824116
19.139209397440592
40.096911930738749
49.539520400712775
10.79713907627171
16.813996738016769
19.98366869636223
47.098425661808704
26.194056958688144
37.282051366190537
37.388342853571068
4.2513956277024425
2.4713056287485107
34.677621116409213
5.956527198392533
23.621243643158195
5.1350933710230384
11.087796171127582
33.681849854911569
48.236561051239597
12.277262897785747
10.380241224897921
31.852666255569126
22.489680950375234
0.30957600701869925
8.101230448775695
45.19026389315129
44.78410500639032
25.170311301830505
12.482132724824798
11.997384622433591
8.5629131226703823
6.6989721018853023
35.880383933948309
11.047112155295421
40.376481305507681
34.045316859723336
47.799323244024684
22.310857766762666
19.999190953975489
35.913015963621561
18.378421609595424
45.508961379330664
39.108981269055754
5.6239627434484154
43.557301159920755
