24.328126446995711 18.336439740668073 48.22998373514244 0.33363696887338756 8.9909934235976561 28.510837858376281 10.134289788501924 28.624577471480002 24.800222624952465 5.7403740089051327
32.864268234087461 24.042703060620383 11.911617558121648 3.049487132379642 15.225721144835141 24.54363064672286 36.558905817155043 4.7955237266389465 13.595526022901582 17.041492171622536
13.085446409982525 34.621715699381767 11.131243001259135 49.348548823310558 26.953098581858232 37.055927678416225 48.355899805352223 5.9256098527980434 33.427898097838067 12.169056607964325
34.450029972097596 17.217227916791028 19.039930098872134 51.672423987229529 39.125311433696361 27.347969151400019 44.708558690477055 31.715010165367431 40.518639942792845 8.7815236298927086
28.494968603646782 7.2834102402740815 47.971127266754657 16.877410573326127 23.547510368145925 17.756501442147496 30.132168977882372 30.934352928950478 24.821795531357264 3.6404840309463835
5.0595110733177702 35.600795550492847 7.7217841989793783 7.1185696044052751 13.556575406444402 24.076687570470504 7.8581122961923793 4.373381036879417 35.528667801515532 11.294352074130428
0.68763825300539183 15.036367338683577 35.274816491604206 22.876470314103248 34.961628093462338 7.9028860957855098 20.158259467354817 39.271862681277398 43.197473863507703 8.1356925100874697
12.09375027087278 42.104046606321148 10.615700557089378 1.7304701945419463 8.0131312925208675 29.297995114800742 16.900944486508131 6.7637723496900195 6.4392201894318237 27.755802668837536
7.3457470901712663 27.70746287022045 40.294890429127996 47.79704760847833 5.1601166078245262 45.186976430330084 46.055007368307812 2.6983009159572751 8.8009874654640559 9.0161236447897721
15.605549557359497 29.863403193992198 15.315469411816848 32.576836918083444 48.540850481295109 23.144863724767191 27.913744663304275 40.600150483068852 39.693117599658237 14.502341264145349
15.677370774190608 42.594101039147333 3.1869441620020358 34.311330264474812 49.108036337699339 27.663606074206463 13.029099489355952 49.662828475364002 4.0049830750016309 28.80244944237554
15.002367472678834 34.508885200875802 10.673534851658399 14.808681431348173 19.305302672297941 11.290819354521267 20.941431504951041 17.059250970389947 30.261976014273326 45.946248665534171
10.867063413443383 35.619558309175915 3.3200683198716514 1.4802353504571597 48.276415434809188 28.984322038585603 20.265802184991035 45.376123944815497 26.143689375948657 9.5299650427482536
13.328971008129251 19.396759103623825 47.612362241974928 12.021767180137186 31.188232855373737 19.78988694064325 7.4680956023234906 32.085418435665098 43.629170604598293 21.975915030062122
37.870940250205805 9.5026615966925672 43.324687814527401 47.195955848035887 39.852430108805535 42.605578368993456 19.389046511384674 35.902008556174607 15.039005076840635 41.344761470575051
46.536367323287244 5.9893949780375157 14.282739100694945 0.24002664614867797 18.844449836995565 48.83919192514697 18.803502098718923 34.863589490377116 23.556868097850597 39.915398325660625
14.841656194918036 24.054890287934171 44.1180191636982 47.975239688137293 11.970100235593383 5.9174065993212004 20.828836590937065 24.46978753875602 48.125967407962037 32.744574309372233
40.821673630222953 34.879808402228143 22.361777376302793 34.30094949700517 19.212641195920575 31.423805923703529 1.2730523152183446 14.133614806019347 8.9242699774866168 12.120449871186409
49.382063564996223 47.780871166182983 4.4119155082114245 33.663776851935147 9.1128061801166425 39.205929466748998 23.703910046891234 0.13303349725614311 15.516263852551113 9.5674985517853006
21.500644168711872 24.056925286541713 35.136856158799283 29.431711377702424 45.492228342568943 1.7311075724864919 16.912878712291704 13.703742464554303 8.977132503847864 22.623997184347314
24.363400104680984 40.020516233061215 30.625453610820948 9.0732435606374597 37.374947208334433 8.4719326014871665 20.06345310699496 37.988795588293236 48.837568552961699 40.025298220761165
22.829963435073346 14.27255600728888 27.829535666784377 41.287355714291358 17.961442123130521 11.335367618404792 19.044125366094416 1.3137113449597317 2.5234887254579386 33.847281731146353
18.320745782077129 6.4979692523985362 16.574368565955446 31.36292876398991 36.524165334434464 24.608197180219808 33.480700596290866 10.619689828074566 41.108634016487919 36.278098142407337
6.2155306549422829 17.01936553395176 18.096220088733752 1.1698184906424347 11.578633837736115 49.947844004816901 1.6979801075235299 42.197413617641374 48.128302250414194 9.531152419440911
20.737874978161859 35.826107236675483 13.339426972412783 46.852057127585446 36.93502852325679 3.5209700479804664 39.467657172915175 32.598389127636956 7.5979445653281124 21.580653397639054
28.947129626160166 42.728224160685187 7.063503226714853 21.369420494847063 25.150718415761045 19.623644329832217 45.884460636576819 5.3037200987132982 8.1497787145524523 39.030690197261556
21.983472431382662 10.454473605019302 29.136396629384489 44.47340990991259 26.883423385667957 0.62752080314952374 31.758931516137302 8.2004993105348252 30.730513214901237 22.97033100821228
5.5827847052269481 43.331889817272284 19.91831559188045 12.597480176553486 44.571767682985225 20.064984224769908 7.6470262223925358 3.7444025228447644 2.3087505705605555 10.788669421132374
43.862328006725598 23.322633871902323 28.657238226912717 1.2087042284118743 23.204700594656 41.417747159454088 35.17296014701342 22.164174374197746 14.108252019357955 27.437209497331782
19.089956663488806 33.54932574716689 44.262386003006753 27.914489562327628 46.213627605969592 10.569451360090506 2.8575716094622456 14.436094724929159 21.895190721424356 17.575841215884402
18.33836703078746 5.0388583454644227 18.735806993490755 25.81815091389344 23.948664432414962 38.83105031173362 9.6614039342966223 1.0257045503165092 17.526740111050806 41.236563060885786
26.853996918906216 46.480031063077 22.132156454688115 31.991062657218805 27.321377047869795 19.573540367659511 26.326724048041388 3.8741563348408667 44.586618306582942 18.717060205307043
2.8730601388547798 44.401678131270359 48.895081539636308 7.0013189725934062 35.725340822804064 31.652789607926085 38.804395755288077 17.687757742381731 28.635507597505367 9.8761156096236586
10.184471194259167 31.584109792907842 24.984103193776324 14.730830093804403 36.218761759605179 16.441956831718933 5.558888303528029 25.054447069129729 25.026418935406515 12.147299752753984
16.393106664644293 40.127455222340991 10.931614227016114 36.689598767420648 28.09002871482668 25.37068467251747 13.324767488612114 31.879055387094724 29.270811913742929 19.432665934038461
23.6487222446451 42.717492042804686 19.826998301906375 9.9417001044932043 31.093331303756344 10.701746687529312 29.438354048968932 15.014821724515587 6.6949051081357389 11.954523928618263
11.86702864870032 44.985764799653452 18.103929515838544 11.859523029520602 41.907532062475077 19.357667186415568 14.675461969860979 1.1355931448200913 9.9147942768175579 5.1530715651705314
2.4718402795155496 37.836571179740304 17.231728672754464 4.9398494704187605 3.1671753998656604 31.24244035676028 26.217181957470157 35.067140940192061 1.6940014742392835 5.5226410591681736
47.811612625880059 46.713473227600105 35.745646098342533 12.221347815552679 12.866990419673044 45.697639728882216 45.095700822037983 27.448900426599259 22.174902786270763 4.9522079111665658
14.94346242714979 37.638018746587889 35.449000950369609 38.824777222372795 24.892515616354029 28.102928397024009 42.651809393559567 14.282916827034704 44.32937162588474 46.963129779086223
25.601724789254448 23.704817144917424 24.212581897957783 18.214216396112541 41.63092468560896 35.291950039802146 18.69163269728428 2.2679036608625998 5.7308232016333003 29.070985944571646
46.307320269577126 11.638969448458013 9.5565456030093294 0.48088912525746258 43.640105308531666 31.715046155375916 42.442727235319339 19.539114359234276 20.308769266496725 30.531285382722508
27.742246339824035 19.209958511741306 42.205027687184575 23.286441709139016 49.471504338971386 36.129470250299889 36.094984976542491 11.393896001049445 8.7165600212259662 28.305498169734882
16.812353251580856 32.840569290790718 41.697539292785606 16.705023662168724 14.988625853105759 21.355486615652161 23.153709006956074 2.0837611750398262 31.873273963551203 21.643908187342056
10.887696713384257 27.529115863092816 1.035447259437049 26.608637908458444 18.685449295522858 4.5653488612245949 9.1482525880530119 2.6736702079869534 46.287473331919024 47.535007639381995
33.908048719779039 33.836102571556331 27.110144187100705 7.1130303930839824 0.47624037320302787 32.729094919896575 2.8865962365530935 11.198150401270428 22.124608661333852 3.9712683563978182
48.241432505367996 1.8266337235678296 2.9118001598199128 0.0013262009924208673 45.264393052058992 22.716776509076254 27.543138238509147 21.037553929732052 5.2517362437595656 28.265914286195589
28.27269033533647 5.473766163033015 15.881307525885665 45.520741302731828 21.704199642840617 46.721558933721134 10.967764459773178 14.862016786413093 3.8948906246147788 28.499229209144449
23.309412507947183 20.676563180617443 40.676002411276926 42.663410663752082 20.983947627806586 37.893105530797143 40.789928655690822 45.555701266745551 43.620002038519679 48.067270008137115
45.98912786344485 43.300760351381292 1.5121006657380545 13.552495605481337 30.070962290373402 7.2425588536726719 42.196628827798442 33.78986968803769 33.441124124031219 20.173920609160859
