14.087650812517314 37.113865971253482 20.28982444498789 12.826768738734105 6.8926180039752509 38.133485655272551 30.156300303565953 17.271421132231382 15.426132165981796 33.676595002422843 32.316981640340593 28.326489662294353 0.6088104495538782 28.411867239499088 5.1492883836840608 30.912138489493813 12.346634421815853 21.687365821926182 35.005453206606887 24.186390267693682 40.988622376889005 33.521121714710702 40.721585117882761 44.138663370826443 25.05075448261681 15.833045206938376 35.562695368306635 41.702940609306076 7.7961721913872157 30.385241464173092
44.960712702134281 25.376204278782474 44.850806399595392 37.655522284678362 28.18012077947602 6.3637778356882926 10.167565328717599 15.994000630735863 27.584348458696486 17.20981529753163 22.175683733470976 24.258824072651521 18.784307911983447 47.771883835451149 24.134735283445156 6.4700660072475991 39.358215315446152 37.853868313635111 47.34076696204928 34.838310950459395 14.930458931501823 10.644409281616216 39.587433132789336 46.810450022918602 15.025200941709089 28.020382007488276 44.384451399228141 33.540362685045729 4.3137518805408392 21.030321536477167
28.056434589130852 39.043178942343893 17.683024498867507 48.334066382189356 4.2925532533676023 36.062845961949009 6.6048103248609431 46.493119709101833 18.342127982032036 31.232840457665237 32.096296579125756 23.43621561219442 24.903114769273859 36.954689143267963 16.464152337443441 38.16323708276704 0.67747298265582812 27.11563654032949 20.830294316936559 43.035620667988056 30.249073151206375 11.924757128064797 14.916723554237619 14.870721518285999 3.744450362342346 5.5470735129611093 41.113452454976041 46.275822936514075 3.3303905911386251 42.77447438148009
4.3216633033637626 50.565378005719225 49.08110610604755 12.308917842251738 32.56706326440343 10.193281215068442 40.623953024580558 18.595932858646222 45.497011523534354 5.3946250966256102 35.848905418336955 42.523696241742499 41.872134922439528 22.022805038214191 2.2335923004712801 10.550211834674558 7.394433462822092 14.658486969526708 43.580701607712903 39.125208590334879 49.688939759247056 31.256094397210255 25.109983059380042 39.27739794677651 23.980950343421423 10.866159092796575 34.007992899647277 9.8153194229897061 37.890903191341401 44.791952262152066
5.7266098274602202 39.268823544371976 16.507235084449242 31.614612522476079 37.979345070315304 2.1621807780355664 21.602771053119078 28.519160358534911 30.227734384418937 31.82077676887814 22.70149850372913 12.697005610224435 11.768916126873549 36.67822588690256 16.892942589908426 48.844052765359855 12.138634059531087 2.8902024569045413 23.788712409474954 6.2352304421979472 35.330674895889615 1.5601193953618733 1.4990249972524128 47.803882084904643 41.186408836966571 23.411983068715553 25.285628701453621 4.633187488971541 12.280064990818842 47.016660551793365
23.093690276872085 29.152354999643027 34.647107608223038 11.028553247460001 41.670207889342912 47.909503739420799 39.691972067748551 47.137408740262075 37.981762819606267 15.662556018138737 12.705862185167213 31.632410539266914 6.327213009494467 22.733111348810535 16.670339793891252 27.031335247518477 37.346273151286589 25.579521086763808 36.270015847036404 37.090874622296717 2.5718840748269765 23.742961978922065 46.811229852932442 17.047277360067973 47.652982829015208 14.034275898595846 21.625225853977778 32.463243732393657 9.2920621371131293 5.9185055612616022
6.2039246431419226 3.2205790479942555 9.1019817950006789 29.165346563083421 46.876149073536205 23.662830308237279 32.632526465603 42.979403682747161 19.399540486596109 48.492082356995162 29.610940334303162 24.804109136658866 4.4287352579403212 8.520248639953703 8.9316204507508807 8.4227486129087712 6.240728314923639 39.716231551280906 41.469718367532479 31.597924674523245 47.574697936485649 14.752718161219374 11.447635597301076 48.109303482590143 3.3844184662459234 14.333380475418011 30.509278365040043 17.13219231839852 7.3469250231629513 4.5021885095600043
33.13085786867034 13.483687063199199 39.686952906422398 49.820173077395509 22.956272467768571 21.316490731542679 18.430435810872783 32.471156870664608 2.570271995352349 10.79004319640223 37.711070274609604 23.224672348456561 3.4817935309966153 49.261071567514676 13.447936992035178 12.589342077768558 38.273265406813117 29.871447050589879 12.946275255809322 32.552285904724741 25.693221621335717 17.068995147475409 35.049543386837492 47.424784030132464 20.707669770947209 26.703432135381998 15.271022598702229 1.7300116623357085 40.886860630247753 28.789180542051184
49.010231990089963 6.6760860487784308 37.706906561292769 41.747288404549991 1.1469231146129153 22.1185723309104 9.2427234675410173 34.979718186009066 41.887509197261835 11.43284515494433 10.991808482915802 3.7040640235279261 29.773976268047342 22.511703359902373 22.68094678773603 4.3849357483166242 25.801571536063566 19.493219201191749 33.761608634927633 41.316235437419301 37.147929107097639 29.337381722050807 23.044920211210847 15.332005002220379 39.791481668775731 17.915420469898915 36.889395418611102 21.203797339438129 3.81334389244594 29.461483422597194
36.293064716785558 44.728074062654301 48.218789775320353 39.753766929332016 16.112796849052156 47.780543070949918 28.166839155031536 44.754423536962648 36.184655972560904 2.105953485712305 12.934742632366433 13.753023105151948 23.928555235599511 34.031146192333736 36.743523698685365 37.008172982593372 16.954881511075111 43.21452797341221 41.804429073311709 36.332172810030841 19.208160878914896 36.898813815930573 16.948208035379139 22.739814447712757 30.855653476588962 48.291150640137879 24.701116427480869 2.4443732905737003 11.60351896329426 17.004303609784845
16.397760018341408 21.940014940190945 21.980854510878252 40.628658202471946 4.1411846691066172 47.006826761941014 8.6168542615647681 48.162535348727587 33.247098539655227 12.29127213784615 36.825096925296236 12.293601636454836 34.488793301431642 16.140464514614862 40.9167868174642 7.4716425617737041 15.864682885317222 41.289060168260235 35.656884333409863 23.942724576570761 38.423670515055484 45.823228907355372 34.255558436556385 4.3637733743537401 35.596547122284981 33.684373088293704 16.989644788193921 16.042317193750968 22.9060448717842 10.79450183102462
7.8571842262360558 11.633442388476075 2.2482376889837004 2.9300926327002803 5.7458360955881629 35.440362711090501 43.770993903407934 10.902461335345956 40.370202083273803 3.0973611649533854 44.102656259300147 40.634307434154884 26.25443660279533 41.551281553384449 24.509470619601583 16.408081926420721 23.403139796736372 49.062898114480369 30.36591645527718 27.135006305909371 7.7564751517522206 13.193004825480687 22.614887579515219 36.302155047426247 16.149782366828731 34.821063042548325 8.1946410743850127 42.720926680583133 24.443079485182089 14.313759610791738
8.1618370333316737 6.1408161268011101 26.693519119759337 4.1031187730675187 39.137578005410425 5.2286402195657491 11.045830989174835 49.074037037237701 43.145886906438228 14.167361099748675 33.800930811244484 11.238288312355309 23.603374671304859 5.5994464546745668 42.16239175470858 24.337747766740605 4.0776801442860746 38.906479946746707 51.57280164821718 2.8132036307092396 41.729780648840183 10.4680140237929 13.45462758523173 42.534913505273835 3.829833105285017 37.358500178883901 49.097223898255962 27.266594083977356 8.2733741459612098 24.470638914877071
22.888259401962504 2.8949008283978306 9.7171161671277684 24.085903489908418 13.042636446513059 48.965087788611186 3.855943267663211 6.2578182384243366 39.56182243986057 30.967884279910752 17.13347083015698 22.371072311640436 15.23128434789295 27.602117904288864 18.907332745714459 33.166924406178772 20.075347522832807 33.599220352334804 3.7525253100438327 41.825407103102911 34.182585242019563 13.352175814751636 1.0011376530672322 8.3700749307103006 14.544662803868027 37.444802923057416 37.219610650195882 38.333263788732282 13.948920735184187 8.6010298990056278
39.579454203873539 18.688799329080734 34.380362061856133 34.329010863582027 12.702640193748477 6.5968775912762201 5.4118662261387041 25.535212084936894 29.119599340642125 15.589959218934093 41.597781964559324 47.089184790241255 23.884673849501976 13.574471494618551 16.873729418788358 49.412083532500603 4.9677182004122553 22.85126537924755 33.165994146760902 13.433736500053964 20.663862649752652 11.806907711050311 35.411430569434245 15.882875039416479 3.3268057438813758 47.193686487655519 49.36084981891252 0.98217208354902019 48.060950555627038 8.1423997162794528
3.6876260668791923 45.416093975179102 32.631757632186151 15.812562208167071 9.6638897627828779 42.764100551894181 13.234948593166367 33.428121357485637 0.92456486865989551 47.464185637502446 19.699146203844052 5.7802823308122608 47.656321185034315 13.503857442337948 44.677885283430975 24.479267420155708 27.871233612172894 6.8762772731037947 30.006954287576256 44.629246963156611 24.211019308916995 28.432962420132629 20.905970306458467 6.8759970471926293 22.023300039379475 14.594609228651693 23.404944741382096 49.720600735025002 36.570426807065601 9.7775013656901546
5.1197125268998098 20.814462460316133 8.1478116116849151 40.499873381839834 32.010602478150325 16.583277672566048 35.620121780466462 12.860372603004572 24.251924257490689 16.452505746603595 41.179288420265486 32.020221887983077 37.466475592399135 17.036464079994381 44.967617102121459 0.75349919627112816 45.689729454450649 23.144468150863673 46.201166116628848 9.1755836365961994 25.212002317888611 22.142008424508901 9.1277561290332443 31.261264376203538 14.019919893440848 8.1241603284276458 14.21480067157605 39.979451300986717 12.135656020073323 1.7839202155863609
42.394617485993962 21.521679594357575 13.450629517886076 32.125094994095456 30.686842006396155 16.128063957971037 29.701625207106328 2.8374625590397473 38.689194985992891 19.377565941030454 25.372595142418387 17.088920306214142 49.553944259220366 30.728801552245088 32.890779449920743 4.2283423352910203 42.856589007469573 17.235330153176868 6.3691387310365384 29.202482808845033 19.493023591443709 19.240271186392782 41.670180467265794 45.084005523201206 39.990300632438313 19.650379233625323 37.560085318869618 45.106072378056851 35.882997540914928 17.903834508524255
14.971558790748526 41.597952255766579 20.840992048286093 38.455674092873792 13.334092942711454 6.4652977489305847 44.756806720096336 38.177448877752447 5.5081083175578378 16.795690381191633 12.854252745599561 6.8706483605698336 49.611895532997586 41.750389870207002 34.403212064499897 31.991496369772186 3.7109810560593335 31.003577928677402 4.2145689515592073 33.663626918267262 43.804864337530873 19.533916678610915 18.051690120387295 30.50210321732834 31.266946181151567 49.910753574870611 16.76474951496612 20.969796747017202 34.364782238703157 34.221357836086788
23.329458857404596 20.257220542187387 49.850241863314473 32.103317062411918 20.893541478155356 44.625796706006852 30.772925699519554 28.430580846173488 13.097394042499664 15.05095903009431 7.639559556910557 41.105166305003685 27.38909793468089 9.39460177424899 32.291123155712143 28.802281627528146 25.942142255564189 35.587068656304623 41.457407749093591 41.945872618020715 5.4875222186556698 13.301520877295671 46.740133020369342 30.276663768747053 33.801168345615146 8.7976767569274603 44.19954494200492 15.799486773736472 27.793005604499587 40.411826377973696
49.022544509826247 33.567303722610184 45.824938381700235 48.298378515381977 9.4741240229322763 39.656248170838317 34.99037634876651 42.61315864767306 18.346190456375624 39.933890484574036 47.250293152199305 5.2088076178800531 31.620178480601879 45.287911386436278 10.604288239688344 38.696858294962041 26.307177001689031 27.681265944679474 38.647601389360887 18.080475127110716 48.300511680544552 39.686268516534334 9.6657895349126033 2.444036894117426 43.826097126347577 29.73274752570218 38.720387672060447 25.852029019820982 19.344824074231084 44.962676630744333
35.545814447228338 12.129212402737304 46.589774498134574 36.097607300906049 8.2813716188991027 10.286057176091338 46.711701341943382 50.371151247622592 39.404353107119334 24.251405708971742 21.969356421293661 22.088573764443204 31.37313710871107 19.55040538112128 6.3410112268230474 48.343804961263949 18.731100942174947 38.895277532006268 28.027744975159919 41.290119820948796 13.410458402620472 20.108675623238732 18.968045170865672 26.087696127270721 44.356747689579407 20.725469410589099 33.96043563770678 39.445055917742039 28.40877672795952 42.245116246017254
26.936886145232712 20.548939121311296 8.4900321679424824 31.746689767753573 2.3836313827075815 15.979160318246374 7.5570928749946562 2.0406280534699137 28.950458808650176 31.728231100758968 43.886662063534956 37.532683727871309 17.449366238637634 44.701729976730221 38.187860237468868 13.212815168781336 34.496461878060373 11.232684871921435 27.051956291125347 9.7935601559139638 37.080232340101965 34.576602081484147 40.798677113173682 16.458456143574754 47.767416070270151 45.340602852713822 3.1819467818474632 45.557138559735634 34.433600954156447 0.23612020984225768
40.200839240257572 48.120962694899724 17.996461010795709 33.330596037353814 7.2811270443896321 26.363010922508263 49.067415679173223 39.544819750378785 48.15787818806907 16.421405540032964 2.1109653344085233 6.0550686346488822 31.684902764478263 13.032004234666392 2.5290402205009577 20.911226640637139 8.2238886179130812 11.915026431736417 9.1301253787139345 25.894787829196346 1.0675427311663788 25.091238979462872 14.567391703494655 25.055047129148061 33.938648056510338 22.102665734671891 39.265249024609517 17.506636616998193 11.580050471909162 34.680134075671972
35.887323372800864 33.209527566999753 12.541470937670891 11.472519308803106 10.210409983112843 6.373331258458979 33.387850274223929 46.146784322993057 46.403637626145816 4.6941036887638647 38.9763125705745 9.1432128389550016 42.654476708766751 8.430073138035775 37.830283088241323 7.2050449690594265 31.553980907589963 39.567283813148151 48.676473489995772 18.354116559162918 37.21783358543054 2.1620334140513759 30.885047681899884 17.475294620342702 23.220117965667178 11.039872894284796 5.8496342074550078 45.948844619615954 31.952982936074111 21.984593017382153
47.870592913265256 0.9392637619352755 5.6494075151136416 41.493801191654747 43.0893912074051 5.2367811449594406 19.269168259972602 42.896114149237341 21.499192942582233 37.09039335388902 38.747996736144891 41.477544933053238 17.366248455820934 11.802232464725439 8.1818958375513891 36.331027857634957 46.809612865709909 46.175031694159422 7.4612334069888799 18.213386365481185 10.567866691028815 37.377866261321884 24.916789132515355 44.333558086552081 45.3047451136039 36.188282024894583 46.429154716652533 2.4834709789820857 15.188457139659457 12.512883857179762
30.525650130435789 2.2703599915498827 6.9288058728474153 48.178578181420015 17.543855222882112 11.467028582046737 49.232381102715614 38.13944055632647 14.584176123215029 30.159368250959876 6.7080612848811594 18.620066787091293 4.8562627562370722 22.613201955339527 4.6801732068088393 1.2981560883283223 16.296262137810437 35.738232436995716 5.7533564086844642 40.832343261954577 31.954554577341067 0.87782769206195732 43.910627137905479 4.2326734990260677 21.30870499341032 47.161262516477692 15.611804365639797 4.2586154111173204 39.89103656438386 29.203323958025614
29.305383869944265 37.450906690830458 41.528695460931566 36.131597293084496 38.479925602263748 16.306324647185967 41.424581110322876 35.488323230530128 12.781356323828966 14.991408283006894 10.178118663113516 45.360826179238131 3.8449148490172527 6.7176882858811995 3.6460522156733068 4.6741960170880317 45.869297714329399 28.728823089748101 14.046187906176355 38.925786118383051 1.3982263080638542 45.698427074020287 45.195009963139796 30.781758672170064 40.339975854979507 39.48957198704661 43.357380916864386 17.316558486172436 19.209593222151742 22.144111750867175
26.647137823410539 1.504072404679937 34.225686502370046 3.4957917767682942 21.888060093674763 8.119079434477996 19.596163540610213 10.223896565562542 6.2916620191118735 36.256115282418726 24.501101459700745 13.657211412764534 9.1126907532870813 14.112078713600853 2.7760360003339333 48.345148311648813 33.628486292457339 18.05806554801044 40.275352062754941 13.479861522859974 12.884058829069325 35.888858092934392 28.119885247745195 13.700529194272018 23.792894057120886 6.1202074539801163 16.916522128483312 43.410724764511166 45.943963902850285 41.519304664240948
43.344661681211811 19.444213274051489 3.3203090305161296 39.898306359927048 36.51164396100107 47.966712174663662 49.945893417055615 21.26433974128587 22.613185839302833 24.839868918174215 41.238275121275123 12.654338905196004 20.873760210258382 36.059756632503493 27.849744138327505 4.5849490286222316 7.184222782593717 0.49967011787332916 37.099029063460939 7.3673954463959488 44.652477919480276 24.925609337249391 45.785073839217333 24.409818764392643 22.091269499476368 25.582017633047627 19.305446274711709 39.257713499000801 43.150963587757026 16.257577893209284
20.938585306968424 5.1424425763236199 6.2917951417118152 9.2301663506609852 3.9407077735597924 14.639826962464918 26.292880654210006 40.279630158798746 0.60373410287459661 9.2205091486107236 26.769357560704666 43.886392509318931 29.034414246282964 32.116365630314675 40.530971018512389 2.6188040625089521 25.071015058339906 22.848770816644532 20.426413392715212 38.351675234210113 25.048948774714859 6.5753217039578011 20.626409577200825 9.5489206819499231 26.022528601621026 12.885942408151058 16.600341536985724 49.771403831100237 35.023931091408187 39.49511836522138
3.1132139379950066 17.391175227358008 48.164728507661941 24.755433927837707 15.462844260828492 21.491135882862054 26.545660875108045 47.980618347841364 4.3479593695928607 49.924399922290206 37.622968877152353 28.799697791520284 42.000558678389766 4.8733604129087498 40.83094725447026 19.710846973760098 47.732917963395714 10.564465151237245 23.308812309647895 10.624517349796426 33.335369613499473 48.841862086995086 4.9179900428454788 24.157281025584108 0.72858968996325602 19.71460145956426 20.729189400078244 21.428331291196226 47.260367090382886 24.069526496360076
50.345669233289549 3.8869336415727433 35.329070362638682 14.203174756712501 43.584744384386795 35.516733211087953 46.71305677586966 21.013092734235304 20.929649335204719 48.833583864547592 18.340174953613353 48.350122607966689 16.173529064334396 14.039023045099881 23.620018556773658 43.071757304994122 19.849173005876128 49.860689727764061 15.843929545048761 50.105608280716069 41.006028827838641 5.1146383271933793 5.2987435293239722 21.549219851755574 15.46255354213868 2.5208318329277475 33.052993975061177 31.30416391438165 23.871192501158497 20.213232479068459
31.198791614089384 20.040267857840362 27.890666305332743 38.45185125971566 39.76704734947814 48.250689788163257 3.5204383378001167 8.1794770390860645 20.73627202246934 9.0327517468829033 31.768905400400556 39.269269204524242 48.692152305921745 38.646011016140612 1.4640921915400182 49.692544601475333 26.050298323126601 19.862950300915742 11.328536953802445 15.40398309398177 40.785475514213466 30.873173513227382 13.148985012821592 34.058029215881888 32.063399547816125 13.89969303152731 48.367510649043261 37.300453985530496 49.72029638996726 1.884865895968431
14.163646794435605 47.113837385596064 16.935246896424864 45.013196499557587 48.420849904930108 19.438930339752133 25.457813170439479 16.443420230761628 32.563021217810594 31.208222151366211 17.331485837328227 20.632291657243087 42.093407334792431 23.245541386991235 42.927343231259684 20.873665034807562 12.643843495672238 13.841402204402495 19.131231106295985 22.960990766985297 32.804490534871285 2.4051657380868749 23.500447597745904 16.338216759728127 36.710974774515023 31.893909106553618 15.149094880161353 18.051278651697121 28.051360615670628 26.185098776348763
7.0673751547911214 3.0269835497575412 14.612702509346505 13.19636881499588 8.0514888364038573 36.742613831698343 29.294067308305138 9.7165592148706015 20.096096523837186 24.296654209007031 37.723557307847059 25.35112367929888 27.456351526137524 46.095726783460904 21.939217444859995 20.791895704416568 7.3263495115328148 34.38189323089361 30.751036349321293 0.49484687650782294 30.321808816365905 17.060237787398606 43.092867006217546 32.561253740313703 45.519256717553162 42.037733348923659 24.235170653830121 0.89947859680718389 4.0605606804654482 1.1360924769790617
45.256532375518724 35.727887863079815 2.5295289201770794 23.815025025366168 20.838035012691812 14.935411732491563 0.48662727917448712 2.9383561336180262 7.7381992815428084 35.187091798975501 12.342339381475247 0.66902453589324606 20.268171303233839 22.586117977191257 33.141940766528357 40.53845916299381 26.680448051585881 33.69668590099365 38.778092364500097 49.058598739285088 15.115862504476096 9.318462732052561 1.1071090242611872 19.253588542463131 25.754693230204907 16.565376943456336 23.663561146955608 30.549035714900182 29.599015923436269 40.684087878104833
49.340636598677328 0.88120772859606744 10.388275539456091 15.040906049353826 48.925376017690262 7.1218224048373528 45.68292422599837 8.0166519251265651 27.729686217013626 32.166213532229179 24.737749788727616 1.534713871758532 13.832126335602569 19.843894168271628 29.81210841136614 43.132484322595985 45.048783776046605 50.300190299159219 27.472771679867165 23.070232013018888 33.011430035701267 14.509889502304178 23.637757285375852 11.560279856054722 14.336499953106742 9.5015262814768047 35.32841807447975 7.0661325561798582 23.192281490084529 41.985044116540458
33.696279817637468 45.901438356384752 19.549357335533635 4.5522484535142915 13.367657254110535 5.0386332021536582 16.189457138852212 26.046170289883523 23.554277250348147 5.5870188055693344 38.07793809712097 46.927047818834367 49.483493727357015 22.321423680147237 8.5181293054371316 29.655694956151379 38.093171841609099 23.055726120293397 30.836201190873449 34.675828530060407 15.160686518224239 40.587805791238793 33.084222559059825 2.0991210958574738 27.436538356232404 3.5178078801508041 22.175772892220255 25.937351306514479 46.872986730174212 20.558503170599096
38.663773627268455 20.452471939420583 17.777028531783071 19.699254625390207 24.879381850413314 49.20044201017528 22.318744371288346 13.070172765290589 49.555449182367767 6.0324731759965715 27.968668337493867 7.4483126482163611 45.188046655849398 43.443505636557788 30.123388869734814 46.555179600174732 38.413004570611378 38.484205550569236 34.193385787041983 0.78534539282479221 12.590540358360593 16.753570562343192 3.4021588343061935 14.157734316422328 3.9772599553872214 8.3776177480952736 39.996401198904302 6.2369204827733578 20.252391016876089 25.626953121444494
27.966840785983791 33.980322430690748 33.745325381175668 47.801492077226904 45.374908956101628 17.183373512955363 1.3970665833824989 38.909546364929788 38.36897242816643 37.146476323216369 21.850201242711329 46.626874222176959 5.6868382719886643 46.59071474909053 14.575271064292789 5.7845842758938213 40.466972204550316 46.63688242651056 4.5928454803764724 31.756525750568201 5.4039390958313041 49.876041822721504 12.058001928659063 27.545068308712327 48.003346867912789 15.659917683627455 41.856239825174036 32.64373569614245 46.093461251089238 49.760709236708166
26.255522803260725 9.9614517680490895 40.435161251730946 45.432981610974913 38.08384975621501 45.913839182021263 29.432245780294316 3.9713388158375516 48.144129927418788 18.1969364993524 22.576641233834092 15.694335336667205 27.253982390034793 12.96200517194379 15.460563607793905 10.573325474649579 22.071933365407464 22.964131578879304 28.50029844583036 49.708063487785012 0.69267324081389892 12.856959963857976 25.994086802634815 33.650011620434853 17.728020376521062 7.4713860274894301 35.046894826807005 47.513021745471917 4.2407784158918078 32.116552563227025
34.718852429436325 26.286507715134331 19.611120510711235 14.938752478308738 5.6349861317016394 18.007700031004475 36.103901339032205 45.65366587476651 5.3254383826276568 5.1686720682073295 50.102794337294888 38.55532944113542 49.837180010675418 0.90291158249488934 17.873602579205283 29.64395880828317 16.941633552449503 27.335650810325109 48.417255087268678 32.120147767635309 45.529928119588504 7.6404290616718704 11.697823392648782 19.084863458167799 35.204522987688129 49.086250760147983 44.618971738745394 27.574357916879677 9.8851995052243975 6.2438155856067095
12.754883294554444 27.032281629337557 35.986815421920369 8.1236817143603197 8.3451538938095844 43.410816447592389 24.473707347357294 46.993780252539509 13.609936050083654 37.905541958379608 34.310328259540285 49.48367797495338 1.2657819223841253 41.874342006453759 32.164546533033807 15.259040202502241 25.17803085445399 49.89157798154929 41.64447682418286 31.131191668466116 34.150554452620817 13.332476631837441 29.765994715705151 35.768441202924983 38.042079393485835 41.794628086102819 33.300997468638151 5.0020932047851678 34.993272477501755 35.189602036190607
1.0877621208738251 30.201780983731158 19.79163017355345 1.068467095944921 28.295661785552713 12.108827481464186 26.411235151952976 6.9615259831894107 14.460278660581039 36.717499957896798 19.461589678131539 14.376585130314933 49.38253577643956 30.180000164882262 36.234720397350287 24.297446532933733 26.88148891470788 5.0039093141037769 36.112412781953644 40.153201299082177 44.687957653260511 17.755525682105336 38.24705612492064 37.102362693365826 9.0467403260425687 0.93892064211688275 29.486292557561754 21.77393279007681 34.697342035088596 11.175623573769888
6.5461334160331122 43.759544826572586 35.935726298669039 38.432913125218661 45.275771336804461 1.365398270044339 44.668771258101877 7.4593795581322784 39.360900982213188 22.283132062360995 14.949133224237251 23.630206493612842 46.090709773444949 25.202895623108269 40.071475831227417 36.715609295540709 10.303373664132437 26.077896046847485 48.441207174232751 7.5706862829349726 40.91335853292118 25.940336614750699 38.188015085695149 26.025113964738594 6.586934675248389 21.739827947366173 6.1859325930684337 20.002371102416799 31.162098953961021 3.8458286136072637
8.914676026375826 15.259113135234422 43.009247324744223 38.453607259908701 13.793512735272214 46.979227651664544 45.017661392506909 46.991842270171794 17.09038123717745 13.646011973949138 24.023087572485078 20.930996926243093 3.0293205954558666 38.9661337135556 19.793336256630898 31.203865998619285 25.514327009605175 28.312308457083489 48.178651445814836 36.331510851429073 29.450267184183964 22.433895127657319 16.549377650229498 27.091397431825737 9.859323841089731 11.569224033789602 30.751803266005812 27.987987230783713 48.76820291188087 0.43045157534764794
10.844758008812276 1.1082958144429171 13.464592154258716 6.9588944442304772 34.058489212933601 39.531567416774998 47.66816169403026 41.743744827752998 37.099521312742652 6.2699985115071817 5.6599354740135777 7.4525336686293091 47.245080521912278 40.354733673428875 44.041237237344951 17.584231825535593 40.37217001385401 16.060678350526043 29.497255033698707 5.040158640860195 10.558826114444004 21.257154117287232 42.539418568854686 11.532269666489661 4.838123415667873 36.018427135350869 13.942270650051711 2.3517483868641245 20.260727613073644 14.051200552932377
23.53536606266292 42.886918943257349 35.762243439740004 28.217543699850257 4.0121591825044902 31.676776396916008 43.245554086076801 20.915333390167987 38.006127749958281 30.477875172747847 3.7154359185791264 40.710458367995798 13.431066357832009 21.716740535300829 6.8552383046279113 8.7923147143792715 19.573803049817325 49.014251798964075 24.727073069532548 34.654506170551862 37.663112910280262 48.538855658212945 19.675610576719414 28.785808977822381 4.0565375828732337 19.31034603820606 47.439044446161489 4.5461969838891028 48.263732974017515 28.790632775042287
38.249393557481106 26.714355850052357 25.333092439724108 10.134399585452501 45.324099870922723 10.22287637953861 16.317776088112442 36.551869468966949 37.484440749214855 43.194657366545734 45.175747837384215 10.588612613021066 9.2949820306624904 44.856405682252024 12.275852102171106 28.504277996696668 9.7083252018218378 14.554564119445141 10.323672384881872 21.289512662856303 44.459362414407686 9.8193051969748293 6.5203130145251436 7.7951364566226378 12.356105226833826 31.099934487011812 5.0505548719451969 36.978243724051381 38.690748149029417 1.9842381631985091
