0.15507708270417825
0.31198013045026179
0.71222832545410331
0.34740983717996671
0.45490708778838557
0.3827841879488118
0.79896875500313735
0.99079040801425544
0.20323036289106006
0.33627993476033541
0.39629984083797948
0.93165732185734729
0.4967211534974138
0.74564102732381077
0.74140185718914298
0.07700484034740078
0.038839115663918442
0.68837767219310875
0.11913054396785065
0.4718521053723978
0.10270186742046077
0.20070035276739179
0.67363699709823133
0.96473122102479192
0.24278382498172651
0.20241565885906571
0.63688245123239751
0.43284988469578484
0.0061915201403739848
0.15218796960551401
0.89430503617513568
0.88959002573400781
0.49577894636729752
0.24175527508377365
0.23994769244867181
0.16966535298990087
0.12976646648208107
0.71703421985904725
0.20923311474772227
0.79592443707558758
0.6721859741569457
0.95267819531468023
0.44175812288445421
0.39376743367706574
0.70892419924620853
0.366178430002359
0.91017922758661329
0.77648929635835939
0.1124792548689683
0.86942417301305164
