0.28175301625034627 0.74227731942506958 0.40579648889975778 0.25653537477468208 0.13785236007950502 0.76266971310545095 0.60312600607131905 0.34542842264462764 0.30852264331963591 0.67353190004845687 0.64633963280681184 0.56652979324588704 0.012176208991077565 0.56823734478998178 0.10298576767368121 0.61824276978987625 0.24693268843631705 0.43374731643852366 0.7001090641321378 0.48372780535387366 0.81977244753778011 0.670422434294214 0.81443170235765516 0.88277326741652884 0.50101508965233621 0.31666090413876752 0.7112539073661327 0.83405881218612155 0.15592344382774431 0.60770482928346181
0.8844400421626335 0.4878626300274847 0.8671969243275881 0.73579265395187754 0.54133725215585926 0.098640374374431447 0.16945394403501007 0.27815859881185739 0.51675120907939198 0.31917624816658891 0.39595314846341373 0.45159712773131927 0.33202005546529406 0.93272553217117171 0.44288649759439486 0.1036332465635668 0.75175250025019602 0.7190660226777168 0.90719161852499475 0.67842352913114234 0.26267281372410772 0.18328126403321671 0.77289927439486306 0.89882498678220213 0.28628739941516296 0.52957231699500384 0.86040201014053252 0.6297439918513984 0.046038783090398147 0.39768494135591986
0.55963284207705721 0.77972321920091492 0.35283245344989939 0.96605418138298105 0.085609351162244815 0.72047788311726235 0.13054460655474537 0.92789847310299378 0.36663562302439373 0.62444826590138869 0.63974779711253493 0.46705117510925315 0.49590119573251606 0.73906988586160016 0.32850561731750644 0.76200025727377663 0.012818948942899745 0.54114207569506168 0.41450428465867456 0.85933521581371752 0.60299805537383477 0.23817387512816207 0.29783515039733172 0.29659598097707235 0.073375212085211958 0.1088049672710734 0.8203396912969011 0.92433772271030001 0.066192670544149498 0.85524663606867668
0.046785796284323042 0.98729887238645841 0.94865665065595428 0.21305231570178013 0.62437230002172495 0.16165509509719761 0.79863231222811615 0.34797823035780479 0.87489449240782313 0.090729548441183458 0.67666869314990907 0.809634106118716 0.79813116472179635 0.40143065958636143 0.022889343059154733 0.15840336513086589 0.12057643796976629 0.25733537422435587 0.83841964614273068 0.76756715578177603 0.96344906741305958 0.60319856461605947 0.47909289725306509 0.758286389623817 0.4601129258007049 0.18569930073900692 0.62773162611446742 0.1807031083907516 0.71126971365561598 0.87881516652441105
0.1142351740811564 0.78515431227408716 0.32895263803896418 0.6321775249235011 0.75780792879499537 0.043056743466154776 0.4315860608708853 0.56809880396448764 0.60257977438220012 0.63578826848768322 0.45247424706866862 0.25345778103610744 0.23431331008774819 0.73336853399327651 0.33591059947691132 0.97578436523615786 0.24266785703388366 0.05603875481494007 0.47340746637621195 0.12464903239116935 0.70465972818754419 0.030756457972042895 0.029400882181196342 0.954134924561445 0.82360170136457878 0.46652301531020485 0.50348009398084759 0.091429325282037663 0.24524795309095809 0.93924308802446443
0.46187380553744167 0.58304709999286053 0.69294215216446076 0.22057106494920004 0.83340415778685828 0.958190074788416 0.79383944135497098 0.94274817480524153 0.75963525639212537 0.31325112036277475 0.25411724370334426 0.63264821078533828 0.12654426018988935 0.45466222697621067 0.33340679587782501 0.54062670495036957 0.74692546302573171 0.51159042173527614 0.72540031694072815 0.74181749244593431 0.051437681496539531 0.47485923957844128 0.9362245970586488 0.34094554720135944 0.95305965658030423 0.28068551797191693 0.43250451707955556 0.64926487464787319 0.1858412427422626 0.11837011122523204
0.11386420300440696 0.061131476501533763 0.16844695993165498 0.57282787789752043 0.93535415474994354 0.47041107868607873 0.63918112248844527 0.8451601456212372 0.37652608210623856 0.96291740715819851 0.58621019488707282 0.49000292150346186 0.079716263291066777 0.16474587564089743 0.17690306598553379 0.15442363515590035 0.119520971381942 0.78319079764361044 0.82160778362369014 0.6201466069603927 0.94798630948314699 0.28936108840251157 0.22356917084082567 0.95476202982143032 0.054829699726799894 0.28081732579810764 0.60054308979882576 0.33125967899611292 0.13878908181248478 0.077662676966625363
0.66261715737340676 0.26967374126398397 0.79373905812844792 0.99640346154791015 0.45912544935537142 0.42632981463085357 0.36860871621745567 0.64942313741329216 0.051405439907046976 0.2158008639280446 0.75422140549219208 0.46449344696913125 0.069635870619932302 0.9852214313502935 0.26895873984070356 0.25178684155537118 0.76546530813626235 0.59742894101179755 0.25892550511618645 0.65104571809449485 0.51386443242671431 0.34137990294950821 0.7009908677367499 0.94849568060264933 0.41415339541894419 0.53406864270763998 0.3054204519740446 0.034600233246714171 0.81773721260495502 0.5757836108410237
0.97111193500505755 0.11862337471057309 0.73666699124902701 0.82341588459822168 0.011594710009641008 0.4256245318695086 0.17713354461491765 0.67757567602801871 0.82647697153993993 0.2096273905443769 0.20504493170396249 0.049671680686698735 0.59432484741428016 0.42829331187914749 0.44087876434380019 0.081858064309517517 0.50048168862879339 0.36536840212715799 0.66165219460414049 0.81079975689619799 0.73158252310721206 0.57316302804466468 0.44946257202876932 0.29031271645528672 0.77490802156102501 0.34233837938710326 0.71954138493158448 0.41638563594947636 0.056474893504713283 0.56884587940428355
0.72586129433571112 0.89456148125308599 0.96437579550640706 0.79507533858664026 0.3222559369810431 0.95561086141899831 0.56333678310063073 0.89508847073925302 0.72369311945121806 0.042119069714246102 0.25869485264732867 0.27506046210303897 0.47857110471199021 0.68062292384667467 0.73487047397370731 0.74016345965186747 0.33909763022150224 0.86429055946824418 0.83608858146623422 0.72664345620061688 0.38416321757829791 0.7379762763186114 0.33896416070758278 0.45479628895425511 0.61711306953177925 0.96582301280275762 0.49402232854961742 0.048887465811474004 0.2320703792658852 0.34008607219569692
0.32306075583936972 0.43386628203348171 0.43349933532294144 0.80760298444029954 0.076955375443712157 0.93732174202977048 0.16598910198126521 0.95833659311868846 0.66296727757316298 0.24282749314531388 0.7348678651595284 0.23892252298697009 0.68905577641751747 0.32170139797237712 0.81750515498042342 0.14793231107980448 0.31095241793835676 0.82104895388075239 0.71111072398410591 0.47269897935563282 0.76749883203551983 0.9104827533327281 0.67921873663483168 0.082882428997516008 0.70637923110377987 0.66862781774013191 0.33352705174861036 0.31796324517080515 0.45515202845546615 0.21262435307083022
0.1377342762953217 0.21925421254602745 0.024997184176788135 0.038899187334073534 0.098905127748066299 0.70466459374649126 0.8723184097126836 0.20761942328416122 0.79292966626741013 0.051015708339065366 0.87203918417683279 0.7980987797655289 0.5185397893907957 0.80807384752693767 0.48040580648131442 0.32553824847396534 0.44914236107594402 0.96203199404836792 0.59089822908371814 0.52634655364785732 0.14982212766273212 0.25349330436012868 0.43711746917401623 0.70642560915115726 0.31111952847298358 0.68497152199378109 0.14287440461815243 0.83877469037915431 0.48141327882127843 0.27218392898002913
0.12537528448170437 0.093774721933217606 0.50317849765318623 0.048426455940054611 0.75091692118113829 0.078880032782346718 0.19812025642355963 0.96426274999264694 0.83362487429345855 0.26477379062075906 0.65668168378993186 0.20359539750515382 0.4495492874261941 0.082726124782388652 0.8223710839958559 0.46292063542673451 0.044247017937614694 0.74514321900790592 0.99903534266989047 0.023459213792040901 0.82470002135328202 0.18823017952598503 0.24466075752167665 0.82003464342416954 0.053386150191749679 0.724608444795938 0.94234561777556058 0.52105931093009894 0.14915015187637165 0.46014863310809867
0.45776518803925009 0.057898016567956609 0.19434232334255536 0.48171806979816839 0.26085272893026118 0.97930175577222378 0.077118865353264218 0.12515636476848674 0.79123644879721144 0.61935768559821502 0.3426694166031396 0.44742144623280872 0.30462568695785902 0.55204235808577728 0.37814665491428917 0.66333848812357543 0.40150695045665613 0.67198440704669604 0.075050506200876652 0.83650814206205826 0.68365170484039128 0.2670435162950327 0.020022753061344645 0.167401498614206 0.29089325607736055 0.74889605846114837 0.74439221300391767 0.7666652757746456 0.27897841470368373 0.17202059798011254
0.79073190746364985 0.35568738765901681 0.67022661805511441 0.68267682186013257 0.2426134915964358 0.12897582031666571 0.093605342266375111 0.50432882811447743 0.56636278226761505 0.31013690109437703 0.81955818910036315 0.92695014638099371 0.46307067640749472 0.26413469831150754 0.33705522585264586 0.98533951506168838 0.097145246904040736 0.45231058896920956 0.64795894499426399 0.25461190179837362 0.3956256135065353 0.22508677230293211 0.69945100664562609 0.30376470828749808 0.05810624788730627 0.94047147713718726 0.97571613687826086 0.016332725794392645 0.94818762524150391 0.14674695793330422
0.070057699581758601 0.89271846119671283 0.63956579056698015 0.30033748713644687 0.17621216601421569 0.85456282464966582 0.2464693800084678 0.6643965895328412 0.0036353055949795319 0.94021163452495859 0.38841680282534591 0.10628353901926528 0.93658116103257805 0.26006092143849596 0.87917431494377896 0.47643036571374159 0.55316471521116251 0.12656678474437028 0.58258835535294007 0.88833347558673703 0.46818668662334512 0.55944043089729212 0.40251726990202058 0.127978920356912 0.437286961043102 0.2820440101468436 0.46532672658512114 0.98732839011112494 0.7186258185678287 0.19292938658915187
0.087843129129440409 0.4161197449420056 0.15992344239189665 0.80573154692348037 0.62590085354900094 0.32963434377426021 0.69906468445967351 0.25489570618634666 0.47695389731137999 0.31962112294846939 0.81645871191735797 0.64009078010734488 0.7454073923864617 0.33494240604904474 0.89074302366932345 0.0023334860711399672 0.90068805421545695 0.4481334307283919 0.91611033941894171 0.17673757142285534 0.49459960838323042 0.43865103149693313 0.17561318614867377 0.62194712856756695 0.27622505312221685 0.15971222740670149 0.27392326127616645 0.7976762968683101 0.2359158790750015 0.023285312719345908
0.83747757576081305 0.42967404952038762 0.26167112201171511 0.63961604348822776 0.60470519912180853 0.31519233511241213 0.58434663981259272 0.052379588613707881 0.76950634220922709 0.37740113913602763 0.50368678221165941 0.33172412838272131 0.98781826640553694 0.61171574233063442 0.6529655143463523 0.075585475357550488 0.85308477964215723 0.33434405700054542 0.12409712031844404 0.57365799697723985 0.38135085407160668 0.38379014804987138 0.83239608035089196 0.89728037950982542 0.79667318936505427 0.3925319073272529 0.74438679865503166 0.89568791419609239 0.71275973652849323 0.35389816277736269
0.29943117581497053 0.83195904511533159 0.41681984096572183 0.76911348185747586 0.26668185885422907 0.12930595497861169 0.89513613440192674 0.76354897755504891 0.11016216635115676 0.33591380762383266 0.25708505491199124 0.13741296721139667 0.99223791065995171 0.83500779740414011 0.68806424128999788 0.63982992739544375 0.074219621121186671 0.62007155857354801 0.084291379031184152 0.67327253836534529 0.87609728675061749 0.39067833357221832 0.36103380240774591 0.61004206434656683 0.62533892362303134 0.99821507149741229 0.33529499029932236 0.41939593494034405 0.68729564477406313 0.68442715672173582
0.46611731901553149 0.40494465196883406 0.99602957798706204 0.64118266502075538 0.41733197073205036 0.89004531470505499 0.6134876486879709 0.56796205365535501 0.26059401613606531 0.299382147541223 0.15024590994673809 0.82040103586413371 0.54593440116585346 0.18478188144182078 0.64434852926373309 0.57464836845250233 0.51835409703931057 0.70942808483861375 0.82708135324993448 0.83889360205246355 0.10770442457525913 0.26488157473874069 0.93190376595958591 0.60334170277493515 0.67295769806420902 0.17311723299807941 0.88236466092758226 0.31593260560787167 0.55559228570929464 0.80816903191588063
0.98045089019652487 0.67134607445220362 0.91649876763400473 0.96596757030763958 0.18948248045864552 0.7931249634167663 0.69980752697533022 0.85226317295346121 0.36692380912751249 0.79867780969148072 0.94500586304398604 0.10417615235760107 0.63240356961203759 0.90575822772872561 0.2120857647937669 0.77393716589924078 0.52614354003378061 0.55362531889358946 0.77295202778721772 0.3616095025422143 0.966010233610891 0.79372537033068669 0.19331579069825205 0.048880737882348521 0.87652194252695148 0.5946549505140436 0.77440775344120893 0.51704058039641965 0.38689648148462169 0.89925353261488661
0.69035962004351259 0.22169447890704347 0.91869672262576685 0.70825435729310626 0.14658585292273757 0.19232245180258339 0.91036525356546261 0.97514942824365813 0.77487374230289474 0.46799295390211554 0.40610781718867089 0.41088284460884811 0.59872107084783466 0.38248495177403069 0.11688219282066341 0.94834478802587419 0.35778152234673771 0.75250938535739498 0.52627672189500307 0.7983373890810983 0.23707369133512141 0.38479493898336331 0.36386077185813887 0.50177323999212142 0.86908697335375718 0.39540679727458955 0.65171217938824477 0.76942886586088721 0.55079987363780869 0.83680871922634537
0.53873772290465427 0.41097878242622593 0.16980064335884965 0.63493379535507144 0.047672627654151631 0.31958320636492749 0.15114185749989312 0.040812561069398276 0.57900917617300351 0.63456462201517938 0.87773324127069907 0.75065367455742615 0.34898732477275268 0.8940345995346044 0.76375720474937736 0.26425630337562672 0.6899292375612075 0.22465369743842872 0.54103912582250691 0.19587120311827927 0.7416046468020393 0.69153204162968296 0.81597354226347363 0.32916912287149508 0.95534832140540304 0.90681205705427648 0.063638935636949265 0.91114277119471265 0.68867201908312892 0.0047224041968451534
0.80401678480515149 0.96241925389799454 0.35992922021591417 0.66661192074707631 0.14562254088779264 0.52726021845016524 0.98134831358346442 0.79089639500757569 0.9631575637613814 0.32842811080065931 0.042219306688170463 0.12110137269297765 0.63369805528956524 0.26064008469332783 0.050580804410019151 0.4182245328127428 0.16447777235826161 0.23830052863472834 0.18260250757427871 0.51789575658392695 0.021350854623327576 0.50182477958925742 0.29134783406989312 0.50110094258296123 0.6787729611302068 0.44205331469343784 0.78530498049219033 0.35013273233996384 0.23160100943818324 0.6936026815134394
0.709918014110547 0.65987232776790328 0.2431535895962102 0.22293765700414742 0.19941665561105709 0.1265935285973851 0.66625711602691828 0.92047361836068786 0.92349882717055254 0.091056945729689628 0.776021547189643 0.17886703042472957 0.85015072160459826 0.1603456195552489 0.75268553590159815 0.14318360934784863 0.62442562342632402 0.78498099969644197 0.96549963518991866 0.36107739394264454 0.74203167310007379 0.041618388922130031 0.61085978225055904 0.34155011345143499 0.46186834067683152 0.21611004892746871 0.10937699888651968 0.91340283284641222 0.63865215516180152 0.43617182748935185
0.95604393839058865 0.018687857157658572 0.111248292942471 0.82903085703550061 0.85732434505761967 0.099477224109523796 0.37908370938981889 0.85242671171790552 0.425059823407332 0.74102259125997993 0.77425068054047597 0.82865220316100319 0.34102937702051467 0.23066949820548782 0.15776174520054737 0.72430820070539759 0.93089853446807258 0.92143241371254359 0.14530586293167896 0.3636621644055042 0.2099561139269725 0.74480978676401677 0.49273155004439456 0.88520964408410796 0.90554231443033462 0.71903511635911022 0.92681791641280353 0.049379860485135027 0.30109972990510642 0.24841970281666931
0.61035754444756263 0.043426255962820057 0.13715691981940709 0.96290511420522018 0.35048608934488629 0.22744429519875947 0.98410070605756361 0.76131451390150184 0.29167545571465853 0.60110103371413559 0.13329932811479223 0.37216549237792124 0.095046979846877197 0.45168696345520648 0.091652574752851532 0.024905921929667053 0.3246977692600061 0.7144837968173291 0.113774363567185 0.81467565166185518 0.63805218444862422 0.016315154520661613 0.87731935621351953 0.084369484526476676 0.42520375931654902 0.94259939416465766 0.31120352647105837 0.082981424752045549 0.79622609930605814 0.5836383685052865
0.5802906113789339 0.74480287983170412 0.81847455354994936 0.71546108207943149 0.75245617656996699 0.31108928208866832 0.81533904316580874 0.68250747165201786 0.23288029915967773 0.29356085083555811 0.18901128845822274 0.90161504515001001 0.05701290270063479 0.12310164263442018 0.047888657186958491 0.08292004223563014 0.90683572652390276 0.55625416057878108 0.25717931464165139 0.77421699264098232 0.0099373743516701259 0.90142265179790637 0.88782989005976576 0.60204006870008475 0.80066120594611656 0.76874211274017668 0.8498437501277093 0.33692246603122761 0.37524757760805111 0.43264491880695893
0.53294275646821077 0.03008144809359874 0.6845137300474009 0.069915835535365886 0.43776120187349526 0.16238158868955993 0.39192327081220429 0.20447793131125086 0.12583324038223748 0.72512230564837454 0.49002202919401489 0.27314422825529067 0.18225381506574162 0.28224157427201707 0.055520720006678667 0.96690296623297622 0.67256972584914676 0.36116131096020881 0.80550704125509887 0.26959723045719947 0.25768117658138651 0.71777716185868778 0.56239770495490393 0.27401058388544036 0.47585788114241773 0.12240414907960233 0.33833044256966621 0.86821449529022332 0.91887927805700576 0.83038609328481894
0.85834805712190521 0.38288836882752225 0.060681591046843272 0.79577478514589839 0.72006914183877391 0.95714353712062616 0.99535290269422105 0.41706924676668028 0.44383857368205476 0.48708566670646386 0.81464744063738437 0.25072288712297036 0.41542511804857457 0.71113608134839867 0.55428806237390993 0.085259963194936492 0.14150577514782398 0.0067008619510174226 0.73973923779736495 0.14254877768869539 0.88310236250678587 0.49635381640559689 0.91434310555009735 0.48649477063696761 0.43908566337750737 0.50466767834192194 0.38501537317596884 0.77688630092223099 0.85437371705791698 0.32474413480061598
0.41196333332949814 0.087380303968544057 0.11793087992061628 0.18360207719889116 0.070258493596518409 0.2893441644301164 0.51732733137705011 0.79921318575842326 0.0044356340126180836 0.17572358579851849 0.52384778065771309 0.86554666515639445 0.56064693672497656 0.63173139159983815 0.80152860168444051 0.041490209554782484 0.48831460927834508 0.45150148956055242 0.39495502298703539 0.75195811902327603 0.48874105497733161 0.11973195917595862 0.3980365597510544 0.18291752885421636 0.51328231194078167 0.25692481767689285 0.3215567698919915 0.98598882894955453 0.68404658807013641 0.78372216332975864
0.044993709233780696 0.33829695094327455 0.94636070911070302 0.48074076487002043 0.29868612608678696 0.42789655492997408 0.52760426948712558 0.95418072977278312 0.076868522950331572 0.99225540457593797 0.74472755169434146 0.56717556315201834 0.83352777709248627 0.079253762027540794 0.80797064595747037 0.39219328031836737 0.93997879569879017 0.19724801232497119 0.44846140383582306 0.1992426872683512 0.66157814791674763 0.97325828594592745 0.083267301627132292 0.46559415440203161 0.0089814245256605758 0.3839510053979634 0.39778261208441595 0.41626953741041101 0.94430833682557158 0.47362488714560164
0.99781158998975183 0.072769719210807257 0.70336641313384562 0.27648616935700571 0.86529732742619025 0.70599878643458081 0.9279767112625652 0.41864566345084714 0.40982132475756078 0.9724615214464104 0.36072612077641536 0.96327341322400328 0.31239114942700991 0.27403659849270195 0.46467265820307996 0.86048112618943351 0.38773227596527954 0.99280777519469454 0.31478973585091247 0.99559702681967199 0.81528367854711592 0.097270842603890559 0.09652865360671363 0.42152643506146686 0.30014740542269752 0.045573372024685629 0.65291805053174512 0.61637959512688789 0.46947640256223372 0.40033351451836302
0.6176443440201469 0.38088446818931782 0.53617999232562685 0.76079442092843352 0.78128667721008282 0.96163471069791684 0.055703120757334676 0.15590400007400734 0.39654443903812481 0.17710837901111137 0.6213396464957317 0.76872697843683091 0.95812912726076072 0.76022711734622161 0.026120534881159996 0.99049613728393393 0.51424361197986412 0.38836438850275551 0.20657079257117822 0.29072125003981003 0.79760466892351944 0.60601058911343764 0.24995932963618989 0.66258215681585941 0.63161563041376045 0.2715085088162183 0.95124282462796117 0.73898253033831729 0.98196494168931781 0.020194074660366868
0.28327293588871211 0.94227674771192127 0.33870493792849726 0.90026392999115179 0.96841699809860216 0.38877860679504267 0.50915626340878961 0.32886840461523253 0.6512604243562119 0.62416444302732421 0.34662971674656456 0.41264583314486175 0.84186814669584864 0.46491082773982467 0.8585468646251937 0.41747330069615124 0.25287686991344477 0.2768280440880499 0.38262462212591969 0.45921981533970596 0.65608981069742567 0.048103314761737501 0.47000895195491804 0.32676433519456255 0.73421949549030041 0.63787818213107239 0.30298189760322708 0.36102557303394239 0.56102721231341257 0.52370197552697528
0.13977395350240002 0.059172632126460109 0.28889158783348551 0.2617628295630921 0.15962091993156385 0.73184760294786644 0.58381029409234264 0.19241382053050388 0.40104220000672969 0.4849224101774316 0.75396393610302292 0.50425290965054204 0.5472840291581923 0.92129073680452733 0.43660911462702362 0.4138979782188616 0.1447770962761305 0.68524293049094886 0.61222861119488559 0.0070649451699019037 0.60607258062600811 0.34031055105479407 0.85871135791727127 0.64918827408601443 0.90811331936161821 0.84017024640346893 0.48172466824818588 0.016923025805325943 0.079335608521017106 0.019993579209970403
0.90406726817755989 0.71376240033254579 0.046322834427262524 0.47588976810004718 0.41039174533624018 0.29803920807909018 0.0080521746318810601 0.050588660035294872 0.14769353736580643 0.70149613836868496 0.24127709553535087 0.011653681970366248 0.40155054202372148 0.4510207120720679 0.65586381688298157 0.80684288918619862 0.53323367682312706 0.66761373316515848 0.7670884584515385 0.9809730038065837 0.29532249859520515 0.18477276707536111 0.020067072985569246 0.37811658908745011 0.5146410661996349 0.3251617211526267 0.46527865200734203 0.60656131294067706 0.59071529091846187 0.80977897442192026
0.9855157298068532 0.011480154282514411 0.2054042441386395 0.28892150969271918 0.96926610590018181 0.13756940314594862 0.90333680746464518 0.15656950814471143 0.5475515089233538 0.63860507071291561 0.48269999808871028 0.021243348980010835 0.26563660043670295 0.39193246497393858 0.58309036406101422 0.86261523257350936 0.88767703316370294 0.99938712421896791 0.5359290814861184 0.45879511330769146 0.65292584670154596 0.28372111573003683 0.47016222028247739 0.22202255934323673 0.28265154129378051 0.1876723775643791 0.70252388963500745 0.12954497544638316 0.46036233623792439 0.83935707512188529
0.66038147009362358 0.91413000573921932 0.37728074185054866 0.079548250924199523 0.26465001544394701 0.095247812861337808 0.30618883108993694 0.4996116013833754 0.46047843825300067 0.1035978044966727 0.75076675115613978 0.92425530670002864 0.97588304233771184 0.43487598927199062 0.16072691815909707 0.57977034286809148 0.75208671407096561 0.44632648976960815 0.60558723280318449 0.67508910804625799 0.29507814333219246 0.80530945865997516 0.65273069448523435 0.033307195497739681 0.53173372250230122 0.062388276260592776 0.43140527375800758 0.49836540225339171 0.92308796338533794 0.39189946840698769
0.77101045851207206 0.3918911159638046 0.33409438720423862 0.38994398494996446 0.47843302704360741 0.98043672670789772 0.43102747691198179 0.24417566529587936 0.96689321550155138 0.11599722175834852 0.54050093303245283 0.13337445229682082 0.88540296782476169 0.86135817905878387 0.59222257983889182 0.92297343619298911 0.76577085081399465 0.75655902344799553 0.65825831003330237 0.0029609604557063072 0.22626418090398598 0.3230163323937551 0.057325898970080377 0.26099564842385287 0.071432601636056955 0.15583708752619457 0.77842054272451322 0.11554811378510425 0.39170700690027754 0.49274363658606429
0.5489001292352591 0.67686606038765573 0.66756488479598064 0.94774434427246623 0.90666943373681297 0.33442871435560834 0.019904232885289797 0.77010156645965033 0.7536052615230282 0.74052254049347999 0.42869763948710699 0.92627668386098916 0.10420566856522355 0.92180094833525916 0.28374194964971972 0.1125392067079171 0.8012229491066335 0.92222134639305964 0.081147516707900477 0.62343869065058155 0.099882889915054049 0.99011428978221094 0.23362652289111069 0.54296513752930453 0.95028216628989726 0.30491173865531779 0.82909624767295642 0.64275484979978303 0.91783499475547048 0.98771428816926488
0.52427542974303032 0.1986044755723963 0.8053519481698489 0.90833710162212256 0.75667572715069675 0.91775142568059853 0.58732539214673363 0.073004579301811742 0.95733047784340453 0.36217527967459756 0.44715918362352164 0.31253071765866197 0.54208555299427652 0.25868912968028251 0.30373410411132712 0.2083833586370511 0.44114397266551059 0.45431981770050606 0.56335217896613743 0.99400502635338162 0.0083607855487279233 0.25588554585429063 0.518252242860472 0.66753862556016363 0.35420484430410853 0.14460167267932617 0.69466167232902909 0.9467900679878839 0.083822196272545099 0.63926636253940028
0.6831778834213893 0.52082003049670267 0.37817719261287724 0.28642747560844634 0.11039450920163012 0.35579794331331543 0.70863988586276394 0.89695337773592521 0.094511179140888399 0.095244954701181148 0.99478797333542068 0.76414781649876395 0.98700790680045047 0.010914134212575189 0.35506414277687243 0.57750973256575699 0.33363563128542778 0.53465644197914952 0.95983425489832519 0.62898759217726974 0.9058531986551569 0.14672784582892712 0.22804754322084703 0.37379859684134081 0.69137385301168941 0.97577422647595846 0.88116779049200633 0.53834711886523301 0.18960149471993154 0.11091409435171266
0.23945237896109967 0.53018044180745216 0.69991024046051875 0.14769688149065702 0.16128000813342386 0.86012916424757224 0.47973503084821462 0.92621138669274494 0.25160626420292681 0.75403093848289016 0.67709235683706459 0.98183855203066006 0.0090348048068026772 0.82726825798653536 0.63617369861533013 0.30251596377509976 0.4946568632221689 0.98985605170821034 0.81520118277802434 0.60321267741507423 0.66313589106747217 0.25239950052817001 0.58409235519719138 0.70420542845865441 0.74467293642930388 0.82890269225773283 0.64925932169554712 0.091933670161231482 0.69278089773760398 0.68720786692261959
0.017454540787955764 0.60312341078304943 0.39460146106976274 0.019452623393948754 0.56517977039156542 0.23915593391234652 0.52282405128913934 0.13088711341317277 0.28915926729824776 0.73251552834306755 0.38376307141765892 0.27849580632111387 0.98179782766405876 0.5970050274697849 0.71632682985331497 0.48551579256747784 0.53253200558980274 0.095364725071363773 0.71812511269520996 0.79521394019445002 0.8886569284702035 0.35386056882839706 0.76078580977362464 0.74013768170211103 0.17557638285356275 0.01609623971513956 0.58636895112549459 0.42518540050359205 0.68680571905823884 0.21533078414491885
0.1296580678699098 0.85907657683263106 0.70716982507875648 0.76323691804290728 0.90233464880732517 0.011882387060463562 0.88892644537942789 0.13719467344457098 0.78715239931813996 0.42869102979093182 0.29197141423152301 0.47068562252540241 0.90490811711521513 0.49936359391563051 0.78555968016680999 0.7257122167592347 0.19608238452905619 0.5192732839306885 0.9583079332582165 0.13537855864134024 0.80981600685380539 0.50870836159050303 0.75649452616042934 0.51819215205199409 0.12384529575790186 0.42970542714463728 0.11531911274290289 0.38222531349168681 0.6102701781278822 0.073434034439750315
0.17829352052751651 0.30518226270468846 0.86018494649488442 0.76907214519817402 0.2758702547054443 0.93958455303329091 0.90035322785013816 0.93983684540343593 0.34180762474354903 0.27292023947898275 0.48046175144970155 0.41861993852486185 0.06058641190911733 0.77932267427111201 0.39586672513261795 0.62407731997238569 0.51028654019210351 0.56624616914166981 0.9635730289162967 0.72663021702858144 0.58900534368367929 0.44867790255314638 0.33098755300458998 0.54182794863651473 0.19718647682179463 0.23138448067579204 0.61503606532011623 0.55975974461567424 0.9753640582376174 0.0086090315069529584
0.20469093008559108 0.01457731405561007 0.26034640462252095 0.12646791751081382 0.66790000155369356 0.7868491122264345 0.94265931121167768 0.82233880416031413 0.73681610560688626 0.11750603269262132 0.10613041081600565 0.13447777254458509 0.94205123075448138 0.80431953369374276 0.87929055074202522 0.34601324290703189 0.79213488524936837 0.30948151143635744 0.58639683339368398 0.090614396618265466 0.20967383293240333 0.41113241624292612 0.83859852153845293 0.21869658597466274 0.082687386425978657 0.70785972457655022 0.26413528814093706 0.04332864918831851 0.39944196801542159 0.27502829764054154
0.47070732125325837 0.85773837886514692 0.71524486879480009 0.56435087399700512 0.080243183650089797 0.63353552793832013 0.86491108172153608 0.41830666780335973 0.76012255499916559 0.60955750345495696 0.074308718371582524 0.814209167359916 0.26862132715664017 0.43433481070601659 0.13710476609255823 0.17584629428758541 0.39147606099634652 0.98028503597928152 0.49454146139065097 0.69309012341103726 0.75326225820560522 0.97077711316425885 0.39351221153438826 0.5757161795564476 0.081130751657464681 0.38620692076412116 0.94878088892322976 0.090923939677782048 0.96527465948035029 0.5758126555008457
0.75527654662710808 0.52995512932457001 0.5059752990687516 0.19368461933433018 0.8983351564522245 0.19362843393059354 0.31509412847046298 0.72631868026116064 0.74466723849341665 0.85838227450909865 0.89429805970711507 0.20893558093359726 0.18119953311874365 0.88908234106089812 0.23924584330532778 0.56912093123291441 0.19256551188311583 0.29101546903504599 0.19810405984770701 0.42417746060391676 0.87919585428691549 0.19077037154619941 0.12006140944678582 0.15039854169128436 0.24215430233235841 0.61628889455897196 0.096655044898159723 0.73077520585796474 0.76414860402397022 0.036010617730972291
