17.161040834994214 11.80722054390648 13.694847256714098 13.923539337249249 5.0479576464221143 17.904184386691718 17.714662961213737 10.010497650325904 3.4470749404584455 15.033864382282024
20.14204241632801 14.141893073728815 20.515571045773545 7.0143010722277968 14.99019464488441 11.287015549345385 5.0669981243600946 13.806934710473634 12.259531126744157 2.9427843189865319
12.391803267941826 3.0243673812973024 3.1459787836630544 18.907523481682333 4.3051183088953522 1.4221676352447847 3.7870446330397498 5.153713903654257 20.837380792839724 21.061883554153216
5.4079324340623591 10.39389412813477 3.3870148252113932 14.869775553956732 17.84878393859195 12.250362338581857 10.086165504696934 3.6826302465368692 19.050563852114877 17.649374216006642
14.828351651033174 9.1498424806210785 21.203602104226956 7.0871191999811014 13.589930637882897 10.323591256618046 3.3763274481197736 2.9175428406896287 12.927175301195202 19.191031662690019
14.205450822453864 18.178337673775918 7.9232180242160588 16.831731402185554 21.699270445656051 10.562270412485471 19.031821335666134 4.9143736825354463 21.719983893210159 12.637579476746739
12.595285825539714 19.928448412813918 7.1087837560371794 2.7317247757255081 9.5973450695603315 10.604243616842385 13.259054427192211 13.164482615714803 19.490168287095706 10.958402300322115
6.849272213281985 5.6261704844815439 17.691363362110977 1.0798604300156733 10.78241894251498 14.383470009929001 12.317907687333111 1.396496296569762 19.010928916426206 20.642169888965199
15.314471691458639 2.9905143205346678 10.800678148066964 9.2384248296233231 3.3187585512525875 4.4061766410093881 14.307241128162046 7.686742045537164 11.848333145238401 19.56288869365671
14.667271901308894 9.3322160026824132 6.8953532999744471 14.656268812289794 21.470460887483814 18.831173395279457 10.704198330294556 10.938262519926136 7.9734577240542448 7.5177356280732948
16.858241212802884 17.808232124721357 16.061315938204771 1.5122856942458793 4.1285786731911243 20.967035715441632 18.140265376873835 5.5398585970460328 12.208531936540476 17.247618361548902
21.168866421609732 10.214281853575152 13.721819928604805 7.3701140518393062 17.585648270637403 4.79256065392621 15.826421200532659 16.105494618051981 5.6122243639721976 14.590992118154276
4.2919840935467368 2.768566214674832 17.545306152975893 16.28731507611387 18.798894074673875 12.959882024886705 19.28091481220898 6.0589298611411611 6.0266063052145027 12.436963193763617
1.797103855203342 16.708190759855576 9.3133846692918798 5.6900737457001522 11.717064064032606 16.72528098582395 19.416999849943604 10.830399356939715 14.849539113683802 19.57430967568245
18.952839462131902 18.952744947077846 18.75219976111218 20.311326641603241 17.883105362038773 14.394891488150973 20.688287960996487 9.0732987753217369 15.093698169893973 9.4822228638824058
7.6123455082574285 13.203519045649616 3.8946223277206471 17.415804116719308 3.1274506095252104 13.084248596360675 2.5733432415140705 20.935372185227301 19.697020315808391 15.239345531454259
12.922657143682498 17.798607612271816 14.38823500382707 7.4302332391635302 5.9707955621548399 21.029137348432187 20.21553879383853 14.119896092177672 19.496533019147655 12.577644354609218
8.5585825518087333 3.5543036206241569 16.86657469381565 13.226898986807402 18.877394980067159 20.74324717173107 18.597732936009301 8.2639440728664439 18.252326300968754 6.7585381908403681
8.0191907042260553 8.5234768614145864 9.1395237625789925 16.372045843656249 13.382251392400153 12.036594020909536 19.118008710231809 18.004281206540117 11.102686082461886 17.605918537344742
17.902899396679707 2.054310009899837 3.6559984902756195 12.967406088122068 15.900071329991539 5.7893364459339161 10.271706486591475 4.3633436141777722 20.803349579596489 7.3131277104649497
