19.152402188071555 3.2194265602577308 20.10071310464831 9.5487774073978002 12.897103896999814 2.6491410505894626 13.264564716732469 13.386105419517515 12.126885828978093 3.6034097682713133 8.508552707353962 17.871163703720914 2.929949258867333 5.2518415707033954 12.567900345257639 20.698645562825455 7.5561614377755966 19.800957793537844 16.196016147048844 6.5564212985494663 4.3062956861959076 8.9379941074376994 6.8692809892689652 8.894438643736402 8.4042595325671794 15.085911363232849 6.4163996019354155 4.6611625928909 15.570462481446873 19.57823641849247
10.434727617820283 8.794838688124587 15.009995270035596 4.1343268389871071 15.326176466467928 18.398436278718385 11.227837466155847 17.853677995877103 3.4089896931233552 16.543522188232096 14.580047269003938 22.014597516934685 9.0729840372097321 2.4014219247466233 5.8494990607062958 14.021755503844403 4.4316222296530539 15.580097876221361 6.4223657048779685 12.515334377417114 9.7536879049690057 16.59860707778893 10.405181360265885 8.8121159817532533 11.975022350807658 3.7813811852153543 14.202264236765075 8.5342132321645856 2.8947425507038385 6.0458715764440134
15.24054536273198 4.4754701701786459 16.045884483784864 11.506882999253817 10.257355189009584 19.686834502922949 17.760705141290074 0.94537031062049359 20.723499152998347 5.3439718233026081 5.9926106933062782 1.5227625560261884 17.063267762858846 17.168492469593101 5.589732599594706 11.496672362615527 17.828774655211241 16.832557207909414 20.153843749646747 10.402489919062221 11.577505292410331 16.853455264955933 20.386757706384898 10.443246958737969 20.605791206648057 5.5045804542073737 2.6012909491868479 11.458765126783616 13.17776266520789 5.9857711947755128
21.819559770976035 9.256297434845898 8.8705772665878548 1.7861415563944503 18.011170287100008 12.323871660624759 10.454812525964197 13.112715740912666 16.045580269802347 9.2149371691909927 18.781003357593562 10.449669855733182 18.759176730856872 10.296654017643005 5.7590047810442568 4.1509922737088596 18.719271382370497 7.2508744845454851 6.1804621850757968 6.4411894399599561 17.129422488060246 20.02385962147617 8.5027301418178709 10.498022492714451 20.979708660763556 5.7337880161817338 1.5408067005916064 8.5110679287379423 16.613712481306301 3.1120914104144526
1.8027293947094867 17.173675806333478 6.118532963140801 14.250838195124313 7.836579379076503 1.8948782970752591 17.395390548161043 12.389985519456181 14.322917722694545 6.0417794731076473 18.168178776169398 16.220910890406476 9.0174853728043622 11.227693436065191 15.328549127307005 17.831479393139716 1.3552673884044877 18.182832899054802 14.47602407752637 16.575776935473414 16.037915154407411 20.55970053219016 16.929970044247835 5.002958518425209 19.475856437671531 12.443859199217885 11.673637661423303 7.4730422276106552 5.1873024323363222 2.0298896721046487
20.966485887276797 7.3179736200089893 10.743796243730918 12.08635220480954 16.328470783966765 20.332057200770741 18.253001055339478 13.835422298987847 18.782378173716726 19.717629903717686 4.6198901404759347 11.179446365391946 2.2019789297860637 5.8569813126575356 9.3600294833193747 20.038733244636596 9.2230582542873307 6.5403975661413538 16.757096471625061 16.444377041914567 16.040208630325715 7.8165315689459085 4.6261106898908269 11.601213591876869 8.7625875129314856 4.0782275809614861 17.592523485443635 11.376608349190317 7.0148229159333715 3.5707901600995533
17.016922059440297 12.929994868451328 4.3793636267142082 6.4392522766648401 21.406000545593713 9.5004491126782007 13.640925625744199 20.578251240445326 7.0545197170616483 7.2332590889930213 6.42250272406425 5.8930611045542625 16.416582436406348 5.5228881802189136 5.8511412516936838 3.6231290300457406 2.3592945616588028 7.640425656778107 10.614322634377274 17.273454891822681 3.8807382045513297 6.8016105870812194 2.5483911184014945 18.741126882838223 7.6402024933029651 8.5170374560853741 11.991889578403489 16.456810282364536 15.371081752044834 19.070341403737824
3.0573752812066814 15.169583280659015 4.6519293550138219 18.593573224837002 15.730246141392387 1.5910430196212626 2.5524414515900515 16.245348132327802 8.0227399178853798 21.206215967995313 15.334536481748575 9.8720919834678025 19.684790955231563 12.023077091183772 11.86973328876924 5.2767701428188216 3.7092414249087429 11.393995716832228 2.8773016605330106 8.5403577979382899 9.4581469074569195 19.338587400735772 14.69750543474521 20.078829951986208 10.071374618641075 3.1501255205832073 17.482249372950136 12.759794204090959 3.2430473190361879 11.631641784371791
7.0137634852747004 8.5982179803611771 3.4996155845197121 10.674651877281196 13.907031076811695 18.123067579819175 8.680018503081623 21.174711590234249 15.909983731824026 13.624481039752915 2.8882646950563284 16.585126973457321 13.857853611540644 12.508218688306279 4.6579667013342334 14.480126234583695 4.1902688940303774 18.681655849401604 8.0594535987442235 18.581041678554772 5.6531436336025855 12.908299292849824 7.7872869798749473 13.492681050589855 14.00080511277462 14.99286641286492 20.416770290509398 4.5078085624109407 17.538278054598045 16.717730017145392
8.9789771160260337 2.956857284594101 14.464378527569277 15.584073645826789 21.124819630340131 7.6428018745681712 12.715266106771992 21.169022122827414 18.885717099301758 9.451426566776135 20.84107143518472 18.68361679504503 10.997526693385307 9.9003622881403359 18.529368695101585 7.6443482164453957 4.9834079784376737 9.680306452016314 7.4731610611782342 15.71250718883458 16.815293138412514 20.372265133234972 11.283041046225009 16.950917627079615 12.421339942775464 16.478392764084507 9.2988382034997894 17.751138404968142 8.5639177836334017 4.0751162944632036
14.470009590469227 20.31038940980244 3.0659143052713205 6.1779985526256862 10.119632920275537 11.335532247389065 14.772973481544701 20.037662780344249 16.685029276386249 7.3340739644560049 9.6936089409509254 3.373808563791723 16.497992051995681 7.8015928378545123 5.0646999730576949 5.5225401621906327 5.9389446059338455 3.8246825021588764 3.8346586468367212 19.714952257283461 2.2112922965692072 9.4022179166771753 3.8861808856278777 19.174717420432579 12.754512578552465 18.267983877657137 2.0810920732888878 10.331089161736379 5.2018048838624882 14.538254027704408
9.8794644739272339 14.774206196629052 11.240211779625994 6.658303247190104 12.883563336353177 19.269313570483785 4.1376204040518445 8.2655532541823877 17.129077325858006 13.20841478822658 8.5445202869301404 11.617160160665662 11.478116905789403 10.864392274475362 12.318399132133452 8.4398178022619259 14.693830576949422 9.0614100603025154 17.905974225953702 8.6230644462384998 6.6542014677295986 16.04311340585582 14.836180490904088 4.132391154594794 2.5191612235780632 4.7754446105936097 2.5851322173446647 17.651885574958264 19.360228189405884 9.5079858241594515
7.2135918794866809 17.934064801004503 1.7491856205591927 6.3497823893672241 3.1004540765133317 2.5901327003192929 11.634262428434317 5.9871807302508024 13.574741435864333 8.5570061265296093 1.0312482046717646 15.224949495438866 16.236313330710431 14.79654888269275 15.237936297496386 5.7186743164542682 14.942701261887436 1.8008838189596543 2.3774815627434429 7.4596127686379612 7.2736177802796167 11.876894051903253 12.829083233098785 7.0546862342963372 10.645178650276236 14.517665803767354 10.922176314402904 11.759241084897816 16.568015528407916 19.263327581734575
13.012333759417361 21.873312733894654 2.5024559537165967 21.728129957129077 16.38876026112569 6.9232706466920062 3.3751235981462928 21.219391140391398 13.553583209570634 21.694936174880308 8.4733970464555934 8.2199021283891298 9.1218291225912189 6.318610023762063 17.513281372201359 12.467507614560208 7.1915481266446131 12.274204012731571 11.727069011095297 1.4818281382112493 6.8351273886806485 14.249891583877286 6.1402577719671729 6.7638137040573483 1.8689436675252742 5.9835743529230943 3.808942324706083 18.826503284408606 13.581717895541415 20.076045020388637
13.984625300335866 21.439864640682433 13.974557329285991 14.161260427466287 20.774057644327339 14.586561353829913 9.7745802445399157 11.781119130655659 2.9537621098673505 9.1780902960602901 20.954708633959886 18.765394555127912 20.580442460218656 21.137023772786836 16.53100410533597 9.3889458739816849 18.761372435809331 7.3525061687793025 4.1628360027472819 17.222470136391252 17.188504669857593 14.714334140964969 18.980552800083544 2.9765989025241359 12.969890179370886 14.851295445823084 4.6553678886665306 2.2610902183590884 18.641272655573278 1.7322456851058048
20.278314003495787 17.977996071613525 5.029908431318896 11.45303257107172 4.8128218702002625 4.4241634580033438 2.1091740397098042 3.2449569527887312 18.708549059265223 12.55551948508227 11.052933783930275 21.07786006082878 6.5402374196138258 17.897732121406449 8.8624869457953928 9.9447755779771043 10.713545761075377 19.945375752904475 16.50959536959661 6.5695019690290879 7.5738883973520235 2.9000878951236868 14.006156606627361 6.5136814757397064 15.127562235039095 17.491323018396248 17.847168630789472 18.311525536361753 12.499635939534919 8.2384922657083699
12.264634240912015 19.765710466821385 14.42059471250232 17.572738555239852 6.355941701945901 4.9991757855152947 2.0617363010841507 11.932501929027888 16.249505680608099 6.5258892402911268 13.654901507101219 8.4955389453139283 3.6279559660517053 19.848419057971412 19.497134004098047 13.228042598200663 20.321985102166913 9.7890540321243247 14.044843377613466 2.6051154441793787 9.2686808990798539 13.029995339658262 9.7847015933704 7.0499609914323225 3.8417134146216432 20.124457342931702 2.7172082954899097 11.568278184350579 15.232986599272946 16.370691766684846
19.562655859023081 13.93571382117354 4.7083598610248432 7.0205025332682549 19.445493866210303 20.270775718744662 14.815581186270123 17.251213529068465 13.154038536704808 14.192819344845622 14.928823673201215 2.2031920549862631 10.874203072888223 9.2932907881872175 19.355578512174432 20.268733374792696 10.454753919818691 9.4861068250639455 15.01653514998682 9.0784905164822263 7.1949483238356802 11.584802119826389 7.1833666313804292 1.7878049567394059 11.613770323929375 4.1705139839944234 5.3485873410991536 20.198991969568539 3.0959970510012562 7.5937088277441136
12.593830467037854 18.480584243419411 13.20352027212247 12.757708587510841 15.125055732632598 3.0117496913827138 5.5676104736339402 4.7123777662743382 5.321631851177715 12.637690007597287 18.156278876351788 3.9843346670639939 5.539414197526729 14.309930406902234 12.614478256515767 20.370933258271421 13.714292217914565 12.17557086035761 18.048722136415293 5.9046098301597265 6.5436953547861769 10.158318771152354 3.8469709866215576 16.396495698755608 13.869185249419436 11.632174880007559 3.8337237644760069 10.907951611939756 18.519002463643766 11.274097592810028
5.8598034709039553 3.9544828151556595 20.070335911220727 20.714726399204249 17.452886184984351 12.723268024662506 11.467389319364846 8.6610224438054502 16.803288246924367 10.092410163396245 12.833999637094076 14.894630498388363 10.674727943700413 13.404155456738495 15.848427491650863 2.5823212165047189 2.561954216323195 3.1693142939532155 17.055488326309167 7.5755171312553955 11.477729023325486 1.6213943743445844 5.7446433490019011 7.236911915771806 16.116760709583446 10.95235943235908 5.3476848477046648 12.804402443387882 4.9766358941148603 16.57331647688169
