0.75531186355486124 0.49419784989355914 0.60024686223341994 0.62573861921032781 0.16526580892155857 0.81772519411145717 0.80610665012599281 0.4242956797514939 0.072945966169636486 0.64326485138317591
0.91193934879382221 0.65050586027262314 0.98065641715690033 0.262486381705125 0.67548711232150072 0.4963616369769252 0.16985953854675023 0.61947051076062076 0.47191232166843272 0.043405123749656035
0.55465028548754447 0.096024650713841961 0.11469372309952601 0.8800790456855635 0.16254149953650138 0.025258043757488791 0.13896377692456779 0.15978752178334626 0.98147990112649819 0.97847077129464133
0.16761771964714151 0.40537437531146153 0.072741046812725904 0.6367547908239185 0.79893070445074044 0.51720248336640273 0.39423322906499775 0.09312832300366107 0.84062455135793679 0.8080964893292546
0.67779894377812544 0.42003838401483656 0.99377323651404348 0.31077520610952475 0.62893274171048041 0.44182498354688465 0.095239151123929819 0.10995268364769088 0.58377968298136018 0.87832340297101208
0.59815112636239531 0.79398794931735928 0.30136922699413132 0.73177221951391003 0.97574550242568181 0.39199206308361384 0.80983609326545414 0.17021303497293322 0.97793404287898034 0.51842216981356903
0.50172938288474067 0.92551672848190725 0.26077730293942986 0.053164694004089116 0.36810217835515008 0.44609856495013817 0.57442444324695652 0.55757317819280228 0.90329242928303277 0.45107061882970106
0.25803356138559935 0.17223908205027255 0.77618599490096629 0.0042676189415967068 0.46528265681765207 0.61404139277565273 0.51267399730035745 0.023546328481436608 0.86423690638236272 0.92020945683760547
0.67302624423513391 0.073739094297900973 0.45288617035746587 0.41761005991084049 0.077276544864223792 0.14926141601595194 0.65589893969099244 0.32456526464509955 0.4904880652114077 0.92217767900383141
0.63223347361004845 0.34111043108985589 0.24230053101083843 0.66278117547149329 0.97945928887067002 0.82794969326864543 0.39865714477095621 0.45491453762610606 0.26583926537562635 0.25961360413048346
0.77044618622107619 0.82035663112508495 0.72192851351506859 0.023447147311095807 0.14022283309732125 0.94650213047373299 0.80937630323023935 0.22698275993707967 0.51778813240603871 0.77202710006003772
0.98311818947809393 0.45106400312050582 0.64795369188827323 0.30007672933516155 0.84563588036153792 0.18692865215450566 0.73171482557821532 0.75861557296879423 0.19721450167880078 0.64335860086988617
0.20528873458875013 0.13340501064266502 0.87369711339684586 0.80460542859818673 0.92552087647262182 0.63580145220597251 0.95817498941343049 0.29624727770035347 0.29741548216193509 0.61802500764587387
0.010173966277667135 0.7489465573301165 0.3673873540919213 0.20002017356296181 0.50598555646765364 0.71147062128358929 0.85980485459058542 0.45718147717424568 0.58383949595680562 0.86028034524231334
0.88208260494181878 0.88333343552791488 0.86535230324284274 0.92636365300315471 0.76255819297952399 0.6172157723492504 0.92705034824903221 0.42274225082708466 0.60231616179681458 0.36968044721625032
0.29187502455366138 0.57089542925498715 0.12140211701732954 0.77658728041750746 0.082597396887403016 0.56663395079987333 0.040022430453988164 0.97993291394245652 0.8689264306309421 0.63357089020773383
0.55034019452557581 0.78225032243345138 0.64586071514814214 0.27571995176387804 0.16706843850911773 0.92132554138433798 0.87982834428630718 0.63284045055293792 0.85437003059886674 0.50718181543038898
0.37381046896345543 0.11657173096090338 0.78049483629549254 0.61297971088491165 0.89159765165043314 0.98675705382361178 0.86346930429921798 0.37515010891630357 0.86075665472092699 0.28337660836259676
0.34431015254815839 0.36813154490992056 0.4242357098666884 0.76061666876140477 0.60666359547622284 0.53474126620779794 0.89873960585420143 0.85963113481695075 0.47415031318143236 0.815290191768273
0.8055207110775956 0.032011717465874986 0.098591934153145974 0.59731546932984247 0.73356497582443259 0.23113317039465747 0.44794369229339431 0.16154766842819263 0.96657425940992436 0.31823027611881588
