0.86406902433516242 0.048817470647734715 0.95970209212011226 0.40814996783540752 0.57724460678534983 0.049736662576903276 0.59100814051943085 0.5953885964985689 0.48412285162262186 0.092600435962247915 0.3566890878148597 0.80264880924492232 0.088711157167019869 0.18754370529803382 0.55755544222353071 0.94914415802968 0.31834227314436597 0.9109002325323805 0.70834111459997406 0.2365171445448076 0.14819368322797261 0.37213467604150235 0.2668524614593068 0.38759188424109153 0.34408972409038691 0.67860651063212352 0.245833537040484 0.13675521867684942 0.70867383359515079 0.93104237012206859
0.42309557574523232 0.36420509076088009 0.68320669230825537 0.1160336719380765 0.65147664907073866 0.82616360501103736 0.49058895675236963 0.79071238655176934 0.04978940926224544 0.74507744086472694 0.65441136538185174 0.99732172541086173 0.35718532817571796 0.022632385454863724 0.21949173818041828 0.64374654221412764 0.17015581153305231 0.69513508321482242 0.22449235999804867 0.54020060946234161 0.42249358121287489 0.77340185698174835 0.46513014992310248 0.36055881302520659 0.48646843190556538 0.0956510097360566 0.62089945985092809 0.33250650896140116 0.05027889711081239 0.19457670727435578
0.69013007564753959 0.13537539455415698 0.76265100902264282 0.52836860016471709 0.46985961196715426 0.93565718436881773 0.87859044379651097 0.025773838803489425 0.95623030868422187 0.20118629707542618 0.24389849609785436 0.00035070711105826823 0.81520118868619484 0.78355501350444945 0.2253399639398998 0.52213224445638085 0.82742905331610284 0.77132266673803029 0.92065223341398916 0.4860616928323333 0.54576037495706908 0.80073282339476126 0.9552420938138273 0.49090329700622232 0.98425985827860984 0.21678953498453107 0.080371187702649102 0.48612488121057079 0.57780048846268017 0.25689740500851849
0.98943811763133838 0.34387993616054674 0.35661334436582198 0.0028278466163845105 0.80552956410078846 0.53720434830189778 0.46758997338887748 0.58622294335340808 0.74105386123064942 0.37725643605752796 0.83624470260518313 0.41786886734720957 0.87452957596428804 0.40890204345045827 0.19799029362433934 0.10965251554883663 0.83646770288914984 0.28721109586269039 0.23144090161139291 0.24310415875593544 0.7725481811369872 0.92515412367499594 0.3431648916419589 0.47443137741362046 0.97544974675401885 0.19804977687084385 0.012387519558350869 0.36735204168024754 0.73626518488098325 0.11227034714170429
0.036633027078712674 0.8179871659830148 0.25480209921154223 0.64450807438990021 0.30534026483396187 0.058813482147670834 0.82294403584582343 0.52604122278201659 0.6533543823472856 0.2372712787836338 0.84847120566128709 0.73985745813077441 0.38445004319533077 0.5128747497725954 0.70576131599994596 0.83132416249735208 0.043063208676132156 0.83416165617703308 0.67945658492590622 0.76950457005529826 0.7609214987971672 0.95174166817127337 0.79643178527454384 0.17036002750052698 0.91909243252054829 0.56810936812972779 0.51267975595218074 0.31823424233077918 0.20558933825360831 0.028405802312191187
0.92710202772916261 0.25535782824623693 0.42686714139258836 0.49112140223666995 0.67704073056550174 0.94312458133215182 0.83089543512986919 0.56543296003096022 0.83371117154454266 0.90790416143739461 0.10303564642652001 0.4439145385464443 0.0069207819617857378 0.1911574027980491 0.34653292343039049 0.91523539656371544 0.36240542573378848 0.24310033671688297 0.75579296143231112 0.74152990673814112 0.70815800057817113 0.2775915519161743 0.14976859841592277 0.50290235214659995 0.34306267282369191 0.089592753696801017 0.84845672026291752 0.4886942503666572 0.23114648796857623 0.080609007593210255
0.77930748595572108 0.56422962740890181 0.13742346590244797 0.2418904863285764 0.95551859671090822 0.37389404309475555 0.61542364116268633 0.91123362541679009 0.23902289676227867 0.26378313261536906 0.21741870348369324 0.16615390348546616 0.73913494711180117 0.19549486303940794 0.2030205306426825 0.090870063836776357 0.058659691877655115 0.27851429945156231 0.44435286398454327 0.76054694794572164 0.1157740989230233 0.21572283370238371 0.03904220861893419 0.85109885951517561 0.29598396371785923 0.3358663213180087 0.5158957831092239 0.7217834170763604 0.67185322700771644 0.89127583890457363
0.083095528727467768 0.61675925909692353 0.19746738901924449 0.83609064173372094 0.69827435544693106 0.023612193574482566 0.051665465232277372 0.69907451923457775 0.32146905440916679 0.98758234210160356 0.67568010504844722 0.42222765278733182 0.89251861185782233 0.52998035005545796 0.5052336086379815 0.19173101252876007 0.13517913305588752 0.50360301302565358 0.089730750072241447 0.3353874243003106 0.40829202788358337 0.87050725416405805 0.66360898167249904 0.94833024113386621 0.42861931919794355 0.070655297735135944 0.84610490361988233 0.57224605844105758 0.092945718981644096 0.51302268126743733
0.28360806029539037 0.35685558843058812 0.11031400622299707 0.46828359012869553 0.59190065022942362 0.82923512430331081 0.35348610897596505 0.95593999916104533 0.73795777125930706 0.60624902786865398 0.065008269394347382 0.74646091133920267 0.62406309710953611 0.58452538889816941 0.16306757700844138 0.65650004026395403 0.18805132660393625 0.86496526343132196 0.33041389947507466 0.85371513893510376 0.22530654944364675 0.57185465796825197 0.33946564445235877 0.61805566340489348 0.62537183988720213 0.70645339112698535 0.95925763545150955 0.14490216306262588 0.83645388271974608 0.7650418974254094
0.33962994802953733 0.0097247859099298013 0.65625251352027125 0.6901938508543638 0.95474540773603511 0.31809470881895469 0.54736004506018021 0.95168469209095174 0.84435864533670146 0.39651951313896255 0.95951222401031933 0.87032714178393777 0.472273451529788 0.3998967521265509 0.83008487088516736 0.28343543199658622 0.16476501951895289 0.41343923133422517 0.26845201782218314 0.6894429327679964 0.77669421971237851 0.93304235479364195 0.50799161638747659 0.74416769300483621 0.54430578904281934 0.72071420577775436 0.39673841550019634 0.78622814929630358 0.31827254746777139 0.091372043218925711
0.65472878801918299 0.94841851504446761 0.078056758463363726 0.21484675038634776 0.42133390396548592 0.53661834575346556 0.69447659947579632 0.91214854025800096 0.75644411591233796 0.29061873652076026 0.40561962602017559 0.096174561182249804 0.76980284770242191 0.31915701516047207 0.16600914300478703 0.200283310074511 0.24037522327835853 0.1180899938298257 0.12682656943531873 0.93604445488605015 0.051251204791276692 0.38310749723693865 0.13369469403019923 0.87263451081821186 0.58876038006424414 0.84532468858130638 0.03590149717946782 0.44689069364717676 0.19951175042454256 0.6481838560874662
0.39986431647719817 0.7091319775686401 0.48380848364638779 0.28074692257258266 0.55955994469872017 0.90294671178241559 0.11892481774417267 0.34983849573091669 0.78132859902964913 0.6353511760155095 0.38898443838722224 0.54029235635181749 0.50245131870915771 0.49099763623903842 0.57274354809886407 0.35922991274802246 0.68257921619370365 0.37235735861857938 0.80960799634598124 0.36712177732846957 0.29330091474209891 0.73838665798003023 0.68429763847445846 0.1331613433071433 0.054290349908452093 0.1872739734107875 0.094523545148261376 0.82298150838411366 0.88878460955183458 0.39581459279782788
0.35567809594503547 0.89656002977726179 0.077795098961163697 0.30732510653337147 0.14096282099443175 0.1248222717302218 0.57365252428483671 0.28534422674790599 0.66630277933704762 0.42201103456894257 0.037432329758299396 0.74843076202404724 0.80486081832257517 0.73393843808765047 0.74967272253558404 0.28175975600913111 0.74470868130677481 0.08395575406910942 0.11492076881952 0.36282768375414071 0.352243044289754 0.58010442578557264 0.63397331644973021 0.34177546291003574 0.52424331331701257 0.71526982485411672 0.54026632033720356 0.57638380985831938 0.82371379422646551 0.96182080548009063
0.53709662112074197 0.97316414499815018 0.065420768417747507 0.97458299196883746 0.72772618280541135 0.27428451835437434 0.11940656575405732 0.9626344001148559 0.55584290323110375 0.96389736343953047 0.331389441725711 0.31618558076211772 0.3848185244502273 0.20167653533147839 0.76956496915142558 0.51689282574905471 0.27453767556830061 0.50955022903447256 0.48495670893485293 0.0066546860157824959 0.26804358273430545 0.62516858726004987 0.22044675280650056 0.25478436254588471 0.013218826786413108 0.21101515991187308 0.075472473967819018 0.82508808248703225 0.60763892509588457 0.91829029060725187
0.57500869166418589 0.99718629721775198 0.63637853139686551 0.63553873861946808 0.90941533049233714 0.62510266188806896 0.40158687397447951 0.48219161253860426 0.034160214414933041 0.34543670327027115 0.94725961638845835 0.87626334356577373 0.93501920827277751 0.98524119953647959 0.74096808561878436 0.38501457569105041 0.85613266057311077 0.30998898947719261 0.1260615867881843 0.79245626734654961 0.76289927211815856 0.63172794666484811 0.8895239891450436 0.069392996904530976 0.54620708501219217 0.70973592297516219 0.16196377082005514 0.013777926540515285 0.87513784889631929 0.035529054047066563
0.88741640322009319 0.82713416874288648 0.15004004446287927 0.48659039783992614 0.12231524208539273 0.12308866608208573 0.0062774947325682671 0.056891364693960875 0.82953954784794015 0.5435848323951894 0.47699693856101927 0.9751671460926411 0.23141919086683743 0.8300607816398502 0.36906953598493669 0.39638700750191685 0.45004280410656766 0.87838711561641147 0.71958246155329686 0.26696799352824357 0.30664340462224721 0.023904496850290547 0.61401347868116718 0.24810917766776114 0.65819216316655282 0.82156760741229684 0.8531532529748177 0.82795569307956407 0.5233899011366302 0.31210099061040392
0.49723033807591005 0.87896407048567626 0.6374517577528972 0.76466656333956962 0.17084480497956472 0.16088783558361847 0.010318370579595993 0.45375929213353622 0.68266965960687165 0.21508174862580293 0.56042767130237658 0.33316342119072656 0.080515738730818118 0.91387388491095478 0.86617204771676748 0.58046681406744083 0.94421563066210845 0.4212924160043699 0.61641683950497572 0.036548044643775521 0.36883017367510845 0.53589188930586229 0.43106616325104868 0.24219323066915127 0.088490022704170543 0.91139588205956845 0.091526847326371549 0.46234903951211653 0.67053085830068471 0.72819619634079269
0.93556582812382072 0.62191949049660178 0.20127442562505654 0.29107450583849476 0.90464624151680806 0.96473243474798343 0.70814251581460674 0.79615195963221908 0.62699299145180754 0.65519542592007496 0.69101086359093744 0.045993277501478122 0.48600846386057589 0.41283473982758828 0.9120990390703374 0.96539793894618775 0.48076113649015223 0.42581611129856239 0.72228257556379749 0.40361073754246052 0.31322970536886235 0.51865147005717416 0.30722256275027443 0.06731870965960611 0.54143793695279108 0.16348676287306901 0.23727613902618333 0.98046652587780658 0.094787716428745547 0.34209725924490147
0.55713582083667879 0.88165190809164207 0.60324636800068532 0.58634743502288311 0.68100390330208704 0.097335374909848713 0.22067106642959028 0.16567384243459821 0.18414998323364457 0.5942409153497934 0.84167663699388895 0.15357909584346979 0.21507004208302666 0.65794187203078147 0.5758313237706576 0.97971157405134213 0.62558557835059936 0.56329162526336773 0.8501778117230876 0.2416911369597215 0.26597978455116683 0.43077011765287992 0.14360395026160305 0.75595678943272326 0.6296142955243853 0.52517761164820875 0.16444833944808762 0.48228926844197001 0.86573483035445153 0.52290038416004625
0.2347870589729058 0.13864933029641341 0.94228683190289209 0.9882061950139478 0.80266288589127555 0.55181211677889974 0.52355002759519631 0.34946599117263405 0.79262144918727351 0.43245269367852618 0.58576151358196282 0.65619711612767517 0.48875606508039121 0.62171211915270852 0.74668051533454427 0.052652454789170952 0.080790359531737896 0.089500878551116922 0.80860374594238249 0.31050617824753929 0.5208341389788409 0.0088805406307263419 0.23571763402782137 0.31649388660252059 0.75415848223685189 0.49794508185867475 0.19792619829941321 0.60437695089399768 0.19836040565149032 0.78517040603157884
