0.157695 0.390743 0.700625 0.720574 0.467128 0.330413 0.872657 0.386 0.960856 0.661511 
1.01429 1.53948 1.28731 1.55247 1.42439 1.94851 1.83559 1.79853 1.56612 1.11031 
1.52587 2.62784 1.74389 2.04934 1.89279 3.4979 2.70548 2.08339 1.4908 1.96977 
1.49236 1.10822 0.361405 0.908043 1.39526 1.36487 0.855913 1.57678 1.49884 0.924529 
1.59534 1.43731 2.28582 1.6724 2.48546 2.50686 2.22711 1.41868 1.54611 2.1376 
2.22609 1.49584 1.84314 2.17305 2.3729 2.24831 2.43211 1.87462 1.56825 2.83245 
1.4397 1.8335 1.65738 1.04685 1.3975 2.57815 1.81287 2.00486 1.50913 0.754018 
3.18927 2.33619 2.94863 2.46419 2.93757 4.55663 3.76382 2.79111 2.97818 1.68979 
2.46373 1.46089 1.95688 1.59755 2.99246 3.62535 2.82221 2.55271 2.13942 1.67763 
3.60064 2.30839 2.78616 2.61968 3.98241 3.13122 3.11495 2.07853 2.5744 3.1319 
3.09739 2.06462 2.5318 2.62201 3.3186 3.16119 3.28755 3.68047 1.89156 2.61162 
2.68659 1.38012 1.82575 1.3167 2.17752 2.48502 2.62078 2.16162 1.32428 1.47428 
1.99936 1.85375 1.91691 1.65922 1.62377 2.71133 2.68341 2.52856 1.16521 0.757675 
1.79834 0.736846 0.95302 1.6207 1.83257 1.01831 1.4345 1.23666 1.4261 1.0493 
2.67874 1.24415 2.24183 1.65274 2.80778 2.82903 2.63038 3.11422 1.07394 1.85407 
2.91908 2.12101 1.27502 1.87092 2.04733 2.87476 2.62403 1.85715 2.77057 1.0365 
1.66826 0.714691 1.04027 1.41752 1.5532 2.13248 2.11467 1.8498 0.614194 0.598988 
1.02668 1.21138 1.27962 1.6712 1.62493 1.21824 2.13046 2.06517 1.95165 1.27434 
2.78423 1.50602 2.09003 1.79332 2.29341 2.84536 1.77855 1.9456 1.88883 1.29916 
1.65595 0.136012 0.606939 1.23578 1.73889 0.807532 1.91638 0.652318 0.381686 1.36434 
