0.3863873695748 0.546319852098408 0.736874767766789 0.296263696868588 0.987826553888341 0.688175066829908 0.653883476861768 0.679358026886708 0.547161943492569 0.72721838565953 1.03780103190541 0.653531047827681 0.715488436552907 0.27764466439773 0.598807582617144 0.546271034168007 0.364435669137956 0.575320856491018 0.392834982442572 0.331510180568867 0.548170952707421 0.324788107324985 0.55741180176782 0.247139467146431 0.971222927223073 0.521492043716603 0.505100275299168 0.594917382433564 0.440029211232063 0.922083256575207 
1.56174613731542 1.36560073939672 1.77597159540522 2.41797753675805 2.10606350387902 1.93232412549693 1.87377073656529 2.01654526970338 1.72477235354856 2.44750355716483 2.39234495784653 1.53794359368171 1.79743886533362 1.45587910457182 1.32573370714692 2.18120005654092 1.52215170934858 2.03977420232515 2.26054458053255 1.37843731603912 2.70051111766124 1.9685484550687 2.04361482746474 1.77077463513442 2.46014207140363 1.99099938223308 2.70189249119344 2.23690626608614 1.50026325111884 2.36258755862808 
1.42581489000081 0.789242381319645 1.51042339751681 2.52272450248983 1.5178824640528 2.04008958862572 1.43413341694861 1.65517165539819 0.90865395046825 1.6607184299397 1.46095642293109 2.20072426366949 1.92972515681914 1.24549006529539 1.44568012045593 2.05167741394877 1.62301778726508 1.66482732911357 1.67423634011203 2.35508853074964 1.61356048460965 1.28504628066667 1.90972787146666 1.73510903341999 2.0528618901023 1.14936480722176 1.67151397273182 2.25890774434612 1.29144187616046 2.19166226854888 
1.35090342716626 1.49270494645947 1.03261516177492 2.17943727819077 1.42563656431071 1.08441748499459 1.75758513634789 1.28942791190862 1.72252447685086 2.29204829515221 1.6450966064725 1.39768255057938 1.08352351096389 1.15337063363719 1.17599131631162 1.5725741248855 1.83496698629321 1.01555007244085 1.42712089957726 1.65776325175369 2.05274400964253 1.45715438734225 1.15097700818514 1.85528398943562 1.53132386018141 1.52117532586461 1.74036066278643 1.34476312592229 1.5547095174104 2.05711698458599 
2.0376306442901 1.51875595690882 1.09978897032177 2.25153031872872 0.836014530304206 1.01771165630725 1.80639600183622 1.52898751479575 1.46562197440243 2.04678942385231 1.93395700787962 1.86872137558335 1.63057410855813 1.96393949111032 1.29139837532267 1.65597227297578 2.11224227450248 2.11595054968028 2.18101399629154 1.94890700875652 2.46519812484584 1.80843366421057 1.39807126446658 2.44479217662726 1.87420771707664 2.21018339070303 2.00729527756182 1.36063320566054 1.52155592726661 1.51486293850372 
3.34223903173256 3.29837269729516 2.94404934089983 3.82599181969296 2.26595229571768 3.29173411191363 4.21926176441176 3.64465627818661 2.40885674758569 3.82126590510253 1.97538183516674 3.19371743094157 3.17145374308844 3.81910971934698 2.06782494704844 3.48820205113465 3.25708414708054 2.56233323755967 3.21938453508385 4.2691826185626 3.88261975191462 3.42562366023274 2.63828580561061 3.89707913879831 3.39782481964123 4.02678816359766 3.96336832718827 3.00702685564312 4.10806283140863 2.84956275485975 
2.51467399035254 2.1620609394993 2.3491340034293 3.36907123626848 2.00560994995923 2.48222133285711 2.13337258678052 2.10044794067314 2.14638375791138 2.63235707103624 3.40543612411571 2.89554795595376 1.95419146999692 2.31762078601856 1.8270917503935 2.47331442974126 2.36032954900785 2.71873577180496 2.21982920374015 2.3949762018258 2.91352596703466 1.8304074965182 2.45923694616147 2.73671755319295 2.46164413441092 2.64314651185607 3.05575177228508 2.72988625518359 2.36062406019789 3.46922670646177 
1.10456286515328 1.2296416074152 0.950053833746693 1.74127682758875 0.817381317602608 0.405352939049503 1.17880958295065 1.65192126648266 0.80307453543012 0.854238772835176 0.745653001482116 0.761033695060699 0.603381820545448 0.890056936531896 0.846857544682562 0.984997376254043 0.70785030038904 0.592854847292702 0.768944429442053 1.27809427959972 1.5757596839672 0.837019801770635 0.739318661014799 1.54499223274129 1.55288721684517 1.54028324767063 0.883659809434204 1.72310416143687 1.215414438419 0.955157283285417 
3.31880120380653 1.89968866006845 2.49597437215748 3.41367886615179 1.63053228533776 3.35310178176189 2.82366174958081 2.61834052773639 1.88743495434877 2.99989375884336 2.37011663228815 2.89127182412562 3.09987061361115 3.14795647373041 1.72378130435983 2.14219837868249 2.6389029365648 2.83087272586928 3.17256759366458 3.85279554662501 2.97526662549391 3.19956067627742 1.61601609626586 2.70415146242973 2.08906719007122 3.61005995670549 2.77998983418861 2.0212946765385 2.74407908249148 2.3684648989346 
1.06726200115787 1.53549912050156 1.25553863794922 1.73720348035314 0.89564042921197 1.05728475432332 1.966556425744 1.37611089953021 1.08275297413212 1.5851441279755 1.1589985127054 0.967672396093716 0.931885348496447 1.92294949675339 0.596526807204931 2.02406565669437 1.41705197400763 1.18263417598214 0.824062974506083 1.29987772064043 2.42325582537664 1.52337314361666 1.73524291060824 2.1963767422767 1.9020400141747 1.90304220898056 1.95995391775065 1.20006733242755 2.10468516498824 1.19740645680802 
2.54892191177568 2.16786518437419 2.47815101573751 2.76592179271394 1.17217816058423 1.9086504718281 2.44104166952157 2.46895221732626 1.1029991623316 1.99928456508521 1.21737474938384 2.71333575097308 1.9915756410217 2.49001550102246 1.84560692197777 1.85759783307929 2.51894816344023 1.46443628375949 1.84673971034588 2.97807184349531 2.42689677856082 1.90974312364825 1.32890537908011 2.76075943148619 2.31823449442886 3.02684553000887 2.16866287931811 1.92156238982818 2.19217266152511 2.22997098790913 
1.96209393920694 2.11980920633268 1.50711802151813 1.97501981272824 2.64498234376169 2.58453202322101 2.14721636596848 2.30931537738224 1.47762147374226 2.60863606386301 2.34062034000266 1.57274959326603 2.12491888092618 2.90762284359464 2.43085907296253 2.23979293623385 2.15554704087918 1.52956767218799 1.68099420425622 2.54167403419404 1.95692748575198 2.34993423536595 2.32494723968695 1.93640199917475 2.75883815663365 2.21764160512739 3.04589147527323 1.72271748455483 1.97876112513819 2.18924691630826 
1.52790768796306 1.75822736587573 1.80340945853821 2.02848571119275 1.69631587949042 1.43078714088243 1.72143832703521 1.51577917819239 1.64121833551233 1.90609342723885 2.50510355013307 1.75786841198158 1.75900616223802 1.27517216896831 1.47968636963934 1.72934257145172 1.98041992559708 1.83287948872525 1.63121245268854 1.47101747586983 2.44447381284775 1.69122131510157 1.5121725944507 1.80488678671511 1.65322703249099 2.12229900607347 1.94054569987856 1.6655805821928 0.921171110556739 2.28280745211297 
1.63837299685637 1.59497561443844 1.74870752050179 1.83608304245753 1.07365558545827 1.86037785540057 2.02414670050324 1.59529255053279 0.893821184931485 1.74977448683036 0.789414317293362 1.14075435352683 1.20321053054482 1.8606573746278 1.08719827843042 2.06413779611192 1.45481659020226 1.48538566466587 1.05261108230176 1.78309079047619 1.71578854008249 1.74064512939287 1.43125921089598 1.60617553266901 2.07427226339374 1.97395512311409 2.1059773549881 1.66844528760872 1.84962520478027 1.53314231141889 
1.03886768091486 1.27285846047636 1.17512248163155 1.64757021558252 1.04893657168654 0.742796502970778 1.09131716858439 0.767254908340381 1.16621962850229 1.20124559833972 1.2429661718021 0.770931060603352 1.04716868350354 1.07134390801205 1.06336393705039 1.63762585489417 1.27175569334461 1.31556562453395 0.878242451794609 1.29345248969817 1.44514428495791 1.06813126891206 1.20625559695835 1.59340776465879 1.14788247767635 1.1371705333303 1.41743010074345 1.06020408873565 0.92782411629864 1.58118169230444 
2.90237872858037 2.43668921825729 1.56540086222842 2.65348792799689 3.11810647184064 1.93810267549294 1.75362602736373 3.21465223224239 2.06449592580015 2.69252665588025 2.6600239389024 1.53363335025229 2.21272323550236 2.75478405753963 2.43269542676727 2.03879886269062 1.01101056005559 1.85295657606919 2.22100175190038 2.48865712169127 3.01001079343085 1.63243365739383 2.16051755186435 2.79743274746726 2.87088690131133 2.42955661789655 2.75794835271047 2.25694823819151 3.00863691985443 2.18863208003454 
3.1006857044928 2.93956792241574 2.66535183357583 3.37490935442464 1.01524212359804 2.68514587936233 3.49909951326732 2.11804237004458 1.39753121239745 2.72474121576589 1.87431738940091 2.25595013070001 1.41022683687465 3.28889429485849 2.08841679510507 2.90723293622735 3.37017451697138 2.1784882324305 1.47234614135591 3.21788300672852 3.48140183860275 3.08564842468534 2.18202326471073 3.24584662264061 3.00916630731672 3.90415874371428 3.20616100159615 2.36967530454096 2.69190282196078 2.59584437491419 
1.34372377942176 1.34435110336829 1.11606847386816 1.92734901941567 0.658921612091525 1.4317804282132 1.99474759814828 1.64417320481913 0.91722595251923 1.32884939701976 0.867669838559902 1.04639169464675 1.04485905477696 1.62887992909583 0.76181063833446 1.48593516422772 1.63686930480242 1.42708351629868 1.16005929958158 1.70349506337137 1.90659924381346 1.77853362043744 1.17857726370954 1.4985655585788 1.19723570572927 2.21360663126137 1.84506318808179 1.57333824887418 1.69650491537115 1.15839371504511 
1.60410480371385 1.32940820497099 1.9927144036408 1.90963114175144 2.07374580513949 2.30318406516835 1.44155353568704 1.35470322818963 1.1777524460992 2.01025593460924 2.14536314535618 1.16789720327611 1.92399616734036 1.13215300345325 1.12418185484583 1.57929299710608 0.981699451167177 1.57014234448627 0.792151314937336 1.54889533610503 1.53298329824116 1.5431555885102 1.16723267113078 0.929676119543795 2.03149918594157 1.31080844845041 1.56359173340013 1.33912003066328 1.15074978331246 2.39576506665815 
1.34909394423617 0.656312690887735 1.56760588148213 1.44673730306685 1.59449912428273 1.97953494180145 1.2901977806222 1.26884592697821 0.877072934059087 1.80075948227634 0.92637906089217 1.24617046668828 1.25360065612244 1.10242440387709 1.23889095045216 1.64231060374327 0.883510326104717 1.15937492280362 1.27600048622767 1.51280284564779 1.21790601998432 1.05537769759311 1.27864048145561 1.01456964229647 1.77194624033002 1.01939399134272 1.4745378872392 1.40685893955596 1.61176475366787 1.67923531550332 
