0.390909525903109 0.560390459482288 0.37945290108545 0.118056599970434 0.544455759099295 0.974305070622808 0.60003402637727 0.133486713569123 0.112295766090481 0.506234217140577 
0.134779547480805 0.0732725195542624 0.499705491953567 0.399945142287311 0.568846676462647 0.81488557788574 0.30807458663397 0.830507319540295 0.155929391233254 0.311395756717893 
0.988905177855663 0.175195470970823 0.858844172302482 0.894535633656183 0.623536870690668 0.610871723075538 0.688396071724041 0.712372938379318 0.194937460329624 0.891307675421227 
0.247255225703877 0.665662562368546 0.734058797268111 0.562304127755447 0.388528113965808 0.58273339002814 0.338041359126563 0.618836049893253 0.0599743005942975 0.867344222011107 
0.767618102713796 0.591857956151488 0.199618456432974 0.499576629332463 0.687034379198099 0.133700520205949 0.876587851540368 0.708358746738169 0.116946920160659 0.876170833944247 
0.217796725643263 0.77772204060947 0.0261316779150871 0.557118811162547 0.767497639590818 0.425600920564144 0.937424306317729 0.138106012924641 0.92089894351081 0.157263003973719 
0.000230413970035137 0.540077697986596 0.157865124021252 0.654124404221739 0.229246752029294 0.357669628360868 0.319114365684961 0.0183350477071314 0.825359968392723 0.0772182715512214 
0.261837585175413 0.420456970152217 0.958347606657351 0.545673692197594 0.603755169416418 0.631709709239913 0.154041798514162 0.221979719127957 0.932486614613225 0.578545624273083 
0.896955131365287 0.634511978403939 0.291552535831725 0.361024496725155 0.689248209330925 0.487846004366368 0.367036555083578 0.796226234368453 0.437557709902156 0.173158680478374 
0.981597016085222 0.210008329605408 0.569334790809104 0.0672199091758221 0.995748840038556 0.879567575662835 0.31431676994288 0.0613033789341594 0.602265685467572 0.54693581207048 
0.786253505349481 0.804548332109222 0.156459573218315 0.451820794084244 0.308768340418309 0.357585583579942 0.555988950112612 0.346333893532025 0.0649029834224777 0.862585390656979 
0.365153846542736 0.583932065947716 0.515191534247707 0.782730617333995 0.528200741275144 0.469097862904282 0.997642850772011 0.920875892639011 0.235170719879962 0.699347237460831 
0.449762995268005 0.121635136105074 0.692270188984701 0.990699365774973 0.0900246901857637 0.609176907701297 0.405183082822049 0.88773261556402 0.941694008598708 0.35740084166443 
0.938304596190367 0.479141204720457 0.453283636025437 0.447415207480527 0.745502252195316 0.579607273664505 0.624650527924552 0.823472863294911 0.783222825661942 0.251458437147835 
0.441309191719184 0.808567584150053 0.913311758643815 0.611747232013886 0.943915895828152 0.00297763205316808 0.880628528602373 0.273831467217193 0.794612514151764 0.191896448797913 
0.679785181634328 0.177998299889667 0.775184501371905 0.809332918266706 0.0894987507900494 0.729459742501922 0.0662960037587641 0.865849176374216 0.247829077950735 0.218648062692402 
0.517782813193289 0.863335090789035 0.712015968255242 0.19147345013618 0.0587779379519179 0.626377269455859 0.250930299907451 0.0322260785836267 0.122332397106302 0.165585632014396 
0.0818027327825744 0.0279145895230238 0.734921745095608 0.512350329280802 0.973399467757648 0.463846126462779 0.224307464295752 0.766622475757233 0.145425375881431 0.957609033956438 
0.336042360031374 0.0403377573747129 0.37813375571879 0.449236692994058 0.0766910469796738 0.591511315578334 0.380055957324588 0.693840408879784 0.804593710681368 0.972283742162967 
0.650357980956006 0.651251639735284 0.99050449149485 0.0841987737807286 0.217562763758035 0.940514837226601 0.336732336334757 0.448437293153869 0.251910494668384 0.384656487319509 
