0.0969444 0.852914 0.451669 0.0506812 0.434629 0.753665 0.114457 0.00476631 0.901738 0.603431 0.826653 0.534049 0.471103 0.966786 0.457905 0.493642 0.462549 0.494253 0.967265 0.601689 0.810036 0.42792 0.142536 0.1722 0.360254 0.883782 0.917277 0.00196374 0.353527 0.278838 
0.796043 0.665183 0.688816 0.308022 0.764967 0.0934454 0.791601 0.768244 0.992393 0.541364 0.162239 0.263283 0.822056 0.157471 0.0894289 0.538316 0.962051 0.367206 0.64466 0.589446 0.0813581 0.804105 0.236606 0.557295 0.0264899 0.924521 0.783538 0.175805 0.576961 0.896588 
0.933874 0.00888666 0.00620437 0.199476 0.890527 0.522187 0.818473 0.329577 0.672056 0.596241 0.573468 0.659434 0.739569 0.182051 0.362037 0.0684409 0.518977 0.118859 0.910979 0.1384 0.21821 0.606398 0.895507 0.142317 0.754017 0.0682986 0.859127 0.130577 0.976935 0.504049 
0.111476 0.308579 0.0393462 0.981763 0.979915 0.433668 0.228731 0.405594 0.538882 0.74715 0.108618 0.890367 0.125829 0.45387 0.955429 0.674018 0.774187 0.692167 0.411815 0.498499 0.0384489 0.176548 0.636636 0.638474 0.465457 0.595065 0.647494 0.620298 0.368954 0.208734 
0.978754 0.717541 0.864177 0.00140181 0.789057 0.706812 0.84063 0.510459 0.0668232 0.852868 0.248852 0.963271 0.979668 0.311708 0.52543 0.947019 0.247968 0.927594 0.111735 0.467274 0.62602 0.579579 0.476745 0.0132308 0.612582 0.4011 0.314225 0.323745 0.590906 0.294104 
0.486524 0.6795 0.535683 0.0152599 0.787376 0.901305 0.316759 0.654649 0.821662 0.94799 0.926859 0.342443 0.370052 0.155473 0.274133 0.117046 0.505019 0.262572 0.545318 0.829809 0.376769 0.977508 0.266133 0.955713 0.0737566 0.23284 0.102464 0.137115 0.135269 0.0111929 
0.913925 0.694938 0.666877 0.76944 0.245331 0.492699 0.0965316 0.445068 0.689271 0.19009 0.555646 0.0738852 0.670875 0.28593 0.685502 0.534325 0.942822 0.745386 0.883207 0.614504 0.81608 0.652821 0.80517 0.333895 0.00192956 0.272074 0.073038 0.0301955 0.671546 0.098109 
0.042977 0.138878 0.241184 0.509785 0.699778 0.497664 0.618707 0.750438 0.984968 0.525256 0.520343 0.486619 0.499988 0.76179 0.888998 0.303136 0.293045 0.572836 0.642697 0.588373 0.812678 0.488331 0.104826 0.449404 0.365986 0.80842 0.814909 0.989383 0.037706 0.670985 
0.793363 0.610149 0.306885 0.562865 0.086187 0.944432 0.562497 0.572446 0.29101 0.513722 0.516239 0.117826 0.459444 0.272445 0.576726 0.66577 0.450665 0.229921 0.566062 0.737738 0.541177 0.217249 0.230288 0.167683 0.984544 0.890527 0.710493 0.623063 0.183176 0.245931 
0.0369349 0.0123687 0.673621 0.705812 0.221261 0.510961 0.505023 0.502927 0.305276 0.976259 0.123059 0.0759767 0.574744 0.955263 0.114904 0.182825 0.996985 0.651306 0.984738 0.321576 0.727555 0.464167 0.24798 0.193629 0.983355 0.375316 0.804691 0.41183 0.787599 0.953463 
0.810452 0.824108 0.835726 0.432067 0.990817 0.102475 0.895386 0.644151 0.265396 0.501538 0.646078 0.825457 0.836483 0.963805 0.530811 0.369742 0.724484 0.27934 0.755791 0.228918 0.255171 0.940361 0.518268 0.769244 0.531865 0.114887 0.720195 0.506964 0.43238 0.737873 
0.131741 0.767755 0.222081 0.0214938 0.397425 0.385509 0.479345 0.0849771 0.675349 0.35457 0.521656 0.35655 0.110388 0.396172 0.992103 0.894993 0.942107 0.0645353 0.662908 0.771271 0.855169 0.117735 0.868601 0.647915 0.710258 0.955732 0.835544 0.277521 0.531862 0.726338 
0.995589 0.374721 0.942767 0.420106 0.816249 0.434079 0.23085 0.299317 0.0417496 0.114082 0.225399 0.682655 0.100118 0.369678 0.0286337 0.437813 0.71975 0.85277 0.122566 0.955991 0.827087 0.960332 0.970925 0.871289 0.453841 0.39685 0.205381 0.446839 0.336849 0.56929 
0.966539 0.749707 0.013401 0.419135 0.024542 0.619416 0.229476 0.280119 0.279121 0.69622 0.187028 0.539262 0.934611 0.78028 0.487523 0.983797 0.371311 0.220226 0.891143 0.143749 0.589938 0.441266 0.165315 0.253899 0.359905 0.372141 0.352462 0.386916 0.84661 0.873843 
0.814125 0.0289017 0.351186 0.971921 0.268298 0.226071 0.590912 0.67481 0.663433 0.384276 0.717346 0.504824 0.423652 0.0425133 0.929183 0.0244143 0.0399468 0.897633 0.0676824 0.584915 0.197878 0.99628 0.548994 0.267073 0.264047 0.283738 0.396476 0.395038 0.435809 0.951841 
0.95901 0.4474 0.17579 0.339966 0.629353 0.170632 0.935383 0.885198 0.821255 0.0489592 0.428473 0.912421 0.0693864 0.178841 0.317981 0.528526 0.574111 0.42692 0.232434 0.795926 0.474812 0.734805 0.708339 0.410721 0.697598 0.571325 0.708779 0.471387 0.865148 0.48557 
0.229263 0.304748 0.590201 0.524461 0.80015 0.19477 0.336691 0.067919 0.902474 0.859711 0.241424 0.674663 0.750449 0.949314 0.686012 0.224449 0.5005 0.636309 0.612194 0.942454 0.518552 0.0659369 0.303188 0.540374 0.710754 0.269789 0.794147 0.891681 0.455318 0.635682 
0.402886 0.916673 0.417264 0.867186 0.237404 0.641162 0.934201 0.598148 0.918228 0.249965 0.151661 0.169446 0.901649 0.612297 0.443908 0.121435 0.954281 0.0843529 0.936204 0.0267832 0.879372 0.403653 0.607145 0.842724 0.893548 0.30137 0.336002 0.226374 0.0504126 0.614784 
0.965117 0.434466 0.151951 0.516266 0.303516 0.823909 0.0836355 0.147775 0.435804 0.784388 0.203788 0.612718 0.400178 0.768222 0.553618 0.197645 0.86743 0.559396 0.208726 0.401747 0.47408 0.413858 0.746325 0.425514 0.171824 0.332427 0.0838892 0.915177 0.288571 0.549179 
0.660896 0.856249 0.877712 0.864802 0.392456 0.0452501 0.83005 0.507144 0.975413 0.910873 0.245897 0.911843 0.94622 0.633201 0.122914 0.701554 0.215313 0.185852 0.86538 0.397589 0.676395 0.21603 0.0564145 0.166509 0.399227 0.697645 0.228135 0.215372 0.999489 0.83037 
