56.564052177375302
130.11650317669231
16.564266162493286
215.63931911752206
172.42449484812803
212.00478033873824
203.94684215622928
67.674825279495096
194.51885710814014
25.282719737287916
213.38000107539125
119.61702111935857
12.17252095426009
15.300586969706094
169.80947138718111
153.10689069756944
214.73065238159137
198.59639610687677
246.40545612270324
238.14893024221283
246.34464261374021
59.497330276192962
200.71308091453275
185.15454315282975
104.73173200073694
169.56082179642715
134.99656489907105
187.98952744709203
57.884287790542714
229.98743028742024
131.40399604874091
96.682545598305694
31.798263961159204
200.21546012052048
109.09324747611142
215.99500703046823
241.57095314704893
63.892420861883942
83.610310109489433
174.08333999018481
166.1595116662985
37.728847952977667
19.831060719940336
48.187677670433231
220.4382517156746
123.28456447446591
184.80960485600755
93.522123569296696
247.2586477204658
108.06058606017473
52.954772360968832
138.55817210716134
192.25462927287981
21.563965633873885
183.44755403344769
1.255311953778826
223.62694206941751
74.831387475981472
205.39555766084538
209.81699553529603
157.85907359416515
234.99201085776423
218.57737944689367
76.385938810419091
153.43174094612195
112.63318395843474
222.66870285364158
121.56890259010235
109.66927782997934
180.70074943779161
8.2393675506756523
135.50246571201373
3.111379660912756
244.99468722988939
68.427452117122399
128.22451729090938
32.532256190047335
242.71472548751831
135.42844969947276
14.938482240438461
136.91293176726174
193.17257469396182
34.53760213572027
196.10671735345608
39.827466649572749
4.9130546171516469
8.465519378831182
21.511438555858927
35.748794689827868
85.220291201336465
31.253201500258175
197.13174542964018
47.630877817058519
93.881350865700227
4.5835092388164886
160.85134247261615
120.90667344219106
83.897602053123876
67.659464539437707
63.978247135617394
139.10111043833024
235.50789444801279
249.91676629639815
188.85013316861179
47.319929688985617
72.169989085534368
19.571854843717794
151.34265647586491
248.90323952618689
117.10975209205567
220.63628574220104
197.39949946261703
119.30009857260245
78.779900860401725
119.43679261345346
243.89802086868451
138.1003606195118
235.75863700344757
30.187048406823884
111.79696148238773
109.7651996540632
94.638487083514761
175.00407342581579
58.870500280743961
248.41323482753674
60.334049006757631
49.139164867017016
216.26462306673659
247.45475128669261
73.40350978224906
153.05159878748674
41.117833796200564
249.54795866826149
42.277134672681392
45.245080709013408
60.613811848808304
94.459550260016883
58.795071050831247
186.56912071847702
247.67928457305709
11.489539951323829
13.328742868764076
164.49768733254083
155.42135563904787
100.54121939121421
36.549219853040363
103.40759629935357
114.53168369058518
97.071107132429375
112.09593105990494
195.16683653524197
185.725167321675
177.66050685897414
175.82078260759207
77.763495954285929
244.86675518978222
116.02487658793405
76.384455861974047
3.1821274608853121
207.5249586902444
196.18066119276025
36.595164756623831
102.305468845183
150.07301255667963
47.061790023457689
162.38000433348421
43.53423867669791
217.72371574364365
127.53226022793845
162.97290487263913
36.141641533276164
128.31398633435757
176.96067664938684
103.30011397476875
180.08030050679858
134.02148492655417
176.89387260159404
219.68901824504255
111.29733650434657
247.58550045734825
243.70991089402827
163.12526056415925
25.608397283834528
230.23913277183959
97.264118526970904
164.76373215702625
18.149861412236273
111.45472020777621
57.643003887372181
223.55648361992237
27.63925934538943
45.793744703119152
2.6462216194857819
219.06457216079417
79.539692771314421
135.7348681387397
192.15458429576336
220.54058511063576
116.95722633188393
155.0011756285468
135.18702423391673
16.828084139973079
166.47791803657816
38.18743083639049
212.76241416797271
29.8878075925277
177.07620192728098
12.530022452589577
166.69534869051182
178.00710947060523
86.857193222776345
163.98605154451849
42.587876507423388
127.09319322299625
79.786820732136761
109.0553458233743
69.993797882529122
213.94824874203411
152.36005386910244
104.68344007207629
84.952162294179814
83.114118774657726
109.18497280743431
220.11430887308768
240.87077984962619
61.030893448175433
107.06240621441729
222.58209771831213
41.743174754110456
26.135538481897704
60.596201859653014
235.23417541174823
70.282276140682114
137.065845718242
117.54741014878888
42.525430485879198
56.811778735285827
83.408522620938854
130.04979187535062
63.649723374898159
231.78275447603224
1.862799866905553
160.80638148832836
198.31438725782738
76.305754142748924
201.89971138370865
171.15636465323539
107.86176466552661
26.754055050961597
122.67068672280725
