164.57984755673797 91.981865394009318 75.943246000914712 15.968146946015962 5.4803605164431364 57.452822431582192 196.72811153756035 76.914036203360098 202.20848762345489 154.18126988398274
24.550484333405112 25.161756193612447 19.199466712482035 114.62408031256133 249.18250728795627 86.762880313922238 152.62479579028656 52.768830769328666 184.14219087508391 116.53580418931014
67.788599782081974 23.488729179922338 154.14815587060141 13.366093984643529 249.77466254676361 39.216942307539796 175.01864881206359 165.69526852222128 151.63628793192007 245.31157359846026
124.82668708909246 231.73656966946399 71.301853692340259 151.78206758960621 127.3462103466195 5.1467784695759082 236.8903680081807 221.77888336736211 162.32453925040809 118.92983689312967
106.08130229649355 72.109406222992106 24.465241215978821 162.08931207716995 117.91643248908552 162.19123649081263 199.8742825438988 45.847174387969602 59.911307252048545 21.865395434352546
21.247613514451846 155.093961543647 25.924144953795651 7.0083290784975487 242.87193958994243 205.99868240261807 79.908445863022024 201.7094581978746 136.90844926719024 48.223825590083464
79.001778073526893 110.4602877396155 236.57758734669159 60.103338245914536 95.226528613420342 145.41811121708787 225.96375457430574 214.86359873699575 102.95256503500156 75.399661882735117
177.13579040573583 210.87817409688719 188.90544398243156 170.65340054757638 184.18645209452077 221.37101041302463 78.809456844931617 215.71816906617448 134.99871203145264 38.405216755830097
182.54105774558766 150.12230298857756 21.417239318709612 187.52798608886238 137.24876250969368 221.24868658703926 190.77215037559017 102.31880054484787 33.465672806926968 65.862358059738497
227.82656302984847 72.44950032877847 145.25979384141456 40.581506979034664 11.585630593723872 205.63112036782124 146.02509173510612 84.501007498934925 96.973607715141085 136.06531607361453
144.2566435950132 115.89928234050195 96.247401865356892 123.25978459762175 225.17663066858736 93.478131879866794 239.04901963403742 22.968762399170981 53.484911053700621 27.225164490632437
196.32178427120559 230.90779890863817 64.079549208332736 243.51056615822091 54.645125591413532 233.66993477444072 162.68799662187607 32.428535454354879 156.75326304366726 196.26795358292841
194.77031438192896 234.30490825467464 31.013179530010074 14.507181149804049 154.38823583288087 57.443824885066981 118.42854565409407 70.826899528067131 231.83015863130169 41.229685802193288
15.961848438927836 133.22124044366052 134.23919257014626 25.699285908014616 172.42299150862854 174.11711053079372 245.97164073352022 64.497338391135585 206.28567100548045 174.5640146637798
22.899567950138405 238.55884688948245 137.08183049161158 12.62683483140518 209.04240249325272 72.252741505716131 48.428092998204647 244.44967086985679 159.58122794092813 98.527306000243939
224.47991975422778 111.77361792579799 100.60367190011162 197.51468533432197 66.26251879243523 27.638488934226277 136.47684159802813 34.929647184089767 60.071012379791107 98.683343910978181
58.60262031378312 164.55780127083281 135.03225333971764 233.18957656218862 189.22915352316565 23.803538617035642 187.00272984406249 94.179567309096257 77.902563426284971 190.94490816184364
105.92880357707622 61.856191716780572 174.31063474061381 31.662477190096112 64.14545747239768 208.38682218247197 150.73256156006201 236.0108701855726 168.08696490422295 213.22763220643711
83.090841144707483 54.202786592308691 63.372486360282792 6.1576279062867778 40.153323433053238 93.712120941028772 164.05033191339538 30.175164209787535 9.8092679800807598 168.45902055914001
102.6887502148454 17.798107045738845 102.87523933302232 226.36381941641605 73.898680446008044 194.84023227697222 77.430982758432478 248.65629643217639 146.86635928559338 78.923846863214948
154.32012690578799 141.59422453559353 236.59040536250504 32.452367773757032 241.99764536852689 85.551261738125348 248.09007267183779 218.14149135309395 243.92541544712975 102.4466805551703
67.804760774899876 161.90651090551216 157.45095088610157 11.003899296622304 89.714167277739378 213.53953519010867 148.16128537313554 118.69022883304577 158.14740762094465 99.764273799898504
248.77157569229726 39.115515480161889 72.18331020066033 32.611200883742598 126.55471353767354 7.6636830610054387 141.03991782811966 86.115844945390918 112.64535517770298 156.2770553223092
14.36416981512334 96.473462082530048 107.33339064886729 107.18617363204756 42.989685074945996 186.08860417608324 250.07240877439855 9.0809617311044768 178.96200267557455 171.62895509851509
172.45947842867409 189.47169040288307 89.829548188147882 148.84897366320388 119.9299372649959 207.93749111599527 44.721726124652974 203.66811962590194 53.323191390178245 195.48357638564701
196.63781502910894 128.74572519693177 60.460497777752295 243.29427733858657 190.87809331368328 233.13279503042236 235.4197041016952 42.662664330039277 17.413401270924204 198.93585482145161
59.245376575903826 1.5417793740762187 18.218510529545412 197.16728025862565 248.08950260361334 229.75806425504877 7.4422551012333198 67.964513410156073 65.088861065733596 166.16419989943705
228.36301062244374 158.09383702406907 131.36143288115778 103.04048281264397 87.479482961057045 204.04182918632026 115.60567340330682 45.076627326497601 82.014179455543612 147.92130536995154
185.28016569095777 100.47007688466793 100.71860597433901 84.179428425406144 155.63959475950247 81.955866517244743 102.88909444315574 38.546121493023662 185.03886533151589 202.64215256648163
96.808466204060153 231.92499814528864 40.141324191057549 2.2942552667019722 206.85465952691476 225.89730756527791 246.84065931985435 126.58543969269451 55.626435286414463 206.88136819607291
85.915578491951067 202.14782195183759 112.85483852153689 50.568945841147475 32.581978362306401 49.420441842804905 29.707208492159612 118.84101846366679 108.81445856691408 5.1715395108820177
133.16520597968318 15.914025870010468 190.27773254112617 234.94320875615165 64.510876487451227 204.57819832430755 163.82563095262299 154.63982256326224 130.91762329993762 128.7258310194911
192.29255142537011 4.8195402902432534 1.2614929376765787 216.17246033445923 99.694292860888993 12.305512646063576 184.26001305925803 205.63083439702916 44.553061449700955 12.431580240455414
27.449360431512382 9.257113403220405 116.22201736224186 245.89974810749868 95.317894550943478 139.68964825706502 77.000970976409633 13.659730098209796 245.5499453471711 241.2468616671689
121.21961458328153 63.828016103564281 92.349360267755827 91.270108438617655 191.13065723806605 105.71171498377993 90.09284082804794 9.3660631372626622 103.67457245874215 72.885237330619276
185.24576803161727 246.30521765631121 91.949258422795182 32.690454714626703 107.51930178330183 95.420840266367705 167.07386291721843 121.62582175881391 148.96810819736689 191.89552210022936
132.99511398648409 195.54498190798805 168.02423725803482 191.72127621121567 117.03456200170885 63.593906940795655 7.1090585589968889 43.293395347599088 147.3503751419197 78.924944461792222
14.274871222749212 86.005409427531589 187.4320184355538 57.903217917157868 221.51799587952561 173.35888585882114 200.89243652879489 103.971983311497 159.23255570706434 165.52877238502748
233.91094190666485 203.65542772124667 30.525472906528417 81.65307475368985 108.20200086510262 220.95766455728901 102.40310451864997 190.48753517177119 22.460871398045814 181.46732711657015
62.541300870205788 116.55455686636654 30.285194210516377 32.620853793714829 107.00084805298093 203.60767948596276 207.01625269961443 113.65076528695882 90.272671808527804 110.5028357640925
127.42104324351877 80.965328833826263 209.29747863584589 249.15647095796075 177.48452152264608 108.22927022874097 126.35806003808139 31.183323520986569 85.644631820963639 25.999050489012344
118.36522225501787 113.75094566232987 227.23498672859989 35.075798933363139 170.57553427758714 151.2117718772449 106.62640173974856 110.79395379866764 222.31643129529812 95.214250279884936
174.45341372314277 88.5672579773248 94.048091132414768 225.08350730338529 197.25918837427449 127.25601935051323 190.16887856746885 219.70040133005892 245.79048405866888 213.1997399568491
149.40858578816187 176.39729253089411 218.74646445866298 29.420288892095176 21.645601557849623 179.47080312766954 8.7876450776086905 138.58780822911282 74.827809812477398 137.05653914866005
57.042239017946429 162.98282287347553 212.00175811047848 222.87843406600743 215.68784220429163 200.76882503529072 144.68775742980131 79.918834034178886 82.313477182176982 186.75782687323752
155.95197794514863 202.33425574801672 217.10420688986048 224.59203020413781 165.14749464671075 7.2555742276944999 52.411822251706752 248.19490625571387 212.30162785946908 86.668880106589455
17.712910708416974 47.990751829396366 122.18628796671243 218.86738116026075 127.04520227574514 192.96100084676596 21.446137568970386 179.56652381613156 243.9231242515886 235.28134687297057
108.1920624488711 122.56122641258794 161.81888056328197 220.06110745232868 200.69725541453386 187.92926248929012 206.35940077153262 200.69898862681953 151.19651236889078 88.012623433457051
140.3789236022555 96.073811233156235 87.783573311454589 107.93929480637983 198.23726619583388 8.9527946805808618 97.04008245812372 161.21050174009559 179.04902665873527 110.98186067873257
4.3792742547178021 24.097662754957099 182.11948365516665 79.167221471283341 195.73021133385708 148.89725797271305 86.146973156471233 194.06073137526309 58.257327361684361 243.06921071021563
95.254377022170942 192.01485177057583 151.52619324735713 111.43079855374201 249.24761988265527 147.24807756911784 80.312200439274378 1.496988996219234 42.685557350478561 113.93037952201344
11.94390551716422 183.21572325121051 163.46741707612719 145.98260784634687 222.00687698142966 230.02170797384403 100.15315132075288 208.23962929233815 168.40862130819431 50.535388791458878
112.43044543789095 109.26305731560608 238.79901554954142 11.970182592627259 142.14676168399649 120.56274569436819 97.669583396961144 42.607017685886689 146.28114906965138 58.026962827128479
148.54292928262575 235.45322603824474 132.35210921167706 36.373459695936226 138.62961728330816 59.297600870562512 170.36011142746688 78.637433538455639 147.71856363410188 71.885494781424526
165.40824095183714 90.133286357884202 96.355144893489324 97.674130933520118 146.78548814484478 67.997932474935382 33.487133788867709 106.6204630571717 226.13499776636203 9.1925647567758197
209.16547372095576 109.09322697623412 206.1423404389021 153.63894582019742 118.16123662291571 212.37772791940196 61.301731531877252 169.89753801120028 77.603041365595629 244.6589354742863
21.383871624227726 43.781283762475105 231.61039698276744 249.55435833261706 96.324324542910247 33.722752597466084 228.44286061430421 162.87107952541729 171.56423480275961 104.04501668131823
148.05794600899424 183.24920600029137 203.85854167319187 218.30204230759679 210.32951235801193 90.067124615244012 169.52040459765439 91.029463928381645 166.61364367004015 192.6034676623884
134.4508767094504 132.31550790796052 182.0779663789765 33.620114664410785 47.384667150061496 73.510323314576922 220.03974937441774 33.70386549733923 31.647264644240074 195.75206645459207
106.78761725981097 159.13761568058388 119.40025233091437 149.92600892451043 10.25403549869827 109.82511373067786 140.45284894575198 122.58445553454544 16.273873236465526 38.730920497590624
160.9581436352936 47.208620463115771 88.379580858720445 143.93139057834517 232.53365368936861 243.46873281624738 152.65687174822224 129.67924674247371 37.359002563626248 243.70374882184393
204.69519740950332 136.91136785560286 48.022663407426876 43.213519805128094 164.50359149713202 135.55102962969485 233.22513680424285 154.01031369912022 208.31316073453368 196.07753342181499
59.476484664767 57.013696145998509 36.357576444848668 149.62297765983902 228.80237758012134 83.047930633479879 191.46417047244668 225.801581474382 31.689296779679104 134.6115205067708
80.031722903558574 56.172409554326691 78.816750430194276 180.32228997234768 95.563185843134491 185.60011091995378 175.4761233076851 225.6731085395115 63.438812174266879 199.62738070690779
39.151664162445599 175.06451200590874 118.45314776941241 184.8754948932353 17.696982224450021 67.856721915880769 152.88184266032403 201.42194670697415 49.421680889621094 208.53479768676149
0.087548519482024828 4.6633098648471361 118.88606051949789 193.90085819844737 50.704434924886911 74.805805021961532 60.853168727214147 41.965700432720134 242.73793934530994 32.234493325352325
148.17377820557689 42.005464127682622 44.82388397298277 28.599907408931294 211.00344614961463 188.5531556538443 21.114079494520666 133.80933833730646 221.42506638376818 234.60487499902391
94.762626473588611 108.50422687423787 104.75953087561697 88.085081526803378 42.791205698526724 142.32131712071521 206.74287688573847 58.309670253158572 243.30858361691259 115.17207052789368
37.900965981288351 243.83104288791259 0.19358564336664497 153.9534704770243 147.40621078652362 44.670398939483064 179.51790655927778 9.1696400558250009 175.23526745914796 36.943351170911896
173.79684325537198 217.08850857089374 44.36696425387278 195.86137589756268 117.83986277515363 159.05636149965625 83.687428312603828 193.97284546837361 203.38486611676268 178.97275199257172
202.43433812305267 172.41116010167019 16.007633353905824 231.00755035921617 55.590670733561041 76.054585848607928 55.159426812329727 149.5105952800084 81.770174255836167 176.02101516859341
86.557977767388564 26.570930723533568 30.205429120887651 142.79090455107425 128.52402874402514 120.35372888395911 54.653608578275851 178.5043814032741 4.0535600273773458 8.7632194781159907
137.1158747824748 245.79749309301417 136.62535981656885 41.77983677298635 28.512424729447066 20.382159356252121 116.48845233749346 107.1896416019347 192.87375297884293 187.10499316773783
2.3338847076832372 63.859488619622496 218.51783216648494 236.64859153323962 215.99449098252103 77.376110920796734 21.053713015742641 41.458369157050214 238.75884750264117 131.23261677445294
222.27330428394202 232.91572164422354 172.92284586467071 198.13688954381217 211.45312225236788 67.211097439078571 191.06263400886019 44.769724909858553 216.30231101285997 107.41254178809719
194.68421744341151 84.909519809630808 134.80199632341845 210.79093619302276 156.42575485752425 56.1665081022837 248.10046688320568 233.81836476752753 47.071832378811756 142.74011607229383
14.109143081120999 122.55241509568411 37.512068383638592 83.750059297955715 146.32972437386979 178.78238294792973 31.697580403359112 23.017614063817092 10.468167186717791 140.1225950019095
6.3515794089573179 113.10763943835704 79.59128865535989 201.85328997570213 66.546840960596853 103.31083049089256 57.406899577016631 187.87350237452682 158.51551156000184 86.78015228452476
40.127848982957325 94.894389916896174 84.526358599712452 66.101389425858713 46.513175577546846 222.43325809435373 15.960027964029637 20.27014959673641 127.88280735531276 28.538177318554638
65.266938513669643 60.60285652551066 124.14128915971946 119.60670694804259 46.137479504763256 220.1823814127201 197.4505171966488 187.44064489121445 213.73980781911234 200.27162500971605
63.097990497481526 157.66712699184637 195.36675530429693 87.618945245636908 90.528704305766894 18.476023270913938 195.10012197493191 113.53469707442029 246.50580842362788 134.59584113025707
69.631861455050426 25.046424390806784 62.717271823289487 8.4921350591041094 45.042237480411977 4.31276177397765 161.98460500912762 128.31606660918771 128.62650958679532 190.98541464127575
212.41871578194304 95.352318202411908 249.27824276132091 72.765133024769057 99.338694041575252 69.029893497900829 209.01833285158705 19.184832302769333 26.032178268008018 190.13287099615144
191.64506070696956 50.315823183177521 231.82234513018702 22.703928567724862 104.04096489577587 202.37200716686556 86.224836471542844 207.7715334289685 107.39340830003798 28.560904091572009
124.44959323192263 51.641279055664953 14.378090727464908 60.44599195980431 49.518329010014476 67.053378372278743 117.53978572782309 170.13129816407147 78.214013082427172 83.754579392678579
143.81018438541864 184.8758043896203 168.63360267669213 160.67797462854907 160.83118777164265 184.38587652455135 199.14326510920034 10.596827209167891 15.606261107439799 177.78317521737424
209.61346572760513 244.21671585388395 66.490906141272106 50.122132522565089 206.15255253015451 29.278229418758656 206.68694151287667 27.847874123775032 5.0484255314445079 225.68956903350039
162.22917329518336 247.54078733787171 218.06794062273295 114.72576394892756 108.31445329155621 98.232000649281275 114.906098618429 91.144419375993408 228.75629272076998 25.160093327616206
222.99157726416328 167.43050998239613 159.55180535016237 91.063314314009261 60.846028888915946 81.922200259679769 113.16195452041089 111.42978675803791 55.589334033239602 50.576441482291131
160.60636118996942 44.776229650049139 63.125080230836083 201.80660438162391 69.982816516183192 81.126103806580986 182.2363723615789 129.02195970059822 96.541629723093038 70.464349305044905
194.11781140144549 126.36396967473141 56.240833916561414 62.300503306573859 110.79234351143641 40.908219394672884 223.33505316766716 164.62793978238673 60.473650011793957 77.140470385040274
35.464369961368632 69.310173963527902 41.103252187419301 106.05861294991804 25.193916460398466 237.37596555516342 89.669035432001138 174.65504290871942 108.13703956125269 52.98110186208779
62.453661702077056 71.474963215579777 44.206135387582748 125.68506796922584 173.7322037982095 78.543468681769255 145.43973525416214 209.53231485072362 94.755862551071715 238.86076997806944
177.61360424637837 71.196891433194963 106.05797237584012 106.347997657843 92.7745457216989 107.28818485799313 51.089677709921254 89.786660597970027 231.87228415947814 207.6589435863944
98.203002800223572 109.68740852696091 49.221057081985094 250.02999641275693 14.240767680731958 239.82185698643443 91.730782888248669 29.855870966468412 80.160459260874475 13.078495222334018
132.06439218892635 116.10829155660755 80.865765831361216 236.3650993077766 9.3704667020291605 211.33804630511418 97.189873952260271 15.295101547079565 134.5105329036972 229.97914980916579
58.90386356075124 23.135948628907869 34.741163629984349 136.4653770805769 225.40068897100974 162.56494100785261 127.52829563701859 23.736528673520173 74.603131561270899 9.3486582475724269
129.4089308553167 223.44279421472029 199.26631579159522 186.96954152188724 185.86925485234528 188.87179736869058 30.090391817583857 103.37986509814277 136.28041813676023 70.548730328541524
158.89844910584094 168.25977739923405 231.76883844589207 93.246949141344629 18.08553811958209 94.487066934630633 241.54179665220815 242.03052695085174 33.43170529333446 109.35517480534538
247.53524566233628 145.45123078080451 82.302480493605785 163.63961601306667 67.526116242627154 130.53680872696739 14.836301385191577 124.57851408324456 152.60120959570514 236.99238107977163
100.19377766363759 57.282765767072739 106.83576836763902 77.657675143582452 129.92993373331916 240.22395467840471 187.37026208498835 194.74410427900648 2.893807417265315 100.68338865042344
208.90443458307016 244.01373713878164 27.657836184691153 189.50335561206637 63.342740172611279 13.036497972929505 1.0152296789116666 85.648017188609359 230.36029441486002 9.5599004252165205
78.032884223970328 5.2020359364936377 220.69962028872115 229.83084997130581 204.22319176200759 142.25757519071794 49.399630205721536 192.0190248416755 25.743854364259978 101.03000400011452
165.51699023910061 113.08078763531633 201.89018790739081 31.673797712003196 204.44147572631593 82.008283548903506 205.82615358690222 234.09786778677841 112.86214103817714 13.774426176504495
218.71115352787677 4.9122153955073378 68.105964053975868 231.88514401317704 88.271881185849608 215.08780134316703 92.649746849744261 34.016086214961398 151.80121269602492 8.8405378516263973
177.29410477270486 17.29946017549273 31.895145184531668 109.19072238387457 206.40652875750726 35.324461338205673 150.60848031089333 61.661200010049782 241.7406364953448 40.022665050630941
130.03247618644048 213.7903940597111 99.956482249728083 64.16590966419362 41.88522127361162 234.28447409574349 235.71958708799301 175.15868105429942 167.01077436694462 103.14015864934524
94.351686978309317 74.38174884125246 41.02731618601257 214.33757284539985 80.787609982025771 98.191326105738867 17.281092437015129 202.94529954911471 216.90287473251715 234.03432289598737
90.965416197697195 96.706937809339493 84.329813183284315 170.0103693079258 170.9224734378906 10.412160002207331 94.003623564605306 76.732730691315822 86.097241952239543 143.43098694604927
223.45944937990961 96.811700224409037 247.93139159517682 83.999842422249543 113.92836675134458 241.67771209493696 31.298947726233912 39.334520989499509 185.29021542648445 156.21817174943288
71.053707700287617 153.09530345800349 75.279221413272367 33.814898088452743 54.473655607827737 232.18272481723886 186.13879300260305 44.659382214401077 89.353026072808987 201.58131077384184
106.80924692665832 240.49565828813761 138.68057553480344 103.36995816031803 37.782424308821604 174.60868132730079 36.428452095326847 214.28544229301298 110.08419863716067 26.223460353532023
7.4692985989584963 216.73976915098658 179.80033759564137 112.48037219931604 111.89549044787239 172.51800364166274 40.366599850803169 135.41918568624675 88.510542586570409 97.442436369838333
184.32092689348156 118.93205100880726 110.92090576621015 223.04136331012916 115.01181546216995 90.147198394697853 54.470742942211672 78.222848187948401 41.481647880610389 65.141097917792621
85.599630770172382 154.64557715897146 72.901173621885306 141.02063066971959 38.178521026787479 153.66900289544134 5.486717519716132 3.2356195036703213 54.25306941664612 162.92548080560138
51.124505856315984 237.87810559458376 91.672114700721735 133.65508439835835 141.92155145147407 67.092200696165833 142.6538222656738 14.730231464368053 162.43529063678133 16.515804332557686
145.53932672248479 205.82348556923637 133.08935218067813 172.08478016554054 71.963887429709331 64.952126793361799 174.41304298770086 72.096942687436268 50.315305453565927 11.217385620906706
200.03680182846867 2.7990720827250444 108.11344242379778 181.82782015815536 26.452098176467789 151.81988360760272 238.3260347566933 207.52084962270757 68.584911120330332 26.435124791411525
242.70909321857849 35.267210486291681 42.401924836861212 60.171470579371764 157.94226229620475 61.063439189390763 169.28649252097964 94.913930954993219 100.73498568196275 173.01458029719245
169.79582676936818 170.01637213033163 163.76510088879022 24.250659259004586 178.81826841679452 119.04011240723715 111.15338589328617 68.433543511913811 109.79502181655339 171.99953981829242
96.441794551013402 161.11497529428539 79.28230065120087 155.39066331589177 157.51643139114356 24.902913968832063 206.22892531496743 152.79319411838586 55.124864435936452 248.57306037144608
130.59982761642991 27.825670581993876 94.120217251908741 170.22120397213743 80.615522609818981 88.137639710961523 61.884712453138299 75.982901823414622 46.667583172534599 81.868672997015096
37.814591213915122 163.62956405429151 152.43535853677292 194.62927164211084 234.13016258243138 162.85502072435466 165.75151560196201 159.61227367876759 32.700617844331362 78.28803223009507
10.300595509497489 177.70685767279073 204.48356913823184 184.46071775134135 201.13326813679851 246.67335458946545 226.78114539104823 205.84473530118618 149.57407272882841 214.03385456302664
42.834808790073694 246.24834933671477 138.99849800173683 3.3016944063300686 60.981608898386582 164.01671853778311 114.96374687129453 179.47215011170215 94.924602141738561 248.27210200149031
133.34165757891881 89.203039280131861 105.41869892993479 40.020890129756324 213.66904504039309 196.247856591974 61.51659248172686 85.255476104808452 122.61413331425592 5.3547435255173177
51.054983002681922 86.35478927716629 220.04548650624736 91.698613815326524 69.71358008295266 90.45118011662943 178.22694929673645 44.599637086605846 9.056578930077368 5.6839934823066205
200.62160054848567 64.637438018789638 117.11764022116463 135.60570924602843 213.836918636094 3.7828351689645019 228.74726718882533 188.34691405811216 49.325430021228442 43.974506342374255
236.05199297567904 96.871501119261254 171.53952053334586 212.96603368163952 162.43488813299854 117.13488503057989 94.917472000762032 188.50540915601118 59.773042954996235 39.177129066894416
149.18781031917649 224.35362451532785 169.83040946537602 71.393652427310542 148.56342067735966 208.6086969225704 204.37789947647886 51.798027917665152 170.53851765278262 78.861586304498118
40.84492194058631 182.16509815800717 105.11674345106792 206.04113582002591 148.51273448825353 195.70559731463356 35.141413740949474 160.98998652946193 89.847662847348602 146.06664500967148
66.174325945146379 12.012608289709782 164.46395297530503 47.31079252893538 2.1811585397935445 122.55562027979995 109.9368209234979 176.48802772621963 100.3448396108386 216.22344374303245
95.695200318523305 138.04882738313231 239.0917834853739 197.75947824948227 181.12143665207424 122.7644627299597 177.57597062631118 221.76519323383124 136.13283763767186 17.193760970144123
108.14912876680226 10.347307265633859 114.03905653573649 30.435026117304403 35.901870207811982 81.677443119174256 37.171300891893594 245.69537136947443 216.7114598483742 149.13835544887303
234.81117754687739 192.46586553873291 49.684228294624084 2.2874327539389285 87.339186243236398 67.905571760333146 192.1113005124661 31.376721290139535 5.7462038652264349 191.93527511811138
26.813367871327468 121.84919664805115 116.21478214581114 112.5695924503096 182.32781384844992 233.05309644190476 136.41914542431996 151.02590563578556 128.35460901997035 58.221440478805022
61.895262910613305 156.39171182766034 94.924150653221332 22.588500666196477 35.288925812301116 224.58927107187787 32.808040004575709 229.66281719373163 91.20004238078721 38.599380357011967
63.601364305151748 67.139780670801443 249.89751647969072 103.34471067171626 249.7203340746544 48.137667599844185 167.50594530850697 248.07368162204412 186.38125548306141 166.88632271674214
10.000412529401492 23.188910248480724 220.25078870274814 221.03882733076975 192.6005470576215 175.17859209161136 93.570726790322368 59.583674324480072 83.185049467949923 169.22871285682331
116.04841155134308 13.885853812301907 209.75013699428416 4.9372391241573448 118.7726331591922 154.61400242307207 38.235631654884848 126.48460617096521 167.53640442404651 41.596123236220677
187.41576545523688 201.92531788251839 14.091542877026919 139.36167316901907 168.63092236644786 144.57835428091641 226.98793113608161 107.13849642595035 201.80213706619759 104.93774475138532
191.96081557892325 245.15100503526739 242.3155960060642 170.295464298702 203.84827375208769 144.75703634908487 135.62339819246472 189.90019752822769 24.581438826229466 112.41727147947068
72.320746928237597 164.64581734737069 47.906286259396566 217.40040940310922 42.844601903735779 131.58703447450105 130.59845988636675 58.564297047737426 147.19062150463645 86.593724738868659
246.63226864820061 63.96012364965474 1.3300635465223865 118.58273598840323 26.330795443387633 100.28115815274317 230.31629306407143 141.827722316387 179.23895584587362 248.73150327000874
157.64017450289995 175.81734181311353 138.80540511493285 80.591475618665982 66.32164183682373 33.887874055688449 65.361730482836066 233.1994542609381 120.30304923990109 205.09863865159406
129.19863873593602 74.056222131685786 224.17217427038531 241.98014586410744 209.31150187212091 200.27671526898078 237.58737910950626 58.524910704371955 131.87370077314503 30.169197136432881
120.67899753845272 219.97569565930323 115.6072526885042 79.195411241887754 86.906586599428479 43.536152836206909 113.49590293997198 143.30079444237785 104.28758802426562 53.553128733070956
218.96765249743771 150.86611938845127 59.749026967024371 205.78029919874618 45.049612710302569 68.855162914481525 220.41097768182658 175.79963934341342 248.41710792057293 5.2408290993802122
239.48608559444358 228.38160452238296 175.91636835462998 43.670000967636334 94.823415715085716 146.13186522161126 206.04687129553955 59.790358362161072 173.1355189641595 34.893058018021812
8.2279557229117337 215.22122960140115 101.62728602208315 14.752738253366095 173.20673047344977 139.70016502305137 111.07854185696992 186.41827826032431 31.879792959318017 54.215376822266357
103.54283147954027 245.84257588639727 205.36988568764855 116.86413113295981 186.86257057231455 220.60853928790226 117.30838656898047 64.881544774908903 195.67232110728736 164.58741932780563
122.58860532298932 119.46310859819002 225.52098428116582 80.637906505503395 92.492063890193165 97.981072686593478 98.279796434322819 238.93765179804711 199.07583780609866 187.99366868397658
229.25664542621789 194.785826694272 83.819142826362835 121.82458326588298 71.031982507173481 98.243392697234128 190.43120881617 178.22851071139823 157.0270368686104 202.18041899776222
236.75120089866795 91.76978362301351 19.214026130899104 36.717045193865275 95.029279380947614 174.6033712491745 78.912730309908994 138.02951697334504 93.59009410597389 69.081721136421322
98.231346057160749 178.35547566425825 236.17280427418251 142.9296556978901 44.718781377756834 92.401383898131471 180.71878348764653 38.190779228024233 65.182186325357904 137.3055470675485
239.55584759160831 214.70667626607712 112.40647413636822 133.56722149876387 208.64054201350734 147.10841644611432 73.849030800340344 189.1545570505946 27.241593394393952 49.276784785079897
95.700052326223897 7.7371449121032496 233.40336064416928 61.344713008741145 163.15129123143598 49.35232442693686 184.12735959905359 97.939447046754822 40.96279902159587 201.73039016751494
245.61517419297442 3.5427482937405883 6.7707809252658535 226.55624122284382 160.7427005380608 242.74564009741135 204.52999764261392 236.96753163026369 240.35740996590985 147.17554399839852
51.17983425139137 137.71709195345443 118.74583997221157 2.4269553134922313 30.391543639073831 179.41298848550031 107.75757121068312 151.97296910435557 68.064656817585416 235.79378422426231
25.941565126530712 198.31760300427129 131.77506029252976 239.13312881333016 213.24315017164542 101.8224469291107 226.7215922987196 180.00600745195931 155.49602973897021 192.46879567623128
120.05501744982409 93.588262224728027 147.86302561164433 88.716756173973408 54.22140938309731 35.210530789895998 180.18489596508402 249.98641981504892 141.32895984222901 233.58751718421962
154.92276194821483 112.08732069007436 32.794023124726145 83.249590511205454 155.14162385785272 225.27038665934879 161.63297739645617 232.75834519721326 236.97300772113391 46.993179735650777
43.783384146892011 28.596877247217801 30.53502559838229 218.10277695417079 224.72695089674164 102.17095116811153 68.392551417251369 199.09959762323783 74.007964591784699 92.338517691229427
55.582300613496649 180.36022022623018 156.38630631975738 78.197418074796587 122.59155811405218 94.117345421126302 169.40358727882278 40.008271839489474 96.209924418860325 145.64616668159482
74.036836810675894 227.68748123686422 173.22869429020614 233.92659007478741 136.3750762148384 146.15803764236784 9.9005090254979766 75.29299725107542 162.67938302516285 218.88892277500403
69.26597541934089 94.710228555700596 50.328107909291617 154.98745738885529 59.5469697758165 201.24410240747284 47.091361176032734 64.394231447493269 92.686138347668305 83.714999593209512
110.04007690905389 77.896321566399877 19.143634016079723 204.41777598123701 28.358176904004505 171.20303365541781 192.61142318184042 58.595542798079755 57.822536799731054 91.452580897858923
217.75081850307294 47.515266380566402 159.98584975453389 243.90551133659869 63.401073236895783 219.26826305824378 222.30172220421588 131.95544177187998 145.69446542084594 209.98748112102439
152.02743103091038 2.8792225276445094 140.40624958915413 7.0763625202431681 46.482722865246309 187.55087280208465 68.441359701661057 206.31019139688436 198.88727629459316 191.27313216117437
80.260737194950124 45.726546303999122 109.27074850075751 83.24798346877634 152.8297623625526 160.81636452790622 147.44018365451697 208.49950722042291 198.12114295087332 177.74756506071975
21.360004845432307 96.448628808047232 73.885282222388724 249.92163274248472 20.515380795930277 40.474475611158702 226.33836657593608 113.92105746476648 194.16675279263521 23.699917427034293
86.423613511570338 138.52702715094063 29.755840750608701 105.89553255669999 68.369513147639026 73.103700091791438 59.936723285400603 105.7379658718549 134.75446156829611 235.02636789148215
4.0461163255509192 186.30403712829749 227.87988557480676 92.372618235840406 89.585369450074793 88.343875936680377 118.69061626463785 83.51414942935186 171.29061303891055 85.526108658303414
90.728221117944415 85.808601456454767 149.20018449739368 151.56754030200972 245.74366596860906 101.92808913701653 148.93756621964013 57.935859929133706 192.65470704469823 108.19391314546557
229.12442842168474 6.5790974909993452 75.731565661916449 96.498726179172294 234.87755485651024 17.997073118020964 236.11024592242441 28.008710833432939 19.598498640269959 221.06309554237896
26.92537032408795 171.95581724029071 180.44714589652315 34.292836725030043 172.59417905001067 155.06959198422621 45.641744140123159 118.36240837691102 55.368579140377541 123.37877461427568
173.95667822088151 71.643106425144637 72.165583255264607 180.43962269718963 37.326961663686802 234.73468705946394 128.25711399490908 165.14908050488359 240.49920007701328 9.4546086232396682
139.75358584548144 223.8140843854728 59.527142445390645 219.41238774524149 4.0778345924768287 214.33632536809415 248.43688358028703 156.22520512506765 181.39055172621067 134.92023876287314
18.039876816669334 160.71198170951649 89.871022335071373 99.01226063425085 75.762168852562297 109.82406685088284 8.7024141493852287 49.251470180062078 216.07831722888881 219.90026764141277
196.02352189076956 244.34932856654936 148.8592055062941 51.758087717510129 19.352134418242528 247.61812604301451 7.1280810745992076 233.76348204491441 57.925841571972796 65.595598524604185
178.68114939436364 246.23955404467537 235.5884409147487 207.23222384117386 93.882198437795765 110.81797659704469 206.5550588868737 247.36585090851949 144.81845519803448 247.74405404789445
170.22391713415982 177.84483169805316 47.852842352467121 212.02167013103892 42.258673375843337 33.0702598268335 212.71969028269785 190.39992846841119 110.18957791870699 192.33104466910453
30.936020234974698 5.4571476987122063 11.847965190830989 178.90678774010527 162.19610081193812 167.58860653342748 237.21218564408122 196.75346346872752 23.657334671479052 122.06962666582406
213.0242009264802 63.908034232723637 104.07256763972268 151.66242936429182 23.243673868961572 194.98570248685499 239.04358053692343 63.356040083902293 24.464579856331557 195.50074312578897
182.14759252098438 2.673929129568803 8.0245004694062647 121.67417376608329 79.9962266897913 79.024139018674759 166.6525255462424 147.18321599510642 100.38030852297641 128.52651002647809
203.32758402994378 231.55463084016881 210.87320780470287 122.67727952834656 177.28055078301017 173.24730680524755 91.708948214826009 137.16094253932656 34.484302555300061 219.06310913754859
200.81048147466083 149.92520153897786 159.45833882995663 21.1877421200657 174.09313023032843 102.71404649863764 62.211209946893931 36.471154402493724 111.90053142790615 68.922264602269919
237.72672569818894 26.371172315430581 152.06120052826961 1.2773657377069925 227.68718806997438 115.98704389763601 185.53220246269268 155.98475231286537 221.53977211512657 81.430326997939744
175.19775897930535 246.27731118742832 181.33624296573461 135.9402678745997 5.7496549475153245 81.248981924980583 230.97037986469377 82.51178545789017 168.52608096609882 170.00393842116029
53.346996485662615 57.763174671293982 1.7377073420150158 224.30456081624109 235.53888417455434 185.68503533894707 179.21557843472505 130.39063473873992 96.402611293775379 54.916269389156959
118.83884928206697 42.33645773437955 99.741908830237023 230.64986225013061 222.14714966914926 189.02289766957648 46.865741019906906 176.9564300157507 153.40546284678379 19.617442387396515
170.42809289388194 205.93539469236276 6.0793615502859355 133.88791918615416 165.46782005297564 222.52412712901321 116.87780025019042 37.188863443900985 135.75683954573199 215.64389645038943
173.99833623339097 54.762143009922013 46.37025095343558 150.35294929562824 89.035416798633236 43.94446594753196 198.7980865556936 76.168737383492967 46.274356827653449 214.19334251018478
222.80257100686225 245.45980070568211 33.724395638308351 125.80954789485388 221.6489111238993 12.925844883196046 73.480606642845984 172.35796118554052 125.31634785562703 93.581811672798594
221.07359139199863 139.5834720526384 150.6925011424907 173.72950730696152 86.874565028605005 121.03204430970554 28.320895100006716 102.41103757906187 146.72636362903 245.75282328581525
100.88925691104026 228.51394345019213 182.5746863818531 129.10770865211433 75.531459774645882 22.291731269654317 107.51085196134123 169.32100832922467 50.111087480111379 204.18853490738849
163.28961877941663 218.65265506722369 139.75813689621341 50.841672954888871 233.50452439601418 68.394791755082736 141.64215891418641 102.22853313020241 114.84511606504812 73.163132278250743
1.0155435129112629 22.220640554556365 156.23139667593534 53.97830125105417 142.463595274433 211.4832727548708 59.060760437663966 229.70348241263008 24.802426165376328 113.23502375591895
54.051110100050984 144.10034747473881 135.80729398403949 43.137274799678465 183.33885939137048 174.83296388059733 25.153328433109223 243.78666241000232 182.91486027700333 170.8392052118802
242.11504804464673 7.6574697635988187 118.21761896952218 224.39748584065561 218.26936984589122 0.58935187512058584 62.676901300206652 37.899389525401247 65.980395720802278 7.4836845829205156
198.79868209552563 38.245213025903723 26.644006041975913 225.11138484511255 161.47684738818901 211.95553943679565 246.61074533814664 96.989854386553475 22.306285136387295 226.47381183392179
99.447068006381258 184.01158065477364 158.72352857930156 222.13607503040862 231.03631253399047 197.21351038596239 218.74256420002163 88.970102459369841 163.24894573000063 226.19181190395057
203.06098719285546 54.409377825841815 70.347004904196453 247.38066619727684 107.77895804499434 203.36582109685406 171.55324173275116 24.451308390406325 51.975480994255037 187.76332015583506
236.20136070087898 139.65830012617042 35.571702344609008 84.032086543887345 170.08386835244355 81.177663524653397 73.15307991582111 84.935482539243893 53.617846344105786 147.26194209311433
209.72793711150959 122.48161398382724 130.8232654757964 36.65850841989883 127.0827902002144 190.28246101096337 35.644529000810039 117.45977796181934 0.19525758883188749 116.97457372163629
195.77708625339378 132.11006783270642 121.71484753324364 167.45182118280604 185.85259225032928 249.86937373923345 103.80579484772986 20.028305756114413 118.81851730500979 112.65405682214174
249.62033923326453 16.598882033715135 13.752530180225635 201.86244733463664 97.809108724428071 88.995207739450038 147.45316233704406 164.70610483331799 176.5280960608342 191.69442642483304
51.046980096246635 188.41225065606349 72.476714676778968 142.8642595408993 122.11334348145657 235.46601414697159 179.27047894747889 206.16929048874772 24.154384549796045 90.390819871230278
158.00833784141841 223.8896734602022 126.54759578150761 132.24863649690286 142.43189841172742 198.32345584976036 122.27058015683106 53.044178513160858 80.941805301038471 153.32717216117192
102.47461144902694 86.170648016173644 128.17792596114569 69.836654621633258 48.861916031449887 201.20303716949053 51.448087303343172 104.44183544580284 206.3370919355346 197.60178571172145
217.06543523428473 54.438561638307966 12.624012696430871 147.79050898652187 10.540029093830382 5.734333088792944 162.62570136402525 97.671393627313421 104.8480216373127 236.73321089713474
209.71825945769811 76.947424479631835 227.41328037941852 34.501114692905944 223.69307187921828 177.16831363833734 142.60100089650746 174.72484929744971 53.902282582373189 185.77360505828966
108.36252604426292 179.88591799716548 21.270469055818651 202.3577632363311 15.274109984341765 126.23713817912136 169.14106849017213 168.75872055148176 231.51695724207718 219.28654542105249
107.25863824955539 87.650093807441564 10.186003075317592 43.595247991144355 110.8176837105231 246.53560371131459 135.85695594627595 135.91748453531116 16.86861617258959 8.5190009568285383
77.841564689880002 21.395039891469747 169.32680750454287 21.23557183236203 90.288632851312656 141.16111382539796 82.395353096110384 34.499973541767581 89.925320585339094 86.540781721612959
134.49108745936786 223.30749060218247 82.773383732912677 52.382599488862454 4.2397811247064672 76.979777774966664 30.977982496571073 215.61760023272876 185.23857769140491 166.39254879922132
134.15020819405336 77.015877819745654 37.624871321123784 238.72537665413324 144.37406033295633 61.461940301684493 55.71162782304777 110.41027587605925 99.275259830122039 64.843615129782549
42.666426269043377 102.93747479632889 11.502460828846893 99.00981747978426 140.5512650177827 111.71918523124535 150.73398733351638 67.74754920549195 7.7648373769109211 63.685858836461016
72.620473834464661 12.86271613987582 218.75145722407183 74.152238453193945 78.451165267799027 39.410094726416339 250.09515568700525 243.74237031476946 102.425865758727 127.14949574051774
103.5847117372888 67.907218680577898 149.54580261748944 196.45292894387629 189.09252524515446 73.556582908534864 7.1829833394005362 131.44401263575909 196.44105353636971 136.97415918111355
119.8711146103968 44.021072809807194 179.51752804716799 190.97373740137047 40.369421087415986 121.11480510726207 173.62466951076451 29.140067583951129 246.40856818900448 30.979749451064887
76.773046579434862 120.10997411347874 99.864850799791085 102.17148796553437 110.31828571076761 99.673726990057702 31.485872608268668 121.34331432796689 106.74077017727494 242.86430587537839
168.98326735219968 136.76453167327244 140.89795748692526 106.51322311231601 246.7652071960384 40.549925047741226 71.392562827633085 76.010025292943354 245.37143829977003 60.304496381566317
172.30627256020929 16.21486614785799 148.65621289280531 9.3295664636217186 125.62845585323619 8.351551262227634 147.73964394462479 185.56323342348574 121.02606541654339 49.402688330720984
244.71390393878477 139.1012215249186 56.450332846205626 68.071827098920437 175.0098194039189 212.5144495977209 17.567918428521217 93.001704953689284 115.18988424960426 160.6871487746111
106.08627103084471 145.56961431527148 210.40714038092418 39.080687237154898 40.837882820621552 146.98120898291475 218.70622338709268 45.064828935578433 224.37275367158128 16.173900622286389
51.986948578979487 133.73182672332672 30.630794157813966 54.464798681812681 52.679798310328849 38.007747358043339 104.13438437224406 177.80089588281686 25.862939370969052 158.72261104819179
42.514649423521995 20.608222393378195 160.16927199897987 81.976165101798316 50.379947065210956 50.657103688429814 231.82924672241072 163.20059356123281 224.93789108648065 214.58275984954378
10.500947859448631 130.57407166845269 103.22182889361281 3.8669335537397465 142.17952226305636 24.030272936661561 112.84632284307504 232.90717194617204 73.763297342927913 21.40974298362822
175.78803144267823 247.33174077215102 23.238575654666683 174.82444092043903 90.357594102398153 179.67098816312046 205.55239818283886 221.87514901915958 126.86068256962159 176.90746862522681
124.11961932112723 80.06294385276874 174.88047655247399 11.745254153026339 132.87677531490274 20.384413139266275 97.889521198426948 147.11532825796539 182.46340411991432 224.03494059263411
163.15306454597692 52.8238072046139 58.834675631235825 243.09289011323017 179.24007414171194 86.410144744685738 231.33665264628658 42.252659644066753 205.55313361604885 227.57877227071779
169.65938549589558 240.95014745823079 129.85337917354283 175.40359633014805 156.13126965757857 152.31020080393509 113.12701390859073 50.115669420614608 155.88838438865278 29.043271590338346
170.8192302973203 75.99086829534113 198.91463652786607 121.31952733126502 9.5612945938967595 160.67429882136011 89.926283927813287 188.52916257348366 133.59382116878319 127.9952850325496
220.64771138186831 115.56389499268145 82.133662258692965 54.765347563909238 125.06538173693258 85.848993553698307 46.927751789322699 166.96414412702666 14.902721301029882 240.9718880800034
213.72989961952865 9.3867274680113049 91.195554169204058 154.40997842659641 69.352299186289301 20.495831947376221 42.394321798172392 186.11964468617006 158.49895071133042 78.790223402101532
185.91640675093035 248.03350435879213 81.350881463378329 183.9240184689163 159.87747929756782 16.875174777303503 41.159835501190997 76.15505604073843 43.619557641113509 71.358457335481887
34.928410355312344 143.90341199557304 121.42803754415151 15.373612187403864 95.846769411310788 74.915420747290753 173.6266420188563 122.43710517425457 182.30876800064405 208.25450198905972
215.1353812201109 8.3764310591017352 49.625697370177249 88.954566502959423 138.11403990549368 170.21166481598775 81.382004250313159 95.16045215507107 193.60114753992917 230.16290993434262
78.579352043805727 128.43748674721201 229.1869519034619 86.065258719332803 19.357730939965162 101.72194938556108 19.119486334682325 99.22633582028871 191.15584762530884 238.55789206033194
19.11626584901521 222.33959285871072 75.012015040997312 144.74062093055494 51.162958802236773 207.15676720243033 207.24168625522486 146.09892125214702 46.849103004378378 208.11483030042766
204.80762264999632 220.17563481542783 42.620931428922255 48.971837488134447 206.69679491010612 186.70333824499079 154.12311719730087 118.18750748189689 49.542868570024595 33.710708111015705
243.17318781078461 236.89912038362405 90.848040588740531 210.15251359449056 191.11647556559535 67.385137559021175 142.03878771474001 2.8981878605864568 20.771548306455859 189.4199742981412
91.044050596199313 81.9373840923421 25.712224893654945 65.840192507450581 44.433108125075933 188.28991675511196 173.19423829772327 132.64780387776415 166.02228123728455 12.201903748018117
192.03155826009626 186.37618336524096 245.36387448304058 20.101987568835611 86.918037836028347 112.79016717427901 28.694100111993617 28.01051587810371 148.46596405053171 63.555611204545983
31.979820593050398 5.3997142863261196 5.1816280079760206 248.79449945958038 12.887222414365223 173.68104482475394 172.12716281011902 16.632777289671008 42.285333735984587 73.861191337181936
85.571426478851038 55.771573799930366 45.847248092052553 12.603764861289591 144.69223101481859 25.001360860740615 222.89598875613251 169.23229161220408 62.703824447220413 204.20602290872765
105.9342683225828 46.427324390632407 211.47977897787879 107.38345063083229 241.48036010730425 30.087940355606573 232.81893406683159 118.21037598397363 84.081543769335354 45.552379211610571
233.45865012033482 114.48696426215184 110.71495729700685 100.16697261353306 111.08990634729304 190.05798871379938 79.779165981875281 17.890952116249689 27.850637083840304 105.95325755996383
191.81836875255914 43.782478481799124 77.232439219952894 4.1166345856982307 229.16175293372592 98.253599230249137 73.912284405824934 11.14939017921016 201.32863780406464 40.849450088609473
