0.22513517160962632
0.51971255584245635
0.061650215847615472
0.86255727647008829
0.68768243335300627
0.84774040058498945
0.81571215748636905
0.27069930111798041
0.77616860269010912
0.10113087894915167
0.8520631884175508
0.47826137888345727
0.048690083817040361
0.060007694126064146
0.67923788554872444
0.61242756279027777
0.85892260952636545
0.79438558442750706
0.98562182449081293
0.95259572096885137
0.98096272483056068
0.23798932110477183
0.80285232365813097
0.74003557999658287
0.41176753602205801
0.67824328718570859
0.53998625959628421
0.75139498648054093
0.23151290190835655
0.91994972114968099
0.52561598419496358
0.38671208700174681
0.12558979553793342
0.80002678249545645
0.43414187289978873
0.8634002862990986
0.96628381258819573
0.25556968344753578
0.33382330674303345
0.69572707940770107
0.66166739013035525
0.15091539181191066
0.078504625449602503
0.19275071068173294
0.88175300686269842
0.49313825789786364
0.73923841942403024
0.37408849427718677
0.98790135511235344
0.43224234424069891
0.21181908944387534
0.55074030388749118
0.76901851709151925
0.085809472537685269
0.73366185744743984
0.0050212478151153038
0.8937413959137942
0.29908064670695261
0.81996649786963827
0.83844175316224978
0.62967068767918433
0.93996804343105689
0.87209952593395179
0.30554375524167637
0.61178012497201673
0.45033159629175029
0.89067481141456628
0.48627561036040939
0.43867711131991732
0.72280299775116641
0.032957470202702607
0.54200986284805497
0.010626092959465639
0.97997874891955761
0.2722299782275352
0.51289806916363745
0.13012902476018934
0.97075706462536981
0.54103907611079316
0.059753928961753841
0.54656957204741641
0.77001160527088541
0.13608201125495772
0.78442686941382433
0.15886922618569371
0.019652218468606587
0.03117129891899877
0.083125548704445815
0.14086768745603256
0.34088116480534586
0.12198909511734606
0.78852471431366578
0.18736633404622921
0.37389676826369339
0.014817179784751434
0.6434053698904646
0.48362669376876427
0.33539856553343023
0.26960281542517112
0.25557700806186373
0.55640444175332093
0.94203157779205116
0.99966706518559256
0.75540053267444718
0.18785285918580114
0.28867995634213744
0.077340671435173688
0.60455413105697997
0.99561295810474759
0.46843900836822266
0.87898588190121418
0.78959799785046814
0.47425130259609333
0.31511960344160689
0.47638192340785906
0.97407116834726826
0.55104951121330537
0.94298250641667591
0.12074819362729554
0.44718784592955091
0.43892102258153204
0.37855394833405903
0.69972853477375474
0.23539082093400227
0.99244232199681437
0.23903064481372777
0.19655665946806805
0.86485996759295425
0.98606964770623029
0.29361403912899625
0.61025468988370668
0.16254693717222385
0.9963859178704173
0.16910853869072556
0.18098032283605364
0.24245524739523322
0.37681370169485467
0.23518028420332499
0.74627648287390813
0.99071713829222841
0.045958159805295315
0.053314971475056303
0.65799074933016333
0.62168542255619152
0.40204439949648835
0.1445624098608605
0.41081046899544832
0.45812673476234073
0.38761509644535846
0.44752390212110321
0.78045836121821011
0.7414836081245777
0.71064202743589655
0.70328313043036828
0.30790543294451805
0.97946702075912895
0.46300897612445607
0.30204793317180184
0.012188101757370107
0.8300998347609776
0.78118621215082173
0.14595609764994949
0.40919651296117404
0.59781388837067784
0.18824716009383075
0.64941222108510965
0.17413695470679164
0.86843657231887872
0.51012904091175382
0.65189161949055652
0.14456656613310465
0.51325594533743024
0.70784270659754733
0.413200455899075
0.71866383513935173
0.5350027968946619
0.70757549040637613
0.87583500643552692
0.4451893460173863
0.99034200182939303
0.97483964357611308
0.65231800236082094
0.10243358913533811
0.92095653108735842
0.38905647410788363
0.65821061746590559
0.072599445648945091
0.44581888083110482
0.2291745302897587
0.89422593447968945
0.10931103470815955
0.17964210785475249
0.010024878163835616
0.87625828864317667
0.31764668914631272
0.54293947255495878
0.76814910641142209
0.880564549417995
0.46750969154484562
0.61909740814653424
0.54047678659551079
0.066444000735996031
0.66590201787255066
0.15274972334556197
0.85104965667189081
0.11493273554996057
0.70830480770912396
0.049847799578580806
0.66624622241018638
0.71202843788242087
0.34721782229517345
0.65594420617807392
0.17035150602969357
0.50577772675452448
0.31914728292854705
0.43396503138570935
0.27997519153011646
0.85216500726379918
0.6058696580728623
0.41628834058970204
0.33961943405918177
0.33245647509863091
0.43514791560773841
0.88002680620733376
0.96291079494637577
0.24412357379270172
0.42687030816018484
0.8887547164368278
0.1654713684204337
0.10451661925316029
0.24023877659860565
0.9405445248336064
0.27814225615134452
0.54815033483158981
0.46968821298569047
0.16954628735561478
0.2272471149411433
0.32953125658699983
0.51862082051238301
0.25237320719284168
0.92473695001085376
0.0042469934918736739
0.64147379613475197
0.79325754903130952
0.30341517237422827
0.80696479894085815
0.68204630291193102
0.43136966642525204
0.10655566924458997
0.49003700665388256
