0.6561978750898817 0.36708073785351875 0.30250591858552195 0.062599985302824443 0.020811425635715187 0.22853003742600503 0.78630889324226805 0.30658299671681072 0.80606173330535047 0.61424277203340771
0.097060424959813082 0.099535504515923454 0.076371502371650843 0.4575109363477125 0.99583350479438748 0.34673671411621015 0.60983420192616156 0.21106294860075786 0.73647329305800757 0.46525472755669633
0.26772365802079251 0.088922538449508301 0.61232719802172231 0.049476458615384897 0.99496180455088612 0.15333419123269704 0.6955044865863006 0.65976839192203851 0.6025595438174548 0.97713403834638646
0.49930674835636984 0.92694627867785595 0.28520741476936101 0.60712827035842487 0.50938484138647799 0.020587113878303632 0.94756147203272278 0.88711553346944849 0.6492981570016324 0.47571934757251871
0.42336739497496595 0.28827376749558203 0.094958529865970795 0.64738449540508602 0.47063101748303432 0.64825108067996406 0.79618298171929913 0.180148384544007 0.23828747142780099 0.085773047279604595
0.083994370502442892 0.61980701949395622 0.10196811548993227 0.02616723294737593 0.96987712764765166 0.82245322826429645 0.31780266173992594 0.80638947907773195 0.5466188028210206 0.19266334999045259
0.31594101858836571 0.44173073275678926 0.94625603562179861 0.24030685241657362 0.38079816097116165 0.5816553930311823 0.90371369172809579 0.85934969291071805 0.41177248863310173 0.30142827982708348
0.70854316162294328 0.84351269638754878 0.75562177592972624 0.68261360219030554 0.73674580837808312 0.8854840416520986 0.31523782737972644 0.86287267626469788 0.53999484812581056 0.1536208670233204
0.72817265687927268 0.59798607124380088 0.083932390739968873 0.74862119940938554 0.54786119499763386 0.88374641010889332 0.76040974956124618 0.40770745336155029 0.13167980428627596 0.26145526722456475
0.91130625211939387 0.28979800131511385 0.5810391753656583 0.16232602791613865 0.046342522374895487 0.82252448147128499 0.58410036694042444 0.3380040299957397 0.38789443086056435 0.54426126429445809
0.57534879155264762 0.46233936724525054 0.38278166924322859 0.49130320130789545 0.90019126064452115 0.37224583504360759 0.95404323572221739 0.089957390931161105 0.21265708683870538 0.10685692892279268
0.78528176286244211 0.92353490040083397 0.25625041820765843 0.97387038439770479 0.21852383236964673 0.93459178859601344 0.65070312084379034 0.129554130297516 0.62687806826875114 0.784997936712725
0.77908125752771584 0.93721963301869859 0.1240527181200403 0.058028724599216194 0.61755294333152344 0.22977529954026793 0.47371418261637627 0.28330759811226852 0.92732063452520674 0.16491874320877314
0.062513840820344765 0.53038580374535449 0.53459639299408279 0.10101340324362378 0.68793743405589147 0.69466556577258176 0.98197597432866313 0.25484068049799607 0.8232563295224341 0.69530446908845756
0.091598271800553618 0.9542353875579298 0.54832732196644629 0.050507339325620723 0.83616960997301093 0.28901096602286452 0.1937123719928186 0.97779868347942711 0.63832491176371253 0.39410922400097576
0.89791967901691117 0.447094471703192 0.40241468760044646 0.79005874133728782 0.26505007516974094 0.11055395573690512 0.54590736639211257 0.13971858873635906 0.24028404951916443 0.3947333756439127
0.23441048125513247 0.65823120508333122 0.54012901335887054 0.93275830624875444 0.75691661409266264 0.095214154468142562 0.74801091937624997 0.37671826923638502 0.31161025370513989 0.76377963264737458
0.42371521430830489 0.24742476686712228 0.69724253896245525 0.12664990876038446 0.25658182988959072 0.83354728872988793 0.60293024624024805 0.94404348074229039 0.67234785961689181 0.85291052882574847
0.33236336457882992 0.21681114636923476 0.25348994544113118 0.024630511625147112 0.16061329373221295 0.37484848376411511 0.65620132765358152 0.12070065683915014 0.039237071920323038 0.67383608223656011
0.4107550008593816 0.071192428182955389 0.4115009573320893 0.90545527766566425 0.29559472178403218 0.7793609291078889 0.30972393103372992 0.99462518572870551 0.58746543714237354 0.3156953874528598
0.61123334738601642 0.56194472826176889 0.94367749075303753 0.1246282279245408 0.9631500767616108 0.33721791019887509 0.98925271926616254 0.8691722422046837 0.97285897683702272 0.4060924553492517
0.27121904309959949 0.64762604362204867 0.62980380354440624 0.044015597186489216 0.35885666911095754 0.85415814076043461 0.59264514149254222 0.47476091533218306 0.63258963048377859 0.39905709519959404
0.99508630276918908 0.15646206192064754 0.28873324080264134 0.1304448035349704 0.50621885415069412 0.030654732244021755 0.56415967131247857 0.34446337978156366 0.45058142071081192 0.62510822128923682
0.056375029775637506 0.38499858398204728 0.42857183358700962 0.42844157253647835 0.17138637842205035 0.74382233821070343 0.99929962208412271 0.035905460539808295 0.71516934218310568 0.68634300678720894
0.68742320678456681 0.75376783480985399 0.35776583887662566 0.59036392537387605 0.47451094351560036 0.82720826948957304 0.17442691441574615 0.81096210109131894 0.21209330596347159 0.77729490310159854
0.78655126011643572 0.51498290078772713 0.24184199111100918 0.97317710935434631 0.76351237325473309 0.93253118012168945 0.94167881640678086 0.17065065732015711 0.069653605083696821 0.7957434192858065
0.23698150630361531 0.0061671174963048745 0.072874042118181645 0.7886691210345026 0.99235801041445337 0.91903225702019509 0.029769020404933278 0.27185805364062426 0.26035544426293439 0.66465679959774815
0.91207836313310264 0.62989367910504823 0.52431013274841287 0.4086633090018908 0.34893588568088413 0.81224185454476761 0.46066394755546541 0.17904984803683704 0.32681455461004233 0.59126985589172265
0.73944144573981541 0.40135279764753912 0.40242811714338217 0.3352649158178132 0.62170054289911436 0.32740019131705261 0.4096352777986591 0.15344840327024506 0.73971205589494349 0.80850088529454811
0.38723386481624061 0.92769999258115454 0.1605652967642302 0.0091770210668078896 0.82741863810765903 0.90358923026111171 0.98736263727941742 0.50634175877077803 0.22250574114565785 0.82752547278429167
0.34366231396780428 0.80859128780735035 0.45141935408614758 0.2022757833645899 0.13032791344922562 0.19768176737121962 0.11882883396863846 0.47536407385466711 0.43525783426765635 0.02068615804352807
0.5325821664153737 0.06362810974812598 0.76104510829746974 0.93962035147102496 0.25789649966191669 0.81818768119014962 0.65527170899689402 0.61844227576502786 0.52356907838214817 0.51489043918191679
0.76882766964336591 0.017778582712090474 0.0036489144836378438 0.86291058611188287 0.39663344100698855 0.047729728097069699 0.73552479409109406 0.82106479492490614 0.17791347729479229 0.049009065170244212
0.10708438686290127 0.036995424220751458 0.46482030649174805 0.98110191148925674 0.37949819036509652 0.55608680608399741 0.30574560683763413 0.052027369642332386 0.97955263861856745 0.96336868145196752
0.4840283064735485 0.25408331572528225 0.36726124332072024 0.36331564936450839 0.76290835629538556 0.42175347279962921 0.3587856661304048 0.03547944312245814 0.41348521786115139 0.29138918706153633
0.74089181350167843 0.9852061521385711 0.36778246315146251 0.13004759242358516 0.43004043195402947 0.38118508908562715 0.66780139847695097 0.48645581885578076 0.59575143778882944 0.7673702627892165
0.53198045594593635 0.78217992763195221 0.67209694903213923 0.76688510484486272 0.4681382480068354 0.25437562776318262 0.028436234235987557 0.17317358139039635 0.58940150056767882 0.31569977784716891
0.057099484890996852 0.34402163771012634 0.74972807374221517 0.23161287166863148 0.88607198351810246 0.69343554343528457 0.80356974611517951 0.415887933245988 0.63693022282825729 0.66211508954010989
0.93331627813939189 0.81207438463848058 0.11936061375347111 0.32342748938574545 0.43012799718053979 0.88069538670645608 0.40677416886859435 0.75971406778545203 0.087067896540815301 0.72156890126956175
0.24959641350453449 0.46575112879035058 0.12107521560176375 0.12989865244003468 0.42757544706297007 0.81374040625073518 0.82747103979537695 0.45428459284153538 0.36098782955049719 0.44180711520760324
0.50900141314125247 0.32149277244298352 0.83437110657487834 0.99522171672598625 0.70809760012980316 0.43058440282021521 0.50261334223797927 0.12179321040936668 0.34139032280599385 0.10135834750041976
0.4734608890200715 0.45500378264931945 0.90893994691439961 0.14030319573345257 0.68230213711034859 0.60484708750897964 0.42650560695899425 0.44317581519467059 0.88926572518119251 0.38085700111953974
0.69655286199420807 0.35208701531125935 0.37424680164562446 0.89851179618632848 0.78722461102720309 0.50718091319332181 0.7603859261058542 0.87779632489828485 0.98183567922947146 0.85211444536520198
0.59763434315264752 0.70558917012357647 0.87498585783465199 0.1176811555683807 0.086582406231398498 0.71788321251067821 0.035150580310434762 0.55435123291645128 0.2993112392499096 0.54822615659464025
0.22816895607178572 0.65193129149390205 0.84800703244191389 0.89151373626402974 0.86275136881716652 0.80307530014116291 0.57875102971920522 0.31967533613671556 0.32925390872870791 0.7470313074929501
0.62380791178059447 0.80933702299206689 0.86841682755944194 0.89836812081655126 0.66058997858684299 0.029022296910778001 0.209647289006827 0.99277962502285555 0.84920651143787629 0.3466755204263578
0.070851642833667891 0.19196300731758548 0.48874515186684969 0.875469524641043 0.50818080910298058 0.77184400338706383 0.085784550275881541 0.71826609526452623 0.97569249700635441 0.94112538749188224
0.43276824979548439 0.49024490565035178 0.6472755222531279 0.88024442980931472 0.80278902165813537 0.75171704995716049 0.82543760308613046 0.80279595450727814 0.60478604947556314 0.35205049373382818
0.55819141759932744 0.38195349912712501 0.34942633560951236 0.42879212707728381 0.7899391774570298 0.03160858410457805 0.38603836419369869 0.64419677043664147 0.71448701402986203 0.44217279631274903
0.017517097018871209 0.096390651019828397 0.72847793462066657 0.31666888588513337 0.78292084533542838 0.59558903189085222 0.34458789262588491 0.77624292550105234 0.23302930944673744 0.97227684284086247
0.38101750808868379 0.76805940708230336 0.60610477298942855 0.44572319421496803 0.99699047953062103 0.58899231027647136 0.32124880175709752 0.0059879559848769357 0.17074222940191425 0.45572151808805378
0.043172081037147911 0.72904885115793061 0.64843921609903798 0.58148197939051338 0.88546669087076646 0.91676880791631432 0.39763026081347425 0.82774959556706562 0.67077172964569565 0.19897951421056853
0.4497217817515638 0.43705222926242432 0.95519606219816566 0.047880730370509036 0.56858704673598592 0.48225098277747275 0.3906783335878446 0.17042807074354677 0.58512459627860547 0.23210785130851391
0.59370641851611683 0.94132666121166375 0.52927854429352794 0.14491361777707695 0.55440442901839881 0.23710020440670848 0.6808594564978474 0.31402961870228602 0.59057374573601673 0.28701700301366734
0.66098610727133189 0.36050492635687897 0.38514463405032701 0.39022914973251616 0.58693227034760331 0.27192981850567216 0.13382022970008706 0.42591847272617472 0.90406052899031375 0.036531680589942092
0.83666189488382303 0.43637290790493649 0.82456936175560835 0.61455578328078964 0.47264494649166283 0.84951091167760784 0.245206926127509 0.67959015204480111 0.31041216546238254 0.97863574189714519
0.08413883229958001 0.17402665423145819 0.92511971594825992 0.99653655055186086 0.38345329324893646 0.13323693714649815 0.91317952835652794 0.65003176069383928 0.6853170318229761 0.41524970943196654
0.59161966718150694 0.73284359994966486 0.81539895595926781 0.87279163903145651 0.84128873116429526 0.36025249929125519 0.67762313626362114 0.36384247440879375 0.66615909620680758 0.76974635331119134
0.53429805650861562 0.52506444987446244 0.72757649676836067 0.13298153133964458 0.1852641145447122 0.29029724736778711 0.8766400805275143 0.13247302046493853 0.12576271989822935 0.78202957002833706
0.42586858907907849 0.635514037462792 0.4765326178470673 0.59889723485721391 0.039142119792639526 0.43899406392374846 0.56127119808505055 0.48976229735519577 0.06323214316325447 0.15446623072344517
0.64244005912978563 0.18749968025458513 0.35270935433336342 0.57522027092520756 0.92871992909225776 0.97323129562257393 0.60918767294664111 0.51674331235584814 0.14834822654512941 0.97320487164349734
0.81878078963801326 0.54764547142241149 0.19209065362970751 0.17285407922051238 0.65801436598852814 0.54220411851877937 0.93290054721697135 0.61604125479648086 0.83325264293813472 0.78431013368725999
0.23422677924532592 0.22566754008662032 0.14396687930402646 0.59602707835638891 0.91274754468807395 0.32840648542323575 0.76473147519851514 0.90001644103276812 0.12470119698150155 0.53438162789237775
0.3201268916142343 0.22468963821730675 0.3152670017207771 0.72128915988939069 0.38225274337253795 0.74240044367981506 0.70190449323074044 0.90269243415804601 0.2537552486970675 0.7985095228276311
0.15608703018187525 0.69794057373884177 0.47247602296195584 0.73688022357888994 0.06889348456693227 0.26893225919715008 0.61108515636909344 0.80364160026835196 0.19654219326224259 0.83228372988767108
0.00019274069147916516 0.01863843839805417 0.47540840097092002 0.77559501220288762 0.20270300578223183 0.2992157160689411 0.24327769013142791 0.16769322207112886 0.97084117852484675 0.12889292967536509
0.59269511282230758 0.16802185651073048 0.17929553589193109 0.11439962963572518 0.84401378459845855 0.75421262261537725 0.08445631797808266 0.53523735334922584 0.88570026553507275 0.93841949999609564
0.37905050589435446 0.43401690749695149 0.41903812350246789 0.3523403261072135 0.17116482279410689 0.56928526848286087 0.8269715075429539 0.23323868101263429 0.97323433446765029 0.4606882821115747
0.1516038639251534 0.9753241715516503 0.00077434257346657991 0.61581388190809716 0.58962484314609442 0.17868159575793224 0.71807162623711107 0.036678560223300002 0.70094106983659188 0.14777340468364758
0.69518737302148792 0.86835403428357494 0.17746785701549112 0.78344550359025067 0.47135945110061456 0.63622544599862496 0.3347497132504153 0.77589138187349438 0.81353946446705072 0.71589100797028682
0.80973735249221068 0.68964464040668072 0.0640305334156233 0.92403020143686465 0.22236268293424416 0.30421834339443171 0.22063770724931892 0.59804238112003361 0.32708069702334469 0.70408406067437368
0.34623191106955425 0.10628372289413428 0.1208217164835506 0.57116361820429695 0.51409611497610053 0.48141491553583643 0.2186144343131034 0.71401752561309639 0.016214240109509382 0.035052877912463962
0.54562429404221791 0.98255436301012999 0.54536362299472774 0.1670624387267941 0.1106508014018152 0.08007335662571817 0.46486491680970127 0.42860074252467867 0.76851687694618553 0.74782682599670747
0.0093355388307329486 0.25543795447848999 0.87407132866593973 0.94659436613295855 0.86397796393008408 0.30950444368318691 0.084214852062970566 0.16583347662820086 0.9550353900105647 0.52493046709781177
0.88704456963056644 0.92845066256005548 0.68890181103372949 0.79112317965042012 0.84280507819549788 0.26749515806333263 0.76224288540785512 0.1748691081489962 0.86290185755616144 0.42739575622681109
0.77873686977364609 0.33963807923852324 0.53920798529367375 0.843163744772091 0.62570301943009698 0.2246660324091348 0.99240186753282278 0.93527345907011006 0.18828732951524701 0.57096046428917535
0.056436572324484 0.49020966038273645 0.15004827353455436 0.33500023719182287 0.58531889749547916 0.7151295317917189 0.12679032161343645 0.092070456255268371 0.041872668746871164 0.56049038000763796
0.025239105735811385 0.45223390728638307 0.31831059061481765 0.80720579138230109 0.26614083304677011 0.41304431712721362 0.22948904255606833 0.75146642323123247 0.6339285636127111 0.34695345767385338
0.15944097961768894 0.37879209982038281 0.33757022399078845 0.2639040187105966 0.18546470518379515 0.88930303883189732 0.06336363502560298 0.080336473642816306 0.51138919502717417 0.1132400758949768
0.26106775405467858 0.24241142610204264 0.49656515663887785 0.47842682779217033 0.18454991801905302 0.88072952565088047 0.7898020687865952 0.74976257956485781 0.85495923127644935 0.80108650003886417
0.25125864674143433 0.63000707177866155 0.78001762984370149 0.34864738672554213 0.36014781736957407 0.073133049516105039 0.78027062859350682 0.45290962609353952 0.98401983716450681 0.53707720695712602
0.27708059666713275 0.098908133261460349 0.25004454829302875 0.033143279555160984 0.17804821349553007 0.012993307116159803 0.64585436317783429 0.51042321860851347 0.51417636044726045 0.763335640655465
0.848412414343794 0.38042651286249057 0.9955568700155556 0.29012469310760164 0.39678552647111903 0.27575780344117878 0.83417802087387871 0.074093949478249252 0.10263627678797708 0.75807045772490966
0.76658024282787829 0.2012632927327101 0.92728938052074805 0.090815714270899447 0.41616385958310348 0.80948802866746228 0.34489934588617138 0.83108613371587403 0.42957363320015191 0.11424361636628803
0.49761060809928453 0.206308159349259 0.057375794432082669 0.24136342942621319 0.19791179146533405 0.26766744260004244 0.47003154923105189 0.68035073429982407 0.31260463795246834 0.33479126186438385
0.5752407375416746 0.73950321755848125 0.67453441070676856 0.6427118985141963 0.64332475108657061 0.7375435060982054 0.79657306043680132 0.042387308836671564 0.062425044429759199 0.71113270086949698
0.83668579922240804 0.97515188476646242 0.26269907234057593 0.19932563963999211 0.82328607764094885 0.11570005942406629 0.82533545644450335 0.1079316951413916 0.017309978664138682 0.90004298865752108
0.64868847596665113 0.98737430702983842 0.87134088082341588 0.45708652955220347 0.43262217365367911 0.39031865129445981 0.457017632554714 0.36274185870606684 0.91444795868362561 0.098015010134615263
0.89179953675707258 0.66690574869475816 0.63570232247965541 0.36200701189241563 0.23996358745762297 0.32414735391347332 0.45111178573421978 0.4425215781354665 0.21976616746192884 0.20153711474633745
0.64242544475987773 0.17910491860019656 0.25250032092334435 0.8072264175264956 0.27993126606473279 0.32450441522632395 0.72894548944631565 0.51608783880239284 0.38616651889237213 0.28185739722017961
0.77438119761142432 0.50478181299255409 0.22420907396985429 0.24607852644044442 0.44086900973166471 0.16252337420187851 0.89037456308399565 0.65797521539247505 0.23925378168087236 0.30563851265676739
0.14185511774523479 0.27722065510125221 0.16439280889870861 0.42423063498437358 0.10074967196317312 0.94947761411818699 0.35863903753389453 0.69861054241957754 0.43251705131016566 0.2118981352047718
0.24919811329841041 0.28439138070601883 0.17666605439225486 0.50128820598284118 0.69286266224223192 0.31253493746055955 0.579541369103166 0.83714786210653691 0.37891711649139387 0.95452757964637669
0.70758376655116584 0.28240569691868961 0.42260123690193213 0.42444800004645239 0.3702210711531046 0.42733295309756464 0.20130152855118127 0.35792446587446142 0.92461083385137288 0.82791796376207227
0.38834281217107475 0.43485801281180697 0.19490038294959217 0.9965874074297596 0.055091318906550654 0.95461079458709419 0.36328240514330673 0.11721649185201614 0.31848654772215995 0.048784872391693754
0.5282575687557054 0.46443316622643022 0.32346306332544489 0.94546039723110642 0.037481866808116646 0.84535218522045674 0.38875949580904107 0.061180406188318256 0.53804213161478875 0.91991659923666314
0.23561545424300495 0.092543794515631481 0.13896465451993739 0.54586150832230762 0.90160275588403893 0.65025976403141039 0.51011318254807436 0.094946114694080694 0.29841252624508358 0.037394632990289708
0.51593354897752852 0.89291077766718296 0.79615071184347308 0.74568246221449752 0.74155326934318233 0.75424778549569038 0.11850340321500434 0.41137437916101677 0.54272234911830641 0.2801125991945092
0.63471531545454962 0.67186232203189933 0.92632412836014932 0.37271486166442808 0.071084180588899801 0.37758045924049494 0.96540591610214066 0.96757296479424304 0.1331085230506715 0.43702738210757058
0.98920163526001526 0.58098760109528491 0.32908979004964661 0.65423294656702835 0.26967155747634736 0.52126084844737963 0.058935802787891053 0.49754943297546633 0.61031720785153587 0.94724329262303131
0.40077511065455035 0.22913106306829095 0.42734307347055606 0.31063070057432979 0.51971973493327661 0.96089581871361884 0.74948104833995344 0.77897641711602594 0.011575229669061261 0.40273355460169374
0.83561773833228059 0.97605494855512653 0.11063134473876461 0.75801342244826553 0.25337096069044512 0.052145991891718022 0.0040609187156466662 0.34259206875443743 0.92144117765944011 0.038239601700866085
0.3121315368958813 0.020808143745974551 0.88279848115488457 0.91932339988522327 0.81689276704803038 0.56903030076287175 0.19759852082288615 0.76807609936670196 0.10297541745703991 0.40412001600045805
0.66206796095640241 0.45232315054126532 0.8075607516295632 0.12669519084801278 0.81776590290526374 0.32803313419561403 0.82330461434760893 0.93639147114711363 0.45144856415270856 0.055097704706017978
0.87281019390190051 0.018976420454932353 0.27099112396581088 0.9253771003725062 0.3516159866545539 0.85856439758081293 0.36808909099698822 0.13482199338226647 0.60551584797159441 0.03318331272464041
0.70917641909081941 0.069197840701970922 0.12758058073812667 0.4367628895354983 0.82562611503002903 0.14129784535282269 0.60243392124357331 0.24664480004019912 0.96696254598137921 0.16009066020252377
0.51747232820218625 0.85063190576167858 0.39632380784171245 0.25445986210403554 0.16494798962351337 0.93269557126915592 0.94007998346207122 0.69746482639693042 0.66621364599507593 0.41065459733634874
0.37556526756664538 0.295964271544987 0.16134146905516306 0.85719635649151582 0.32126406833517601 0.39185691566787545 0.067427642667942475 0.80927453400627769 0.86493238882866919 0.9323004380491251
0.3638616647907888 0.38682775123735796 0.33731925273313729 0.68004147723170316 0.68368989375156242 0.041648640008829327 0.37601449425842121 0.30693092276526329 0.34438896780895817 0.57372394778419711
0.89383779751963843 0.38724680089763613 0.9917255663807073 0.33599936968899818 0.45571346700537835 0.96671084837974786 0.12519579090493566 0.15733808395799803 0.74116086170593776 0.62487268699773157
0.28153310959948413 0.60927975257146405 0.29666416915689914 0.13257083465707703 0.21668462302436658 0.92732631561352019 0.74020219812973753 0.17469529121399957 0.35475223558024632 0.80164033815294
0.42723698770663326 0.96198263315255039 0.55472230213921381 0.41347983264127214 0.15112969723528641 0.69843472530920314 0.14571380838130737 0.85714176917205187 0.44033679454864266 0.10489384141412809
0.029313223778839537 0.86669508826826436 0.71708333262405799 0.44883836803577409 0.44691819383845627 0.68940723789751468 0.1583910932518075 0.53951653538497335 0.35106045399370106 0.38692586681608504
0.73728370757392625 0.47572820403522903 0.4436836230648406 0.89216545324051666 0.46004726184867978 0.36058879357879142 0.21788297176884669 0.31289139275179362 0.16592659152244155 0.26056439167117046
0.34011931838318005 0.61608313320367125 0.29041849423633032 0.56212512551993443 0.15114080645110567 0.61193333872022748 0.021368544181826477 0.010253670578349295 0.2163090659412728 0.64912474197944736
0.2039337094269516 0.94968313124960002 0.36509935473889271 0.53382801583940687 0.56644231762960573 0.26741274729468995 0.56889503356170623 0.058514159916891614 0.64876628024508765 0.064581465303094318
0.58133388264230401 0.82252334284497719 0.5317090013425253 0.6875804733250126 0.2865950249391504 0.25893419087961583 0.69637411057321486 0.28823495243748926 0.20076028704555421 0.044680276688246409
0.79969131492802592 0.010972630038917509 0.43223758085437419 0.7271157685968791 0.105591393451458 0.60690838327923857 0.95314851037953996 0.8300486448493829 0.27428530110322241 0.10553353481752951
0.9708363728743139 0.14106884194516672 0.16960769934744485 0.24068588231748705 0.63176904918481902 0.24425375675756306 0.67714597008391852 0.37965572381997287 0.402939942727851 0.69205832118876975
0.67918330707747265 0.68006548852132653 0.65506040355516082 0.097002637036018344 0.71527307366717807 0.4761604496289486 0.4446135435731447 0.27373417404765527 0.43918008726621355 0.68799815927316965
0.38571304025554004 0.64438420858181567 0.31696705727538071 0.62152147557773918 0.63000047404603188 0.099511986545080242 0.82476084575699005 0.61102552294616719 0.22042889863151488 0.99424059036189183
0.52239931046571964 0.11130268232797551 0.37648086900763494 0.68088481588854977 0.32246209043927593 0.35255055884384606 0.2475388498125532 0.30393160729365848 0.18667033269013839 0.3274746919880604
0.14949678043516373 0.65447752085401423 0.60973307353370598 0.77653993368386842 0.93561185981929806 0.65131072165987447 0.66132078354846335 0.63656782143619761 0.13039482526601381 0.31303983638841787
0.041107393821854063 0.71002152274021235 0.81712197071702253 0.73768938366793713 0.80348776883818229 0.98563789142114067 0.90563249365428744 0.82299171717048758 0.59704537353225517 0.85507892051779155
0.1698046929029538 0.98494927358057671 0.55548653692538819 0.012539910745554873 0.24233516859284604 0.65593804016226487 0.45827206937827597 0.71768315316910369 0.37956098505779617 0.99160504407772521
0.53102594586559637 0.35548196371506907 0.42113656130409566 0.15943252179297346 0.85300492716242526 0.78296057406736641 0.24589952425256828 0.340133137631279 0.48935611635702631 0.019880119135827479
0.20421993201072769 0.34541915710866516 0.88018194602498945 0.36679445526130611 0.27885432033181062 0.36180472046651774 0.71290779718694575 0.17839854834642338 0.036226315720309474 0.022735973929226484
0.80247127882054003 0.25844647093511824 0.46835559062397808 0.54230790166774312 0.85530169780241572 0.014931800152141617 0.91472099295319531 0.75337802410118238 0.19710986611958597 0.17571390446321605
0.94187176458217414 0.38533818418301241 0.68255123333896439 0.85138779065981396 0.64605827717335418 0.46725065273783112 0.37588884520736404 0.75069955584469195 0.23537378787830127 0.15515638209318899
0.59675124127670598 0.89741449806131135 0.67932163786150412 0.28557460970924214 0.59425368270943868 0.83443478769028157 0.81751159790591543 0.20719211167066059 0.68215407061113043 0.31544634521799247
0.16288173781862697 0.72643381769491189 0.41895967746601731 0.82181374279763786 0.59383115347301807 0.78196443966992846 0.13861616679129246 0.64139616302096258 0.35876364109930708 0.58161142261803223
0.26257967178864688 0.046276993093915572 0.65702666855981651 0.1879822093221763 0.0066020224792548319 0.48853241000569142 0.43755442429165242 0.70491159645362045 0.40089473182319796 0.86386683340642845
0.37966603238036173 0.5487421268094983 0.95399629501533589 0.78812823826168199 0.72091178524472321 0.48829153393096697 0.70815037429302552 0.88638836877913185 0.54174112319159151 0.067774921418253295
0.43259651506720903 0.041389229062535435 0.45615622614294599 0.12174010446921761 0.14360748083124791 0.32670977247669702 0.14868520356757436 0.98278148547789768 0.8668458393934968 0.59655342179549209
0.93924471018750955 0.76986346215493162 0.19873691317849634 0.0091497310157557139 0.34935674497294561 0.27162228704133257 0.76844520204986444 0.12550688516055813 0.022984815460905739 0.76774110047244548
0.10725347148530988 0.48739678659220459 0.46485912858324457 0.45027836980123842 0.72931125539379971 0.932212385767619 0.54567658169727984 0.6041036225431422 0.51341843607988147 0.23288576191522009
0.24425251281600052 0.62552632486650916 0.37961346694277281 0.087290433631612527 0.13898000442513164 0.89507917542514959 0.12846156993409868 0.91544726129671927 0.36155249561534092 0.15241152293317356
0.25440545722060698 0.26855912268320575 0.99959006591876287 0.41337884268686503 0.99888133629861764 0.19255067039937673 0.67002378123402784 0.99229472648817652 0.74552502193224568 0.66754529086696857
0.040001650117605966 0.092755640993922903 0.88100315481099256 0.88415530932307895 0.77040218823048601 0.70071436836644541 0.37428290716128948 0.23833469729792028 0.3327401978717997 0.67691485142729324
0.46419364620537235 0.055543415249207626 0.83900054797713663 0.019748956496629378 0.47509053263676876 0.61845600969228831 0.15294252661953939 0.50593842468386085 0.67014561769618608 0.16638449294488272
0.74966306182094755 0.80770127153007354 0.056366171508107674 0.55744669267607627 0.67452368946579144 0.57831341712366569 0.90795172454432649 0.42855398570380138 0.80720854826479038 0.41975097900554131
0.767843262315693 0.98060402014106951 0.9692623840242568 0.68118185719480795 0.81539309500835078 0.57902814539633951 0.54249359276985887 0.75960079011291082 0.09832575530491787 0.44966908591788274
0.28928298771295041 0.65858326938948275 0.19162514503758626 0.86960163761243692 0.17137840761494311 0.52634813789800416 0.52239383954546703 0.23425718819094971 0.58876248601854586 0.34637489895547463
0.98652907459280248 0.25584049459861896 0.0053202541860895456 0.47433094395361292 0.10532318177355053 0.4011246326109727 0.92126517225628568 0.56731088926554796 0.71695582338349451 0.99492601308003492
0.63043518832658318 0.70220450618661978 0.55414830575029739 0.32216309681983307 0.26390538824317283 0.13415680897897125 0.25947539860763674 0.93228617077279874 0.47955933670897249 0.81899858462979591
0.51663261121548454 0.29502988154070547 0.89649209942044505 0.96787013222694396 0.83537605457300457 0.79952114597016721 0.94973678313714915 0.23254489911395254 0.52644090523804465 0.12030532768460737
0.48249561065813046 0.87720971819486326 0.46153009857839394 0.31502750411956953 0.34701253680507355 0.17162487361843909 0.45146637448933985 0.57143040693594283 0.41659296323431677 0.21167731523230388
0.87587060998975086 0.60346447755380506 0.2389961078680975 0.82312119679498474 0.18019845084121028 0.27542065165792612 0.8816439107273063 0.70319855737365367 0.99366843168229169 0.020963316397520849
0.9578933534561529 0.91317820252847293 0.70327784762534706 0.17429249589319479 0.37913865085146009 0.58385470383329141 0.82328365931617498 0.23912895841988541 0.69189523427305444 0.13895146273648279
0.031868130606560727 0.86016413036821693 0.40590917542044064 0.058543319134574931 0.69242763417182762 0.55787121083490654 0.44378702916047313 0.74546822610110064 0.12714519757904202 0.21618491653552713
0.41326378314280082 0.9830688695672356 0.81940384600855265 0.46728880680790424 0.744077512007562 0.88191437739625345 0.46687589108512434 0.25728966387372537 0.78064669855997892 0.65503734046502959
0.48721594729926582 0.47258758424340302 0.89959536828775089 0.32045156301445771 0.36488417516054233 0.38933386608879889 0.3891826791768212 0.95339913683159472 0.79465240287306604 0.74823739043610826
0.9170265817048715 0.77914330677708799 0.33527657130545135 0.48729833306353193 0.28412793002869391 0.39297357078893652 0.76172483526468004 0.7129140428455929 0.62810814747444155 0.80872167599104883
0.94700480359467176 0.36707913449205404 0.076856104523596411 0.1468681807754611 0.38011711752379046 0.69841348499669798 0.31565092123963595 0.55211806789338014 0.37436037642389558 0.27632688454568527
0.39184042828183113 0.71093545138341863 0.94227786551210968 0.5710474732941796 0.17699943310414107 0.36695422333350841 0.71915074800032974 0.14962531290890185 0.25888386214985043 0.54651900082789862
0.95822339036643323 0.85882670506430847 0.44962589654547286 0.53426888599505551 0.83456216805402939 0.58843366578445733 0.29539612320136138 0.75661822820237845 0.10896637357757581 0.19710713914031958
0.38234743707609348 0.029052642804869234 0.93201855035309877 0.24518653843098986 0.65134367840791696 0.19642807504891452 0.73422874500456192 0.39014735210117596 0.1614466861477854 0.80417882192835122
0.98133617918830551 0.011947026178567733 0.024510466939474274 0.90321648219977335 0.6414502225757418 0.96640920428914689 0.81683898824382217 0.94462123492953309 0.95749518635906783 0.58552183899584742
0.20438362098436619 0.55060380674749765 0.47483913751067858 0.0089415774741529626 0.12127899812095937 0.71730167489340924 0.43097001159099652 0.60716846972868665 0.27148546828770909 0.94234175793298236
0.10376626050612285 0.79327041201708515 0.527100241170119 0.95653251525332061 0.85297260068658165 0.40728978771644281 0.90688636919487842 0.7200240298078372 0.62198411895588079 0.76987518270492517
0.47679794851231377 0.37116589015832618 0.58770366613548752 0.35344492143821332 0.21499255280579238 0.13663243884718651 0.71581531476278759 0.999099247158316 0.56365895199364047 0.92947316893160037
0.61916219764340474 0.44811412137172552 0.13055990578305804 0.33262269692119489 0.62053724548177402 0.90058429571413123 0.64625369321805826 0.93044984956386478 0.94747870715641236 0.18757628438496027
0.17512919713350722 0.11436233805836353 0.12212590662386473 0.87241078735223854 0.89890161057596396 0.40866704180833818 0.273558494269524 0.79638004969788756 0.29602215847351526 0.36932872974246606
0.22181036896801015 0.71902476533999626 0.62461636574188284 0.31143154542968493 0.48892513062421555 0.3757890493928831 0.67616700725971024 0.1598842198379487 0.38318915313472085 0.58242036320408852
0.29614734724270358 0.91074992494745688 0.6929147771608245 0.93570636029914966 0.54550030485935364 0.58463215056947138 0.039602036101991908 0.3011719890043017 0.65071753210065142 0.87555569110001619
0.27672626198327327 0.37870092961902341 0.20127350090425017 0.61978605918326757 0.23805359161895684 0.80479479140880361 0.1880465180053989 0.25711529291867935 0.37053244429852056 0.33463283517052661
0.44016030763621555 0.3115852862655995 0.076574536064318896 0.81767110392494802 0.11343270761601802 0.68481213462167123 0.77044569272736174 0.23438217119231902 0.23129014719892421 0.36581032359143567
0.86970222415021037 0.18916540971707868 0.63921000984932663 0.97523142797797757 0.25143050150940488 0.87659474657632408 0.88608232388782793 0.52577032161596726 0.581930111201728 0.83747717478429196
0.6081097241236415 0.011516890110578038 0.5616249983566165 0.028305450080972672 0.18593089146098524 0.75020349120833862 0.27376543880664422 0.82524076558753745 0.79554910517837263 0.76509252864469746
0.3210429487798005 0.1829061852159965 0.43708299400303002 0.33299193387510534 0.61131904945021043 0.64326545811162483 0.58976073461806788 0.83399802888169161 0.7924845718034933 0.71099026024287904
0.085440019381729224 0.38579451523218894 0.29554112888955492 0.99968653096993887 0.082061523183721105 0.16189790244463481 0.90535346630374436 0.45568422985906593 0.77666701117054082 0.094799669708137177
0.34569445404628135 0.55410810860376247 0.11902336300243481 0.42358213022679997 0.27347805259055608 0.29241480036716577 0.23974689314160241 0.42295186348741959 0.53901784627318439 0.94010547156592861
0.016184465302203677 0.74521614851318996 0.91151954229922705 0.36949047294336163 0.35834147780029918 0.3533755037467215 0.47476246505855141 0.33405659771740742 0.6851624521556422 0.34210443463321366
0.36291288447177766 0.34323440582581904 0.59680073798957467 0.60627016120803889 0.98297466387443622 0.40771235654806609 0.59575026487856053 0.23174343971653483 0.7706188281787929 0.43277565258186229
0.9162141418668156 0.024671536377994952 0.30199860672999984 0.38597396321471417 0.93910552257335389 0.070892883737343523 0.94367567477795911 0.11083632099378186 0.077760132225094411 0.8825964135258515
0.10686825114183778 0.68729698855104637 0.72042272654109363 0.13554217903654647 0.68921756760529518 0.61957350563351932 0.18174420361330329 0.47325025925659464 0.22091546406311385 0.49334917586952515
0.69582671288352604 0.28657242570057856 0.28866233302105843 0.72175849078875853 0.14930784665474722 0.93893874823785572 0.51302845597963631 0.66059632201953433 0.96199680030805312 0.037818434492958672
0.55596414447709219 0.89004646123412057 0.23536965573384933 0.87585180378732985 0.01415432855476877 0.85533822326461217 0.99067442780255299 0.62124102014724913 0.72141968369015841 0.53455164043134451
0.072159507266677345 0.64284792683806602 0.35948408934028547 0.3960490425370034 0.30304867541024921 0.43929626740353139 0.034809656597540914 0.19700588072024833 0.86431326891555527 0.87960107056565107
0.78409408756307819 0.97739731426619747 0.59543682202517645 0.20703235087004052 0.07740853767297011 0.99047250417205801 0.02851232429839683 0.9350539281796576 0.23170336628789118 0.26238239409841674
0.71472459757745455 0.9849582161787015 0.94235376365899481 0.82892889536469549 0.37552879375118303 0.44327190638817876 0.8262202355474948 0.98946340363407792 0.57927382079213796 0.99097621619157783
0.67994951528158099 0.71055584958595075 0.18981440271461553 0.84788774357416419 0.16664893985604096 0.13180958592418007 0.84901033633655087 0.76005437847537349 0.43913909658467892 0.76715735201708313
0.12374408093989879 0.021828590794848824 0.047391860763323954 0.71562715096042107 0.64878440324775244 0.67035442613370988 0.9488487425763249 0.78701385387491007 0.094629338685916206 0.48827850666329625
0.85209680370592078 0.25563213693089454 0.41629027055889073 0.60664971745716734 0.092974695475846289 0.77994280994741993 0.95617432214769371 0.25342416033560916 0.097858319425326232 0.78200297250315587
0.72859037008393746 0.010695716518275212 0.032098001877625057 0.48669669506433316 0.31998490675916519 0.31609655607469905 0.66661010218496963 0.58873286398042568 0.4015212340919056 0.51410604010591232
0.81323085076124779 0.92605412161386169 0.84261887718007378 0.48976769709717566 0.70875995752368859 0.69286335923080378 0.3659731186311565 0.54802968976017208 0.13728979607851982 0.87586015309283582
0.80324192589864329 0.59970080615591148 0.63783335531982654 0.084750968480262798 0.69637252092131374 0.41085618599455059 0.24884483978757571 0.1458846176099749 0.44760212571162455 0.2756890584090797
0.9509069027927558 0.10548468926172232 0.60824480211307841 0.0051094629508279697 0.91074875227989749 0.46394817559054408 0.74212880985077068 0.62393900925146151 0.88615908846050628 0.32572130799175897
0.69947996696776849 0.9840325756894206 0.72519385227569089 0.54241318511434511 0.022012200161988616 0.32340474947242631 0.9225124078860012 0.32931306787600506 0.67386723544719251 0.67954500560135256
0.21338798594265046 0.23105269868517592 0.0069508293680600628 0.89721824326496435 0.94215553669821739 0.74274014135578825 0.71686231373890019 0.52156253895495963 0.38561044517510151 0.21966507755662784
0.47515595841890063 0.16910514509346658 0.39761816712073911 0.9211259695655466 0.88803878374238143 0.75577993975102609 0.18614679672387763 0.70686366627738118 0.61262883765525944 0.077835360507755011
0.67951105598349493 0.82171777280815406 0.020918855494126577 0.53510283660441327 0.65840256030237831 0.88888204100244594 0.4639484741883349 0.14562518868599489 0.53952367232593235 0.86111307126829439
0.69420470441289905 0.21807773671379377 0.18450756738936486 0.60060082233515488 0.35463783103663932 0.174985912984507 0.79420147634283222 0.30430377202762332 0.18330813220899261 0.85481768111802214
0.89121028402744906 0.98183920282272841 0.13489758255323342 0.50323819157941552 0.88659564449559713 0.051703379532784186 0.29392242657138395 0.68943184474216213 0.50126539142250814 0.37432724669119438
0.88262577819894539 0.55658741334178996 0.60147413635796898 0.69342987610666018 0.34591289004825393 0.48362500179836804 0.11184975295292481 0.40931521037897262 0.58528228112715841 0.98220733448679542
0.40355702764416107 0.91405577380076852 0.73029874552741236 0.51643083460845729 0.30212583909858354 0.089166925078617273 0.43004340784536493 0.67728403331689868 0.20044434992044552 0.8167541396295539
0.65195798197838384 0.87334395775740814 0.55751624502944563 0.20255656474302303 0.93359428779028419 0.27296628457676525 0.56497112732275434 0.40754231540756497 0.45886525789934368 0.29189731013056081
0.0036971711774563152 0.087785693372549309 0.62377069887575787 0.21508896019899654 0.56845810339340952 0.84467701384954941 0.23498998104534047 0.91712812562972268 0.097732364780380651 0.45182612629593927
0.2140362991981441 0.57494170192297445 0.5418844159463666 0.17069409782062589 0.7313037066797452 0.6965615784428314 0.099464444845543662 0.97493767697492328 0.73035171944230848 0.68211466991342273
0.96734270760522745 0.028783294173155661 0.4695807904648111 0.89636389258824833 0.87281039185871201 0.00089463697510043798 0.25043589987284293 0.15017260432729079 0.26117609889456833 0.026504570426188079
0.79393415437952619 0.15295344501962965 0.10618463968570239 0.89910904454633944 0.64539956096096851 0.84658215852777641 0.9859113611423912 0.38776469812036324 0.088350611877765536 0.90584732165650472
0.39536054471301046 0.73393396777266395 0.63458363540578566 0.88770300573087868 0.92302640809806868 0.78656319084897564 0.87391216236530789 0.35390425380627727 0.65276930330593563 0.90289031417908405
0.81220202389814189 0.21762358625025918 0.28129213066781239 0.98951491689610027 0.43096002358284929 0.8134392726262426 0.68610405262107266 0.097701915437145945 0.2078075646189233 0.75090026381101183
0.94480544280351586 0.55863320050468168 0.14228680937843602 0.33612834617554938 0.68033547340977418 0.3247106540986136 0.29261231966328444 0.33974193015697557 0.21447138537642313 0.58904776837245731
0.83891174844603833 0.48992645593530898 0.52329306190318559 0.14663403367959532 0.50833116080085761 0.76112984404385353 0.14257811600324016 0.46983911184727739 0.00078103035532754998 0.46789829488654516
0.78063797030102466 0.52555980106826861 0.48418004693391831 0.66789216003111096 0.738724504070016 0.99743664042868474 0.41364957003458874 0.075240485705530144 0.47084442003348786 0.44723571651170752
0.99848135693305817 0.066395528134860535 0.055010120720902542 0.80744978933854661 0.39123643489771226 0.35598083095780014 0.58981264934817623 0.65882441933327196 0.70611238424333678 0.76677770569933212
0.20236607610086083 0.75065421664064214 0.28851153720946615 0.5705611714282216 0.48787264808659608 0.93858035231475245 0.71377221350990838 0.82222162522752074 0.094272026261996197 0.36011750414557803
0.63102056040135934 0.89515447606246124 0.50558549825659871 0.52838701777739883 0.56919768245704416 0.79268216584821827 0.48879419026190757 0.21166440345129717 0.32244379132588513 0.61212365886796083
0.40989844579610774 0.34468259206469459 0.51271170384458276 0.27934661848653303 0.19544766412579956 0.80481214867796214 0.20579234921337269 0.41776734178321134 0.82534836774213838 0.79040714284688574
0.86784445375145458 0.21723734987055959 0.049920925321819951 0.59054642969270621 0.041566730072516586 0.022683235407581815 0.65002485743109173 0.39042894544399326 0.41892222445727795 0.94638991828148433
0.83887303783079248 0.30778969791852734 0.90965312151767408 0.13800445877162376 0.8947722875168731 0.7086732545533494 0.57040400358602983 0.69889939718979888 0.21560913032949275 0.74309442023315864
0.43345010417705171 0.71954367198866187 0.085081876223274608 0.80943105294532436 0.061096439937367061 0.50494855271648542 0.67656427396068852 0.675034882205927 0.92606782896830875 0.87714618168420999
0.42810075287465937 0.35026704107294754 0.039901327418602126 0.1742692945057292 0.44267068761481615 0.98609862559427319 0.54125120481072209 0.54194974094830206 0.065741618887751582 0.031503456618532752
0.31136625875952001 0.085580159565878985 0.6773072300181715 0.084942287329448127 0.36115453140525061 0.5646444553015918 0.32958141238444155 0.13799989416707031 0.3597012823413564 0.34616312688645184
0.53653205865381814 0.89093699853303532 0.33048716870074174 0.20727400277383018 0.016922659701228904 0.3057155636078322 0.12135972538296962 0.86086994153992757 0.73909576815468347 0.66419306753604068
0.5366008327762134 0.30806351127898263 0.15049948528449514 0.95490150661653295 0.57749624133182531 0.24584776120673796 0.22284651129219107 0.44164110350423696 0.39710103932048818 0.25937446051913021
0.16641076695935714 0.40715712031350476 0.042777836249366305 0.39193230412805619 0.55768274010391794 0.44237142530119383 0.59855277448153743 0.26489245784187304 0.028700913141109719 0.24710595442791611
0.28791729742036137 0.049255250326940045 0.87246694707821104 0.29240784260836644 0.31103278224314995 0.15446701656918188 0.99622730151626782 0.97403249325394414 0.40813958344523532 0.50757054145271652
0.41079274379153646 0.26729067848438143 0.59258331677743903 0.78470397617696763 0.75419982831646903 0.29232359055527596 0.026482818415691823 0.52430386652070837 0.78119557587258925 0.54567590781961894
0.47860531886318053 0.17606517720688247 0.71779715591004478 0.76296286191955343 0.16112351853855372 0.4835944299536416 0.69412791966908838 0.11642447064962973 0.98502436587016395 0.12388557385508629
0.30709218631773944 0.48043989645391499 0.39945940319916434 0.40868595186213746 0.44127314284307045 0.39869490796023083 0.12594349043307468 0.48537325731186759 0.42696308070909977 0.97145722350151353
0.67512445937783128 0.54585145628186205 0.56268702253819569 0.42491574750821209 0.98698650841512592 0.16136616840973744 0.28450454810418385 0.3031101741553493 0.98136569234802751 0.24092469565513669
0.688890903465463 0.064757683177495681 0.59433274246286416 0.036841814615210008 0.50198445229032174 0.032831623883589331 0.59058612440257097 0.74194583965707217 0.48380520738736005 0.19707511499618929
0.9775841506098617 0.5555537357365754 0.22479298054383429 0.27190557018484346 0.69799688017336414 0.84818311206377717 0.069682902719443926 0.37119242000506975 0.4595878442583155 0.64270099501644851
0.42434508412337885 0.58227845726108596 0.84162856152369669 0.15632274894861958 0.1633515312824862 0.58792483593165901 0.87482489354837067 0.18025931574231374 0.89749101468632508 0.064695602489145562
0.20654050584270572 0.53451658197819074 0.12175055387572624 0.21659915366143118 0.20868479823048064 0.14989909064311863 0.41520308958527291 0.7100716383843958 0.1031267952616866 0.6327586032864061
0.16996132970419037 0.079556996777619557 0.63829764126977129 0.32641531190778766 0.20003681133918877 0.20034080364833312 0.92679140896704648 0.65101213481888454 0.89858666535868958 0.85704713075719674
0.038187372574718534 0.51777259116369168 0.40880117199214933 0.011674237847341829 0.56543554714030375 0.094532583092770725 0.44743308678109589 0.93074901244359753 0.29155575998473232 0.08317089218100697
0.70248288861355634 0.98857756556883558 0.092618427783016474 0.69758032923336843 0.36133543669011409 0.71703885714836058 0.82158354256010613 0.88729859508854136 0.50689387749916337 0.70754580277796442
0.49466728951766353 0.31924731250910549 0.69880955352585772 0.043521527773377963 0.53020750398829031 0.07968083975150457 0.39109927054118915 0.58566231335185404 0.72657040347396296 0.89299247250164404
0.65012273770559303 0.2096724302995841 0.23461790366929752 0.97158045455735331 0.71554296821310337 0.3451180904814391 0.92248418867329574 0.16689534603301365 0.82144336910888205 0.90933250668215226
0.67749942384548634 0.96215563528235759 0.51655373890413303 0.69925182726532575 0.62236401414527187 0.6077770603363436 0.45038524580481537 0.19780556697497703 0.62192956978854264 0.1159699186802982
0.68279735867105817 0.30361639330905604 0.79555742295272713 0.48502048155198091 0.037764550835296215 0.64199966162726718 0.35920458989351728 0.75339598473225244 0.53364142967478556 0.51183585581594127
0.8824430778101483 0.46190452063789073 0.32822179357217002 0.21881680762367345 0.50008964079778906 0.34257178033205754 0.18765228260773276 0.66778212176405904 0.059136936698566053 0.96378260296781548
0.85441918463981237 0.037273981815100374 0.36449063459588221 0.61734448228280969 0.27696484696685314 0.081777457434999243 0.16947597569150968 0.74415612794670416 0.63331136425517165 0.31513323650895647
0.74366562700372141 0.99213401743516849 0.32540352585351334 0.73569607387566516 0.63950991719027128 0.06750069910921401 0.16463934200476399 0.3046202241629537 0.17447823056445405 0.28543382934192757
0.13681656663198011 0.57290521145921813 0.48193697470212787 0.058112413568425378 0.38119001838572514 0.29650121350905395 0.6891691219924988 0.48663394534658028 0.72658341944211036 0.82878779646419132
0.86011761554352051 0.033097305619238557 0.19824223471177399 0.35473956167073578 0.55080424685737306 0.68025230119812452 0.32414398732872712 0.37901293691753818 0.77417890289246116 0.91968450283580183
0.31083976250925566 0.51364646959924598 0.91505964106445148 0.3410385616197345 0.074293126521513805 0.40688458127734189 0.075577615688287733 0.39636546521883015 0.76368444929535861 0.95413628297815645
0.072269191027165045 0.88313837016321606 0.29478085307413365 0.57523654657573686 0.20128697802790646 0.82629922772291653 0.82547925161657132 0.58134588983865232 0.18278489146100302 0.83136968275633716
0.81714259916790399 0.87865073025206042 0.16764055472661038 0.19536769430991124 0.82606321788776971 0.74567895032183518 0.61306679787227603 0.47223236140710284 0.19768002778847799 0.13178687366037206
0.97185427652696799 0.94631976094327563 0.36299575114627775 0.83893136292294335 0.7632777802313202 0.2680187020340587 0.56614792082759602 0.010535311081564292 0.081281079195821657 0.75643685430839402
0.36417620238479725 0.32774953636936838 0.10284889957461978 0.26336077002980235 0.17773243250030374 0.75315966702044779 0.69277695319089305 0.53059121551105659 0.66408912494913819 0.048807614992072465
0.76522088936971333 0.74230795923842985 0.97815447768245967 0.076723927171224601 0.34433372528264278 0.44765840654604855 0.11228430967489104 0.10823985008414454 0.58914677583305353 0.25106655317312093
0.12702636744979529 0.020487224093120916 0.020281291071742192 0.99415907014739913 0.051188777323701348 0.69356381105690723 0.68769151892166114 0.066072773088479295 0.16841756541831326 0.29484816420325649
0.33970279137553266 0.22252449591528661 0.18149061291990604 0.047518735433195333 0.57802220468788224 0.097402058912447728 0.88895239349192712 0.67536768969203143 0.24908703298321139 0.81433688174686591
0.42340098796657039 0.185597669175463 0.84515043455508942 0.42947169254121093 0.96467242096383166 0.12015927424484545 0.93040263878957818 0.4720132675549728 0.33556975548832874 0.18098287736279289
0.93344403268215637 0.45794249803584136 0.44264872513134074 0.4003127684211793 0.44430805474261997 0.75993554189292301 0.31865114791020271 0.071158414200509654 0.11126858788787312 0.42376148785135587
0.76470040768210035 0.17119254269469014 0.3064549899881947 0.015327476771763316 0.91544578002178401 0.3919596457958025 0.29327806331469625 0.042507668164476084 0.80211923927229467 0.15975580826391061
