15.875573290300627 4.1365799991385339 9.0785053141512151 19.510223859146798 15.213918343883881 13.164331998363771 11.7801419531856 7.5185350529440393 14.268971638179364 8.6749309839132795
5.0366488979808635 20.453318591747248 7.711330190183098 9.258935838825824 13.353397865293097 11.873034243984025 6.9364483738308182 13.028239969187698 6.6468459931078918 5.6416485407023647
17.508926548206215 7.7687518679785175 10.361255819839757 14.757070970834457 9.9993732363981813 18.011703072550642 3.9641734065371179 13.006258598368166 6.2709059972288328 4.426602218285649
18.577915699343393 12.913426242312017 13.324816334608798 15.429762728941734 16.139977755786887 18.588389015259228 1.2198481301262765 14.678014557432309 18.21703900188157 6.4577393641050342
11.328340744055398 20.778802090171826 5.8494813176230851 20.428974762990492 9.165273677421812 15.917365747013861 17.638749130671297 19.584126576727702 4.6462060238438143 14.334971191777322
10.619255444158648 10.472809434793708 7.9190886581935276 1.2593100513076134 1.3417171124991965 16.520345563146964 15.730785583911334 4.4976193469035124 19.122943845962574 20.412044085096507
4.8193128438223987 9.3657707635217431 19.709582303268785 5.7494662831439216 7.1983968837025856 11.465906734134419 3.9741514827658984 16.169123437127848 3.4671681474781844 15.083978936233539
3.0514712965130699 8.6234535226812223 12.797949731657884 3.1796479590647624 5.2777275865218733 5.6371137282727641 5.5623603543876206 17.310080626316431 5.6874196618369224 15.66937812754152
2.4002793884021769 8.0363628530384599 4.1555040838826143 7.624847219297866 2.2100400146544246 13.973099112974342 16.519880869242446 3.026458532807407 15.634915183154774 15.376726714786786
19.025168424492136 16.674728077225243 18.136755965771378 7.2957022198630952 10.658922022399587 14.483816632207869 20.178806538771486 10.603565043521517 13.211281041430105 14.469892062748755
2.4792668372298792 10.604811744819603 16.194218340984115 19.820072670633927 9.6157885056025165 10.978237486940573 20.465991959062944 14.311095766176852 11.117394037518348 20.022821722166508
15.447442180202007 19.956394497776181 0.65498576718190238 4.5661851487320506 14.403949177101314 2.8382373724560992 9.7100763170115538 7.1709366352951722 13.603238580825277 7.9062174529378195
8.5747063606419403 14.562682287085673 18.224119928725774 5.108464753923089 17.614350758606815 20.881412163080025 15.76818022330175 15.203586972294804 7.2442573287521048 5.8447957325193327
19.286904688054605 1.2989820393762261 12.044082678369147 17.993565519250495 1.3077099702944937 17.639778047565667 8.6698625011108348 5.9989143855667582 9.1992721136022766 12.08136425882612
0.91848866389684802 17.111746317903414 6.885750821631996 10.81786770235785 6.7602052102627512 9.9113523560584369 18.758835858680506 15.076243731958153 8.7399765413397645 1.4422487213567261
12.161122564975368 16.865100173254408 15.861298297724963 7.6645853429304553 18.29418072942202 14.266777264303165 19.744821305894195 6.1233802267395889 15.556522219453836 17.894223387433339
13.900465971050856 5.2842755881147552 4.7307945585545728 4.1935298900101401 7.7280678202150463 14.708861593385897 11.919153690178023 5.2380797180403071 10.893985295421313 12.638187364208848
4.5480472201440634 11.681770187623568 5.9804766526151578 15.940169394150862 7.7594616731477437 1.7938820069376638 14.773087810158225 8.8213202735730452 12.816930174909093 14.55783170593333
3.8802711572658186 6.2317569387678997 10.753566935094998 10.62310129868791 11.708120204784414 8.578709794907283 19.284919496474622 10.524285284937424 10.571276290835071 12.610404234482917
11.590500760827343 3.1056959705228522 20.368199526571075 10.533464682946356 8.4285460483754946 14.993119705909029 10.832412245719947 11.002118850018682 9.3559646701598673 9.6077500913149461
