18.256066686177519 18.954741052340804 17.251284464882403 4.9190503419137297 19.113518676287285 5.7086810361145925 20.478491950737482 17.531270597155196 5.7571142693748305 4.2816992167012078 16.244933745058233 21.100580180040279 2.5170880809621745 15.789907440067362 13.967917677484886 14.705984968416956 8.7945232134847906 11.214471549380592 5.2080237678505403 12.705740273501512 7.158825790908347 17.465678660572792 10.816856324687965 9.0112021579141608 13.197689255170394 18.242858717833077 17.494265904963697 17.004662595274706 9.168297742795259 4.16480794523613
15.065562725771274 18.763917041392588 13.305515663341582 10.979437659390415 14.392220990709651 17.065229055766494 18.325965197070236 11.95109868938969 14.001067482385668 7.9716207895810651 7.4675201757881098 10.871998884103606 17.573909588021518 12.476802958164209 20.428746296808363 12.980044650754266 8.671379725194587 15.804372504066125 3.6515543890225319 11.752735945913779 17.181144767690441 13.250525425776758 7.2947965663800067 10.452395052202817 9.6484476835776523 18.782896065860289 9.9323444746328615 5.9335481598120872 21.215303276427374 12.297414396987412
12.135199015485773 3.4484502481227923 14.414191635121643 15.428336751368242 5.7489628616888755 9.9069515609213585 12.455460823508673 3.7387732836792447 1.4174132495049674 3.0957840018652427 16.021816006407914 4.8148498785377596 5.032279366847332 2.7794382527484873 15.570542249838995 13.889792725978378 3.1555385721456406 13.674830669456099 3.0594107606867955 19.496735212869236 8.6464032919307989 7.545412455361121 5.3404470988070774 13.721495662595141 5.5389443382450718 4.5293998458221711 8.4589183666924885 17.241652625027356 1.7332743936153354 1.95864394348288
6.2803662922649686 18.075103393470616 12.782833606157194 19.901839897801182 1.5730207121268522 19.278265645535626 1.0174197678881762 2.6513138346094212 9.3351605096308621 11.880477436211132 14.34118366483583 17.447465031895401 8.038289537741715 8.6006763443766783 3.4907742927880143 11.341743691324833 16.904756895986914 8.1652168981256263 17.416468575815898 2.0818522941174802 9.3065564217112851 18.314121218596323 18.061058400292705 5.8852009562922269 9.130512348701501 2.1561929342292974 0.82709853377837073 3.3430018414692295 5.1824134589336284 8.225942901167052
11.565417573997813 7.9830908613725811 19.75754428624078 13.237488826737202 11.237664910222113 4.3974706533693082 13.219031904021129 19.904356941531539 10.42060130241487 3.651308946956493 5.5071380079501786 10.529348351667112 15.684385161532321 12.425900274560153 9.8730017568389954 8.3528203878673519 13.901349152139897 4.8844620989166314 6.249388142755131 20.74817863126307 15.427086490443088 12.389558717066702 19.912801116514068 14.423307681885838 2.5217053559441722 16.959592137962442 14.647739597996253 5.845221897570795 4.6763256669426383 4.7616027331008635
7.4844726014989931 11.688085168859581 5.5884279967811796 6.4148695162741207 1.1677051637954139 15.391780711992048 16.276959166241525 11.794423502328984 7.741174270076236 10.064766174930982 9.3334713711807691 20.169478626520576 13.944041235621238 19.208120748521345 4.7614587194795455 14.651350980531198 1.6863289341740948 5.732167920732576 13.750928763612855 15.697379661909805 20.253502669920071 18.765365709937051 11.364182268717709 2.2364037292796639 19.681991105763238 8.0246606153655424 7.0866013805060311 14.516893386532217 13.536983419258299 13.279966162039646
16.362308445940926 9.4382272676881875 11.398646581115978 4.5437321580008438 6.9859951182289874 12.578452281280258 13.405309996876333 20.921333846313789 19.665119794772057 15.132876887932612 5.7847495384687706 3.3241268975246552 16.649788964303202 15.128033353689155 17.870735756345688 13.058787744103538 10.842178347408334 11.53902335639712 18.557389456919321 20.812071890955291 16.858616190349277 18.372149939260272 13.123211590549438 19.111468185305565 12.513469955373496 20.640947406335229 15.096852107109866 6.9196130999428043 3.9583184812471597 5.4145479753643402
20.242979811940032 7.8260112962640687 5.7405811382202039 18.591673266339544 6.7728591525360073 11.973644538193328 4.8694440824754546 16.459745757739931 12.095384295170334 7.5510858725358387 4.4867704039272347 18.583359648472808 14.106872550223493 8.5448519710144932 20.690125976441077 6.4347896612975619 1.2981823895692219 3.3829853830566186 6.9566139104896108 2.6881024860913647 8.9950510569479789 17.25689512130592 8.0980491355749855 7.1413685302651162 13.468158398824691 11.102163511551776 4.255402957839137 14.274224488519197 16.061983038265225 13.819515632046004
5.6742334802801508 8.8341248549181675 14.388232241799248 7.3127536741167471 3.7075233541590253 3.9878001908906828 3.6815192365103586 3.3698497293986884 1.5496614972012708 7.811475792147009 1.9102285201339269 14.035177022397518 8.0296752199305494 9.6596042112054565 16.062076550542976 20.449210553500023 5.7777455922445098 20.804836586193638 16.602762860656892 14.987386040877599 2.2214367871749845 2.0042362318876679 19.492080887059213 18.38029848233268 17.673014003699684 20.337285455462883 13.823965233767693 12.127816974962728 8.3569823259828109 11.574000154310315
5.3423626709721255 5.0019033208046935 17.8424781441215 8.6651805081701188 5.79636600077382 14.59284510192216 19.751665017043962 9.2011012364963616 7.4922712968998981 8.387152990858592 8.5811713804127727 16.644122110658941 19.988194707718751 7.485148954114587 11.35129521248596 0.6163502090654176 13.911964081718031 11.257172990209485 17.776672199785455 13.734500231856458 4.8767622271223914 11.457574401189961 9.3781969138674679 9.4195829647118074 8.4939095916128533 13.872514434560399 20.402894380539628 6.128237730471235 19.236985687948149 14.440866241020377
8.879042499666788 8.0393253742017805 9.4752365496083168 1.2337570415468844 20.332254097005343 5.9799878848515 8.9409989144020638 11.538492533487837 5.1382279622490525 14.97461176224161 7.8406971188349006 19.602572320220258 3.2875350868621873 13.459059109528377 5.1576945215674099 2.5807188250536379 7.9884185578123343 7.1120642569333663 6.3208441567098568 16.319561568877962 5.9138100990122551 9.7412680565767324 1.5316938397647233 14.437896362111072 5.8747833486219836 18.595842618271433 13.176352556470045 10.811543785769318 4.9454162635754102 15.205105220577497
6.5833769626521796 8.17333956201694 17.454790142624983 5.4778013446953713 16.868366063897628 13.805993655542427 15.684840604801881 2.266104589630916 4.5907076393664124 18.855842479153445 14.30741767313304 12.661367134901953 6.7882549398297911 15.242546223272061 5.2523210984522253 3.2273396828863001 13.051411426243476 0.74455349268077153 5.6060997202446563 9.4014705547968962 1.3163195310201923 19.572366233625505 7.8390233655919559 8.1691393927718998 3.8179414932492604 4.8508101764477898 11.831176042448856 6.5269075827512237 12.398327599993692 8.6808763936881501
5.6638330162596606 9.82866730453358 15.689808199356964 7.6328313998857285 6.3317469440489393 2.2076134673429819 13.178267943425478 16.460690316572222 5.7879546468946161 2.3639334581737512 12.736566231641554 5.5672002951792727 8.0104059255929432 8.6540066055696876 11.979385115326522 14.860641407120525 2.8250633243540793 17.733644310243211 13.48480584541584 16.586491422672591 18.711930994841858 17.89232997777701 5.9898112146983671 14.353045860589654 19.844037717943223 16.771121372307402 2.7386153879576058 10.040847190996459 15.407278230788631 19.540104242180373
10.320600577048797 15.832489000203744 7.431256183180464 16.684203747854795 2.505717233246989 16.591068663891878 2.59634689579282 10.69328215600914 3.1558097389333071 10.817368855259803 12.185983838090275 1.4308982790967499 3.0288556007577432 0.89856484883679033 4.5347707652364493 14.464355443598977 1.3244663240691692 16.296617589848086 20.101066541335872 8.4754194165961749 6.0631490856240413 3.9295756262577077 16.947463941999608 1.8351416740215476 15.111140597831982 8.9066162619442188 7.5793475456946453 18.314784975877132 19.868205231210311 18.450014434900982
12.967535827248009 11.815671529691272 10.11535778165365 4.508810879349558 11.238600808887748 10.114028085516457 8.4872125089350323 6.0320781072081591 17.790754447249029 1.8584150766636591 9.1524829594638284 9.4986040171380779 19.499417413561684 1.2766314469876923 15.396827283844326 12.987015136867457 1.1067196942708368 7.5187554218714672 3.0066231724440451 7.1253471799772932 15.260114143268302 1.9589249897208894 2.7943189734146516 12.415159719179639 4.1754057149035155 15.50897956185487 1.3613184617097216 3.1105710770268709 15.74710599340308 10.464010777255131
19.23322073781226 15.048813113786069 9.1193196637410914 13.523084194254441 0.32236421622089884 2.6319259017951073 6.3406320497973505 16.994341481810459 11.532707094297534 1.9346513546224378 17.737347970413609 13.824038184853158 8.9482111472018051 3.7976452993269563 18.757793988726004 18.602920860000232 14.845636997740224 7.7579382952554319 9.2160269053240782 18.778308749251014 16.243062836508432 3.5572309331092677 3.4280502651196736 14.380427145140025 8.847560487523916 11.205843396319395 1.6565799968703789 19.82987342691489 15.114766771744542 7.9270045575628627
2.132377743703167 9.0165673059229654 14.478017804377396 3.1835597335308701 6.6313203757201942 21.40377584531743 20.724389199993414 21.026512995774205 2.910955241009562 10.578171028479044 6.8849082152367913 8.2621363184015379 12.148119654130817 20.322389938418301 12.183164673784443 6.6933320901928495 8.2661675483167389 15.311125811328866 6.135607756928807 2.2474915075020676 6.8091832771770431 4.9087444064131809 18.579681176217591 16.898919379975087 20.611675284303058 14.414213336860767 4.634927363452773 10.627053386005098 8.324629209600225 11.387103408546594
17.95755290992803 2.1814462041985045 1.7890841241563531 19.594984149831717 14.591822265683476 4.8642223515672498 14.826936900161265 20.355067992244262 7.3913350679167289 3.1361107825738146 17.467083107775501 18.767937169796006 19.56420309960053 3.1945734164848503 13.324249016918708 7.5192243106832226 8.7969776793990135 4.6734028724065073 16.490531720360302 17.090602003152206 5.5487096271869527 2.3015872154927859 3.5064237992029383 6.4372868211708445 3.5598985085590082 15.116814859367247 16.589295604430809 10.817476879084069 4.9330911935255468 16.045000862474218
20.79934187944615 5.1715578826031585 18.869507682044738 12.557378581146827 3.5163315687374475 12.140006741716629 4.5372482978388309 16.164544832394117 9.790857988913201 16.557012867143388 9.2809091861525896 6.718708407697374 8.1071991949244051 20.838150823482568 18.53459492398914 13.025844809452677 10.398071383769064 20.957938881345864 8.0719464890561117 2.2403598640523232 16.435233053132428 19.019062957671032 16.872826123318518 12.068558334373847 14.795326642395743 14.41832331015304 7.945829675127337 5.7859158315826011 18.537078071311399 14.677774806352119
10.663363820230629 17.727758075947733 7.897795982183081 16.10965230860182 3.0187019558777566 16.807045471435263 5.7581241158949572 3.8777837884087747 18.433049019220306 12.074395726328961 20.581236061167782 12.286061064664432 14.306615269814387 18.672878397898163 16.712446152716772 6.9567944016118455 15.056905765174216 21.054498852333321 17.305074723863122 16.916310268571799 19.413496086991355 1.5667893715630241 12.116799445952084 6.6278307799359313 1.5870158524381015 15.457721411343458 12.037789949108275 15.403486514120386 5.3433035226304311 7.2099555922305205
