0.7486034314736707 0.15337198876724573 0.36978290205893544 0.90219475445228015 0.70539459626496603 0.60822965664017403 0.49104357821727312 0.30588704097612368 0.64181519107258034 0.34569473957182179
0.19977322725466123 0.9091983107290138 0.30198428874978195 0.36675252800993591 0.6053820502262085 0.4946036177546706 0.21620081263621266 0.53784227219255376 0.24841439359390288 0.16966692365211605
0.84773763469050012 0.35269024681774191 0.44195485128321216 0.69920607532760537 0.47407701207180836 0.83273978705011509 0.12900707150965168 0.59196007087584701 0.25041886210629133 0.13490556666596726
0.92775235438524417 0.61287292017316852 0.6525103161472724 0.747045546438592 0.79874886477386919 0.89310739484591972 0.0041990075545654147 0.71442866661812465 0.86996394567783397 0.29041823494140978
0.55432334034552655 0.98406236572292571 0.2387483972473608 0.95599270236884037 0.41213276010544148 0.73982914885636186 0.79292403953294111 0.92750413866424275 0.17263640572933853 0.64015615080958488
0.48970643649694306 0.50263034688923303 0.37418032294361764 0.050246570161494183 0.044911356317086024 0.78780578472325691 0.74971042151420542 0.20786763066859021 0.92673767585127975 0.98675523554987543
0.16328316085235123 0.36400052237219221 0.86555220443764025 0.18081860827336854 0.2735820555796829 0.44809386691946923 0.10045942277850643 0.68768603024108721 0.099145075213063524 0.64697608238063786
0.09185110124497646 0.36666629494621644 0.55112087061990367 0.099141828496844872 0.19548430913865517 0.18619878335407342 0.22596652459337147 0.77778160488594172 0.24654932216776221 0.73884315318727656
0.019594630857280238 0.31101381699808733 0.14510586455344748 0.28093630929097407 0.028421009629573325 0.58873368349909538 0.79293193616856594 0.054526220867466876 0.72193893187136904 0.72841840829253812
0.93225305366181022 0.82093247285323967 0.89445624481143826 0.34743244662248379 0.52062571020802695 0.70329337441830342 0.98671125700850093 0.52052283606781546 0.63404736869115719 0.6996335677793174
0.096725568784808577 0.4792677030276114 0.76988479204654381 0.94758957968437652 0.45516195276844679 0.50442725352319451 0.98904027065439126 0.65533684514373947 0.54568072209154672 0.95349046343270738
0.77237210901010034 0.9978197248888091 0.032749288359095116 0.22830925743660252 0.7201974588550657 0.14191186862280497 0.48550381585057772 0.3585468317647586 0.68016192904126382 0.39531087264689097
0.40799556522121555 0.69272093506429067 0.83258828109073046 0.21823651182999398 0.83825506157010798 0.99989001250743648 0.73032470811790984 0.6871528296180559 0.32355987972030481 0.21598424152140444
0.95646675042727136 0.047728711594931458 0.56254399120327425 0.89132300481161097 0.051940518069575267 0.86055753310545635 0.42788808071388212 0.26839494971279371 0.45505992352760799 0.5750658492587124
0.0122282795039526 0.79154869425942276 0.30519770276115038 0.50357965182565478 0.28656353372500581 0.44721738432255825 0.9239825179396135 0.69840294018064686 0.39995437867143752 0.045208640984377532
0.59800554235894876 0.8410612743534075 0.77359487452248099 0.37407709314537158 0.90771113914406321 0.69989517199279894 0.97733230703875495 0.29606763166887567 0.76945893881945548 0.88578187181431256
0.66426482405709852 0.20570227458978713 0.1964562575040894 0.18179670593347813 0.34953958730764906 0.67657771495837393 0.53380552025749228 0.22181395631492756 0.48520422119789791 0.569935177997973
0.17988675009059124 0.53768051649765825 0.26542948669307914 0.73907536824053255 0.32912365236117208 0.03863682262556993 0.70220876589286751 0.40340809363401137 0.5980372050406273 0.7015375283070916
0.1159192372842414 0.24112007226203397 0.47358335742401975 0.458746166815659 0.50063324415678834 0.32219415947714719 0.87674074786962841 0.45184392749135821 0.47333397531106897 0.57567158799885354
0.49490256409299355 0.10802203438879869 0.95872748162696686 0.45066371551362178 0.3445846210735361 0.66198302564224409 0.48791880608839283 0.49740370894049885 0.4120093095307526 0.43968901963816304
