0.80753209546096061 0.90126775809352622 0.80572516294904895 0.13609122331249451 0.90993656025345715 0.20929155113615611 0.96574582006237664 0.78762164714426086 0.21079582572914862 0.14778754801185418 0.71697733781705508 0.96197204745270515 0.021868672164626447 0.7081624481122184 0.59284096418407528 0.68721202027083772 0.36745003098407242 0.47261170837582805 0.16311558803531928 0.5587559096750202 0.27914673083897906 0.82300841339621045 0.47542813636138487 0.39960444284759583 0.61731580993462121 0.81677140002905091 0.79019018785056561 0.78202718031491569 0.38859791594222498 0.118639736805264
0.63958079151430081 0.86450446816355486 0.55986712781758763 0.47453415509860869 0.6310662850013784 0.75759449218149733 0.7927262547120616 0.44241598145314259 0.58625312730010715 0.32984282102643686 0.29476136204100317 0.4503084473918158 0.71737909883955331 0.52988955482447053 0.88076795640823957 0.54092913877481141 0.35842010704941213 0.69424220871929254 0.0707180286701206 0.45376164303485894 0.75287026116968803 0.59947600115671529 0.25286200298851064 0.37722591529820054 0.39004311179473133 0.77094995583577641 0.39356458462672267 0.22503323746271281 0.9933615215978856 0.5228383840474603
0.53638616147129836 0.10248574434600259 0.6660488206041798 0.69101976436177792 0.26371393842914209 0.42956741040639018 0.59818107834300993 0.14192361765988787 0.0029201183010322705 0.094441718227364066 0.75076925656589644 0.15125381941026211 0.17542876626972098 0.059463601980208433 0.66909326437297467 0.62473473169944238 0.11053709161325868 0.58590385779916343 0.061687968567661053 0.90215512638705997 0.371086959125491 0.3416242847396595 0.181144323728539 0.61809266250998041 0.20948588309401445 0.12463155158747512 0.35693368562665412 0.77922888094654919 0.02933040408388159 0.031637221778841249
0.29006458313101507 0.87499951096465411 0.60098109467299154 0.97975457998982107 0.059635309081077656 0.9481776650614635 0.036352898400240516 0.12085535565202336 0.44474474554376503 0.57751514249011759 0.70598778908289839 0.8347230022697556 0.3646412725612887 0.41072904927501114 0.12552075504764454 0.51136313964013291 0.83527348952915492 0.35805475937074943 0.8341540872626102 0.06726241023947592 0.44630239706681957 0.91419038429176958 0.86195519200783766 0.24302325228567506 0.41596136353151153 0.048109144462702022 0.012393369934955035 0.14020895823355023 0.22504903736691267 0.37610200535050581
0.51506061905038591 0.34918586966840631 0.91853833553231079 0.62630327691631715 0.50203071489346329 0.17300319810991788 0.62032544973497816 0.94306702380263163 0.48611187575791809 0.11544087721292377 0.2427421055965942 0.45391540269007918 0.74426134151728418 0.54650658843126021 0.42131531192556942 0.35950561305529777 0.65390891663658401 0.16188318379875094 0.26895282488457445 0.97891121588772279 0.72317184730832262 0.56466425388679753 0.94342610159895801 0.6489940987051509 0.065548668010206909 0.75280745050265196 0.67254243554366999 0.24557744003451915 0.16736937786202105 0.16369123995083407
0.36871696938493209 0.56505516149373336 0.23871450901592001 0.30965672257828786 0.041847437998627043 0.71821161854343429 0.75965329716137997 0.54277972675036057 0.37754750666481968 0.47769887645307635 0.44810548199828087 0.9819946694236823 0.659963036409145 0.91729702830953774 0.2074692426141716 0.72150001394455066 0.058151222645074704 0.24965645136596143 0.66329287634904011 0.77206130076458923 0.9990294691825462 0.92317562747708581 0.5257530434637655 0.071755654504287267 0.9390467442599767 0.36410693330689864 0.33100425181654808 0.70176945020999681 0.64881390299137964 0.63258185040866999
0.70115902281608544 0.3515992020328968 0.47618963829241229 0.113274534621211 0.25448154426492336 0.51803728512086167 0.58164067822199572 0.92811343029258742 0.91131511991614023 0.67547997770750923 0.20480937436182983 0.059842507508539075 0.74828660657916946 0.67965405058779937 0.77303742590201019 0.55608106203257579 0.50471182621330279 0.46236448861740614 0.83974779092494523 0.94349454821912904 0.7399986262490047 0.80503016039159525 0.58274425932396412 0.87525655728197405 0.50753236333563934 0.90010946126029845 0.6865732923654998 0.2290795634636103 0.040695049007444403 0.12047854988026556
0.93677869743657849 0.33907496297141343 0.20227219550540826 0.88495730192604183 0.28920160135804635 0.54942046566618274 0.15874263986129183 0.74113080312703672 0.54280612740502088 0.34080382118531999 0.15362636226274479 0.89534708474109637 0.64138152004031734 0.37600898709709368 0.94227323207748603 0.23521491482353235 0.031255272612604787 0.091387604517900997 0.28663573754761457 0.023582589409010857 0.36308407758068889 0.77999116850401173 0.35853379504365396 0.26176530144227866 0.60507368264675221 0.46672420524524166 0.15649556588885954 0.64897176576517157 0.76264355699637676 0.64762372469865925
0.21693579596241713 0.37012652412542929 0.62369261515699081 0.26237217736670698 0.14217259390401399 0.1161907624546165 0.11892365701496392 0.12058434937532685 0.031673296680079385 0.3506035696830429 0.015752770489060142 0.63596421144908344 0.34078587461773041 0.43551718635732134 0.73421412119251561 0.94840635123764072 0.22157561412606624 0.97666225890113423 0.78226970956045494 0.66599731157839959 0.037242471045345768 0.015456461173093784 0.89714166468333767 0.85252671690360182 0.84513333599686413 0.97079924639255588 0.64617355384999997 0.55110685402408133 0.37988754384475393 0.54476646783448113
0.24565018941464395 0.22857932820548504 0.87702977771632173 0.42145481653561095 0.27290310270221513 0.71452941968114358 0.95878663135066111 0.43548949906844098 0.36402745541411957 0.4091768299539828 0.40767088159899217 0.79888955578177123 0.98382845123445517 0.34960613794696155 0.55283988619550151 0.0083156855107985768 0.68738829379056732 0.55141322537363702 0.87194973665969155 0.6626385856335687 0.22322305957002303 0.54681923628729845 0.45337362723445046 0.46274754011682434 0.40082962876126299 0.6729033787677291 0.99983633987374587 0.28197201743732975 0.94538511542457604 0.70645287029346338
0.39923224295748166 0.37602045743037155 0.42136314687963555 0.033429044623723689 0.98817826679411103 0.27399704976861433 0.40247562417273258 0.5076098025386786 0.20588804609706141 0.72039531191166339 0.37539761966075696 0.96043415373031538 0.1091148811541555 0.62777491742153235 0.2142562138901079 0.095466247264952828 0.35626375001571892 0.33299842924225426 0.2759579082108668 0.74473159501156339 0.24153824208651592 0.43675266608792679 0.01945760361452924 0.66583691522659472 0.27326969807878726 0.86883547293075969 0.60851373455192515 0.52297269149403003 0.23935082398732405 0.74965903377705989
0.32916884813260899 0.40866697810084701 0.87273950713124915 0.27389006723476855 0.84341830319488142 0.69029968277712128 0.78424203024009409 0.1133052294815458 0.22953538196832063 0.94279212395767231 0.71537088365665202 0.63306835674509765 0.33941274699148954 0.76212731116360311 0.26261605492261125 0.161366984144315 0.65257057131217377 0.037227674634038574 0.2803049860122328 0.47007352773984484 0.065815976551009611 0.97861831168127522 0.39195116827959781 0.40845696963859496 0.19089707466246303 0.24254050882238948 0.59155880212244283 0.32634537913756118 0.61991637999968463 0.43404381968440747
0.17953303635083989 0.45031591628710871 0.71925292733003332 0.31309427632010706 0.29325988502736994 0.039709809908163904 0.62742898872787256 0.73599384659711498 0.21180397956704938 0.040594311559037297 0.5949056591628219 0.22981248920349345 0.33234014581733268 0.34369579515795551 0.49609505780869451 0.68668844207280422 0.093400207428424073 0.81042904426272644 0.61089476692428846 0.78818958882939216 0.85470311194225568 0.80398148571899042 0.22578055156553872 0.65428731352304725 0.9256171769292596 0.75762441435046868 0.087270137096208164 0.45521400019661257 0.70046492501056323 0.9163849738744213
0.48468500824333577 0.7753367020795966 0.34933052062929343 0.82869712109450544 0.11354872215257532 0.80654173231329906 0.10305878597258149 0.49238524493407504 0.11708458278962623 0.5108806734863397 0.59928558354326911 0.068530549468492283 0.1177684161309666 0.014276328282530826 0.19170880624213843 0.69749780236614844 0.04371703962160671 0.79306688266248915 0.96688683328602343 0.38072820165627214 0.26902433626866967 0.15954497952366814 0.82120079732790607 0.051948952832707548 0.7316099838224841 0.40425831855241462 0.34841437781370804 0.90487134428182492 0.99049997465294326 0.91571465495922588
0.59601681731138223 0.52287876497446217 0.46122495559423776 0.16483278037106758 0.52589899178981858 0.4377439988257868 0.38329024077911783 0.26586380868383502 0.84216923826198431 0.057683146114906367 0.42387280899558993 0.41886461505191303 0.92177304129213944 0.022621216451228655 0.70997056950802251 0.60738225187702355 0.017331869111412868 0.3327267577553224 0.12197065543700573 0.33268687628056753 0.71053491851240369 0.034675802408703424 0.10087984399823939 0.59272495505093259 0.17044107390877056 0.73023847108369166 0.046581836727128387 0.13110340725031461 0.72254505672142999 0.47886479919418584
0.95237924705367527 0.73564779015989434 0.44955499738601873 0.66088514495278239 0.014077313751304544 0.11517965989187799 0.31278683802332546 0.84707409300259617 0.5583662631197539 0.084734632012649122 0.86771605694510645 0.67994877737562875 0.43333974715793716 0.17170582449147725 0.92250556219734459 0.924734824690707 0.72771223079014291 0.3677875930619135 0.44374910705243303 0.92356299842905842 0.79353391639550375 0.17748309259918676 0.1597818505528103 0.71364464188459165 0.4418695147363913 0.54576514138797139 0.071594558705339414 0.9776950291058697 0.75112540022735141 0.38954661331435742
0.042237415647411278 0.39144602195037087 0.67181297939700646 0.11304247761067081 0.30487726016923472 0.99819805861903832 0.97439222250549473 0.99525349799099005 0.096033533329144258 0.47552209626682446 0.30352258200975973 0.34953335506621303 0.54506332982468364 0.93327320869649755 0.54586745915114121 0.27079300795970335 0.38446268240479947 0.70356536340099685 0.2664549695368284 0.063274352042308288 0.25230842345636212 0.16419625018166234 0.87736820439655627 0.81457540040544785 0.96177434240192405 0.66134756941717676 0.19450986190969716 0.48799296438804524 0.33194675245213329 0.5071559726282806
0.83443613856961063 0.032733151213945641 0.025767112435955353 0.95295593998944794 0.66156197334805023 0.20058356554313422 0.66084151329410201 0.96178116081436704 0.33531929558228307 0.13508184508478954 0.82648225611337534 0.87205511872880581 0.94440672963419725 0.10456244919518769 0.60187085498436732 0.3231776346707696 0.40530968877708456 0.18208655579862715 0.80954348039790314 0.80756049192879986 0.23437174108433861 0.050839806858592504 0.14105737217624364 0.28631177050352657 0.13214631242444935 0.68464003069059309 0.77221932431034868 0.49432118477361392 0.18539962960753748 0.77288846923954668
0.98838438693608943 0.18605998112659577 0.83851283196559068 0.5882402881131964 0.10862273781998404 0.56649633437655744 0.12074865124323646 0.69378411621136893 0.45640967753017908 0.80496482480837583 0.39627106268858286 0.2700718475431913 0.35401419060725553 0.96129039274683548 0.85661363817755232 0.57788638597889075 0.4747117512928542 0.9698354264081962 0.35449299785193805 0.026942028125811302 0.74509135066767718 0.86455037092057441 0.76738239828999166 0.51910607146275611 0.64694404711788966 0.61853194677519452 0.34234360633280864 0.22090378184479992 0.8667063727635963 0.66823149337104115
0.45704615034687873 0.82690027229074337 0.31568441343405912 0.75186654627271854 0.10049615007404215 0.8083742522352122 0.20901714999424509 0.13014346940600902 0.89959136444315235 0.59079233947042864 0.94303438182371346 0.55411732968825145 0.69286309517188993 0.89502911528856643 0.75753284926697217 0.26645469682065265 0.71742502655511275 0.99020643980627276 0.83967208559133033 0.75597199268279802 0.9168323625815169 0.018635518853921052 0.5722149764508373 0.26475573199160801 0.025039607378530993 0.71532781237663079 0.55319697641393717 0.6794612274726215 0.22714646164238211 0.33501791135664466
